MAC; alternativas; MasProb; Elección; MaxProb; ElecProb; %linkOK; %linkNO; %DistOK; %DistNO
4; 18; 0; 0; 0,999997225824575; 0,999997225824575; 1; 0; 1; 0
21; 2; 0; 0; 1; 1; 1; 0; 1; 0
32; 20; 0; 0; 1; 1; 1; 0; 1; 0
37; 2; 0; 0; 1; 1; 1; 0; 1; 0
40; 24; 0; 0; 0,999983562989466; 0,999983562989466; 1; 0; 1; 0
47; 10; 0; 0; 1; 1; 1; 0; 1; 0
54; 2; 0; 0; 1; 1; 1; 0; 1; 0
64; 3; 0; 0; 1; 1; 1; 0; 1; 0
68; 21; 0; 0; 1; 1; 1; 0; 1; 0
70; 2; 1; 1; 0,996380341245414; 0,996380341245414; 0; 0; 0,500369451615935; 0,499630548384065
71; 10; 0; 0; 1; 1; 1; 0; 1; 0
74; 21; 0; 0; 1; 1; 1; 0; 1; 0
77; 2; 0; 1; 0,947795699073548; 0,0522043009264516; 0; 0; 0,500369451615935; 0,499630548384065
106; 2; 0; 0; 1; 1; 1; 0; 1; 0
109; 20; 0; 0; 1; 1; 1; 0; 1; 0
113; 40; 0; 0; 1; 1; 1; 0; 1; 0
128; 20; 0; 0; 0,999992930873329; 0,999992930873329; 1; 0; 1; 0
158; 22; 2; 2; 0,997484490936841; 0,997484490936841; 0; 1; 0; 1
176; 130; 0; 0; 1; 1; 1; 0; 1; 0
191; 19; 0; 0; 1; 1; 1; 0; 1; 0
198; 3; 0; 0; 1; 1; 1; 0; 1; 0
231; 2; 0; 0; 1; 1; 1; 0; 1; 0
235; 18; 0; 0; 1; 1; 1; 0; 1; 0
244; 2; 0; 0; 1; 1; 1; 0; 1; 0
273; 21; 0; 0; 1; 1; 1; 0; 1; 0
277; 19; 0; 0; 1; 1; 1; 0; 1; 0
281; 10; 0; 0; 1; 1; 1; 0; 1; 0
302; 18; 0; 0; 1; 1; 1; 0; 1; 0
304; 10; 7; 0; 0,149438819575583; 0,103409840777053; 1; 0; 1; 0
321; 40; 0; 0; 1; 1; 1; 0; 1; 0
332; 2; 0; 0; 1; 1; 1; 0; 1; 0
340; 2; 1; 1; 0,999887965045691; 0,999887965045691; 0; 0; 0,334786093832472; 0,665213906167529
341; 21; 0; 0; 1; 1; 1; 0; 1; 0
352; 21; 0; 0; 1; 1; 1; 0; 1; 0
358; 18; 0; 0; 1; 1; 1; 0; 1; 0
362; 3; 0; 0; 1; 1; 1; 0; 1; 0
363; 150; 0; 0; 1; 1; 1; 0; 1; 0
365; 13; 0; 0; 1; 1; 1; 0; 1; 0
371; 2; 0; 0; 1; 1; 1; 0; 1; 0
377; 6; 0; 0; 1; 1; 1; 0; 1; 0
379; 3; 0; 0; 0,931337019385398; 0,931337019385398; 1; 0; 1; 0
380; 3; 0; 0; 0,502864611063801; 0,502864611063801; 1; 0; 1; 0
386; 38; 0; 0; 0,99991313319707; 0,99991313319707; 1; 0; 1; 0
402; 4; 0; 2; 0,996029026916935; 0,00397097308306457; 0; 0; 0,555751978789724; 0,444248021210276
412; 2; 0; 0; 1; 1; 1; 0; 1; 0
416; 306; 0; 0; 0,999646987118983; 0,999646987118983; 1; 0; 1; 0
447; 10; 0; 0; 1; 1; 1; 0; 1; 0
454; 21; 0; 0; 1; 1; 1; 0; 1; 0
468; 10; 0; 0; 1; 1; 1; 0; 1; 0
473; 2; 1; 0; 0,997248629799317; 0,00275137020068333; 1; 0; 1; 0
477; 200; 0; 0; 0,999853826759154; 0,999853826759154; 1; 0; 1; 0
495; 17; 0; 0; 1; 1; 1; 0; 1; 0
498; 3; 0; 0; 1; 1; 1; 0; 1; 0
503; 2; 1; 1; 0,86044985375431; 0,86044985375431; 0; 0; 0,167778740196937; 0,832221259803063
528; 10; 0; 0; 0,999999990284156; 0,999999990284156; 1; 0; 1; 0
537; 10; 0; 0; 1; 1; 1; 0; 1; 0
543; 2; 0; 0; 1; 1; 1; 0; 1; 0
546; 20; 0; 0; 0,99983605906373; 0,99983605906373; 1; 0; 1; 0
555; 10; 0; 0; 1; 1; 1; 0; 1; 0
556; 19; 0; 0; 1; 1; 1; 0; 1; 0
570; 18; 0; 0; 1; 1; 1; 0; 1; 0
591; 2; 1; 1; 1; 1; 0; 1; 0; 1
615; 4; 0; 0; 1; 1; 1; 0; 1; 0
616; 2; 0; 0; 1; 1; 1; 0; 1; 0
620; 340; 0; 0; 1; 1; 1; 0; 1; 0
621; 2; 0; 0; 1; 1; 1; 0; 1; 0
630; 40; 0; 0; 1; 1; 1; 0; 1; 0
647; 10; 0; 0; 1; 1; 1; 0; 1; 0
652; 26; 5; 3; 0,55186510564668; 0,00393608605739692; 0; 0; 0,3340232507444; 0,6659767492556
671; 17; 0; 0; 1; 1; 1; 0; 1; 0
673; 13; 2; 0; 0,662485807517121; 0,0811482118705415; 1; 0; 1; 0
679; 2; 1; 0; 0,721615209965226; 0,278384790034774; 1; 0; 1; 0
689; 2; 0; 0; 1; 1; 1; 0; 1; 0
692; 10; 0; 0; 1; 1; 1; 0; 1; 0
718; 10; 0; 0; 1; 1; 1; 0; 1; 0
730; 14; 0; 0; 1; 1; 1; 0; 1; 0
731; 2; 0; 0; 0,990249659656094; 0,990249659656094; 1; 0; 1; 0
734; 10; 0; 0; 1; 1; 1; 0; 1; 0
743; 3; 1; 1; 0,664711863618282; 0,664711863618282; 0; 0; 0,428193131701094; 0,571806868298906
766; 20; 0; 0; 0,999993339281213; 0,999993339281213; 1; 0; 1; 0
778; 19; 0; 0; 1; 1; 1; 0; 1; 0
780; 2; 0; 0; 1; 1; 1; 0; 1; 0
786; 10; 0; 0; 1; 1; 1; 0; 1; 0
787; 2; 0; 0; 1; 1; 1; 0; 1; 0
794; 14; 0; 0; 1; 1; 1; 0; 1; 0
795; 20; 0; 0; 1; 1; 1; 0; 1; 0
817; 2; 0; 0; 1; 1; 1; 0; 1; 0
821; 20; 0; 0; 1; 1; 1; 0; 1; 0
825; 18; 0; 0; 1; 1; 1; 0; 1; 0
827; 26; 0; 0; 1; 1; 1; 0; 1; 0
828; 21; 9; 0; 0,057218599779664; 0,0228608334012316; 1; 0; 1; 0
829; 20; 0; 0; 1; 1; 1; 0; 1; 0
830; 36; 0; 0; 0,999751877926378; 0,999751877926378; 1; 0; 1; 0
848; 10; 0; 0; 1; 1; 1; 0; 1; 0
863; 2; 0; 0; 1; 1; 1; 0; 1; 0
874; 21; 0; 0; 1; 1; 1; 0; 1; 0
876; 2; 0; 0; 1; 1; 1; 0; 1; 0
881; 340; 0; 0; 1; 1; 1; 0; 1; 0
882; 10; 0; 0; 1; 1; 1; 0; 1; 0
886; 2; 0; 0; 1; 1; 1; 0; 1; 0
893; 2; 0; 0; 1; 1; 1; 0; 1; 0
894; 10; 0; 0; 1; 1; 1; 0; 1; 0
914; 10; 0; 0; 1; 1; 1; 0; 1; 0
923; 2; 1; 1; 0,973871604819791; 0,973871604819791; 0; 0; 0,444451119043062; 0,555548880956938
956; 4; 0; 0; 1; 1; 1; 0; 1; 0
960; 3; 0; 0; 1; 1; 1; 0; 1; 0
966; 10; 0; 0; 1; 1; 1; 0; 1; 0
975; 16; 0; 0; 1; 1; 1; 0; 1; 0
987; 14; 0; 0; 0,999992844270262; 0,999992844270262; 1; 0; 1; 0
991; 21; 0; 0; 1; 1; 1; 0; 1; 0
1001; 20; 0; 0; 1; 1; 1; 0; 1; 0
1007; 150; 0; 0; 1; 1; 1; 0; 1; 0
1015; 13; 2; 0; 0,0771395326336567; 0,0743256083961193; 1; 0; 1; 0
1018; 20; 0; 0; 1; 1; 1; 0; 1; 0
1037; 2; 0; 0; 1; 1; 1; 0; 1; 0
1051; 10; 0; 0; 1; 1; 1; 0; 1; 0
1060; 3; 0; 0; 1; 1; 1; 0; 1; 0
1088; 2; 0; 0; 1; 1; 1; 0; 1; 0
1090; 10; 0; 1; 0,570456308949202; 0,40834837140251; 0; 0; 0,285877867126466; 0,714122132873534
1091; 2; 0; 0; 1; 1; 1; 0; 1; 0
1092; 10; 0; 0; 1; 1; 1; 0; 1; 0
1093; 2; 0; 0; 0,951118820761752; 0,951118820761752; 1; 0; 1; 0
1098; 40; 0; 0; 1; 1; 1; 0; 1; 0
1102; 2; 0; 0; 1; 1; 1; 0; 1; 0
1110; 18; 0; 0; 1; 1; 1; 0; 1; 0
1111; 10; 0; 0; 1; 1; 1; 0; 1; 0
1126; 18; 2; 0; 0,057643472003721; 0,0200609759367423; 1; 0; 1; 0
1127; 3; 2; 1; 0,647808079087647; 0,350112989932346; 0; 0; 0,500358806350003; 0,499641193649997
1138; 2; 1; 1; 1; 1; 0; 1; 0; 1
1144; 10; 1; 2; 1; 0; 0; 0; 0,142183494865268; 0,857816505134732
1155; 2; 1; 1; 0,977409665603609; 0,977409665603609; 0; 0; 0,375515686643582; 0,624484313356419
1158; 10; 0; 0; 1; 1; 1; 0; 1; 0
1185; 2; 0; 0; 1; 1; 1; 0; 1; 0
1224; 21; 0; 0; 1; 1; 1; 0; 1; 0
1228; 30; 0; 0; 1; 1; 1; 0; 1; 0
1236; 20; 0; 0; 1; 1; 1; 0; 1; 0
1250; 10; 0; 0; 1; 1; 1; 0; 1; 0
1256; 3; 2; 1; 0,580253235416572; 0,386830599257399; 0; 0; 0,500290371048507; 0,499709628951493
1267; 10; 0; 0; 1; 1; 1; 0; 1; 0
1271; 2; 0; 0; 1; 1; 1; 0; 1; 0
1273; 21; 0; 0; 1; 1; 1; 0; 1; 0
1315; 100; 0; 0; 1; 1; 1; 0; 1; 0
1316; 14; 0; 0; 1; 1; 1; 0; 1; 0
1329; 2; 1; 0; 0,679706665604892; 0,320293334395108; 1; 0; 1; 0
1331; 20; 0; 0; 1; 1; 1; 0; 1; 0
1342; 3; 1; 1; 0,767314721874529; 0,767314721874529; 0; 0; 0,499871699868275; 0,500128300131725
1347; 14; 0; 0; 1; 1; 1; 0; 1; 0
1354; 18; 0; 0; 1; 1; 1; 0; 1; 0
1355; 2; 0; 0; 1; 1; 1; 0; 1; 0
1364; 2; 0; 1; 0,633277059332723; 0,366722940667277; 0; 0; 0,200879422189546; 0,799120577810454
1368; 2; 0; 0; 1; 1; 1; 0; 1; 0
1370; 20; 0; 0; 1; 1; 1; 0; 1; 0
1376; 10; 0; 0; 1; 1; 1; 0; 1; 0
1380; 20; 0; 0; 1; 1; 1; 0; 1; 0
1382; 2; 1; 1; 1; 1; 0; 0; 0,332651268006151; 0,667348731993848
1384; 4; 0; 0; 1; 1; 1; 0; 1; 0
1392; 10; 0; 0; 1; 1; 1; 0; 1; 0
1401; 3; 0; 0; 1; 1; 1; 0; 1; 0
1414; 20; 0; 0; 1; 1; 1; 0; 1; 0
1431; 20; 0; 0; 1; 1; 1; 0; 1; 0
1432; 20; 3; 0; 0,051072314773762; 0,0296260192985214; 1; 0; 1; 0
1438; 17; 0; 0; 1; 1; 1; 0; 1; 0
1471; 3; 2; 0; 0,644286579446039; 0,00163045836613502; 1; 0; 1; 0
1474; 21; 0; 0; 1; 1; 1; 0; 1; 0
1477; 10; 0; 0; 1; 1; 1; 0; 1; 0
1478; 20; 0; 0; 1; 1; 1; 0; 1; 0
1480; 19; 0; 0; 1; 1; 1; 0; 1; 0
1489; 20; 0; 0; 1; 1; 1; 0; 1; 0
1495; 2; 0; 0; 1; 1; 1; 0; 1; 0
1499; 2; 0; 0; 1; 1; 1; 0; 1; 0
1504; 20; 2; 4; 0,987882139885704; 0,00457609689685132; 0; 0; 0,334762845685201; 0,665237154314799
1527; 22; 0; 0; 1; 1; 1; 0; 1; 0
1552; 2; 0; 0; 1; 1; 1; 0; 1; 0
1553; 17; 0; 0; 1; 1; 1; 0; 1; 0
1567; 2; 0; 0; 1; 1; 1; 0; 1; 0
1573; 3; 2; 1; 0,622366579049186; 0,376186715479636; 0; 0; 0,427455470223897; 0,572544529776103
1576; 20; 1; 0; 0,829228429198728; 0,170771570801272; 1; 0; 1; 0
1581; 20; 0; 0; 1; 1; 1; 0; 1; 0
1587; 10; 0; 0; 1; 1; 1; 0; 1; 0
1588; 100; 0; 0; 0,999999999761775; 0,999999999761775; 1; 0; 1; 0
1597; 20; 0; 0; 1; 1; 1; 0; 1; 0
1607; 140; 0; 0; 1; 1; 1; 0; 1; 0
1610; 2; 0; 0; 1; 1; 1; 0; 1; 0
1624; 18; 0; 0; 1; 1; 1; 0; 1; 0
1633; 10; 1; 2; 0,920738075048224; 0,0443865589104034; 0; 1; 0; 1
1634; 2; 0; 0; 1; 1; 1; 0; 1; 0
1649; 20; 0; 0; 1; 1; 1; 0; 1; 0
1650; 2; 1; 0; 0,653491974351702; 0,346508025648298; 1; 0; 1; 0
1657; 2; 0; 0; 1; 1; 1; 0; 1; 0
1675; 14; 0; 0; 1; 1; 1; 0; 1; 0
1676; 2; 0; 0; 1; 1; 1; 0; 1; 0
1677; 3; 0; 0; 0,999988509947992; 0,999988509947992; 1; 0; 1; 0
1684; 3; 0; 0; 1; 1; 1; 0; 1; 0
1687; 2; 0; 0; 1; 1; 1; 0; 1; 0
1690; 10; 0; 0; 1; 1; 1; 0; 1; 0
1691; 20; 0; 0; 1; 1; 1; 0; 1; 0
1698; 2; 0; 0; 1; 1; 1; 0; 1; 0
1703; 306; 0; 0; 1; 1; 1; 0; 1; 0
1718; 22; 3; 0; 0,0468273646164858; 0,0166253430537982; 1; 0; 1; 0
1726; 21; 0; 0; 1; 1; 1; 0; 1; 0
1729; 100; 0; 0; 1; 1; 1; 0; 1; 0
1753; 306; 0; 0; 1; 1; 1; 0; 1; 0
1759; 10; 0; 0; 1; 1; 1; 0; 1; 0
1779; 14; 0; 0; 1; 1; 1; 0; 1; 0
1785; 10; 0; 0; 1; 1; 1; 0; 1; 0
1800; 20; 10; 0; 1; 0; 1; 0; 1; 0
1803; 22; 2; 2; 0,997450072635779; 0,997450072635779; 0; 1; 0; 1
1808; 340; 0; 0; 1; 1; 1; 0; 1; 0
1811; 340; 0; 0; 1; 1; 1; 0; 1; 0
1813; 20; 0; 0; 1; 1; 1; 0; 1; 0
1826; 2; 0; 0; 1; 1; 1; 0; 1; 0
1833; 10; 0; 0; 1; 1; 1; 0; 1; 0
1842; 20; 0; 0; 1; 1; 1; 0; 1; 0
1845; 21; 0; 0; 1; 1; 1; 0; 1; 0
1856; 10; 0; 0; 1; 1; 1; 0; 1; 0
1875; 4; 1; 0; 0,872956426930002; 0,127043573069998; 1; 0; 1; 0
1883; 10; 0; 0; 1; 1; 1; 0; 1; 0
1906; 2; 0; 1; 1; 0; 0; 0; 0,429220719890844; 0,570779280109156
1940; 13; 0; 0; 1; 1; 1; 0; 1; 0
1945; 10; 0; 0; 1; 1; 1; 0; 1; 0
1948; 4; 1; 0; 0,784481080579949; 0,215518919420051; 1; 0; 1; 0
1951; 6; 0; 4; 0,999435847627571; 1,30236017388656E-05; 0; 0; 0,332411615007083; 0,667588384992917
1954; 13; 9; 0; 0,0808849358617563; 0,029380769658924; 1; 0; 1; 0
1955; 10; 0; 0; 1; 1; 1; 0; 1; 0
1956; 10; 0; 0; 1; 1; 1; 0; 1; 0
1958; 19; 0; 0; 1; 1; 1; 0; 1; 0
1965; 3; 0; 0; 1; 1; 1; 0; 1; 0
1970; 3; 0; 0; 1; 1; 1; 0; 1; 0
1974; 2; 0; 0; 1; 1; 1; 0; 1; 0
1980; 10; 7; 0; 0,102341930991219; 0,0789226210790291; 1; 0; 1; 0
1981; 20; 0; 0; 1; 1; 1; 0; 1; 0
1984; 2; 1; 0; 0,693643885292949; 0,306356114707051; 1; 0; 1; 0
1996; 100; 0; 0; 1; 1; 1; 0; 1; 0
1997; 3; 0; 0; 1; 1; 1; 0; 1; 0
2008; 10; 0; 0; 1; 1; 1; 0; 1; 0
2019; 190; 0; 0; 0,999990546544946; 0,999990546544946; 1; 0; 1; 0
2021; 2; 0; 0; 0,999853085633773; 0,999853085633773; 1; 0; 1; 0
2023; 20; 0; 0; 1; 1; 1; 0; 1; 0
2030; 2; 0; 0; 0,996477216683117; 0,996477216683117; 1; 0; 1; 0
2031; 10; 0; 0; 1; 1; 1; 0; 1; 0
2032; 2; 1; 0; 0,992594155037842; 0,0074058449621582; 1; 0; 1; 0
2033; 17; 0; 0; 1; 1; 1; 0; 1; 0
2041; 12; 0; 0; 1; 1; 1; 0; 1; 0
2059; 10; 0; 0; 1; 1; 1; 0; 1; 0
2075; 2; 0; 0; 1; 1; 1; 0; 1; 0
2076; 3; 1; 0; 1; 0; 1; 0; 1; 0
2085; 10; 0; 0; 1; 1; 1; 0; 1; 0
2100; 3; 0; 0; 1; 1; 1; 0; 1; 0
2102; 20; 0; 0; 1; 1; 1; 0; 1; 0
2107; 2; 1; 1; 0,999952878010995; 0,999952878010995; 0; 0; 0,28436267146487; 0,71563732853513
2118; 2; 1; 1; 0,805611180138143; 0,805611180138143; 0; 0; 0,165726283978818; 0,834273716021182
2136; 13; 9; 0; 0,0771395326336567; 0,0743256083961193; 1; 0; 1; 0
2144; 10; 0; 0; 1; 1; 1; 0; 1; 0
2145; 4; 0; 0; 1; 1; 1; 0; 1; 0
2155; 2; 0; 1; 0,894117062643419; 0,105882937356581; 0; 0; 0,199321718519391; 0,800678281480609
2163; 3; 0; 0; 1; 1; 1; 0; 1; 0
2175; 2; 0; 0; 1; 1; 1; 0; 1; 0
2177; 2; 0; 0; 1; 1; 1; 0; 1; 0
2187; 17; 0; 0; 1; 1; 1; 0; 1; 0
2190; 2; 1; 1; 0,76675580261078; 0,76675580261078; 0; 0; 0,165408192434161; 0,834591807565839
2199; 2; 0; 0; 1; 1; 1; 0; 1; 0
2224; 20; 0; 0; 1; 1; 1; 0; 1; 0
2227; 20; 0; 0; 1; 1; 1; 0; 1; 0
2233; 100; 0; 0; 1; 1; 1; 0; 1; 0
2246; 10; 7; 0; 0,149438819575583; 0,103409840777053; 1; 0; 1; 0
2257; 20; 0; 0; 1; 1; 1; 0; 1; 0
2278; 20; 0; 0; 1; 1; 1; 0; 1; 0
2283; 20; 0; 0; 1; 1; 1; 0; 1; 0
2291; 3; 2; 1; 0,689346143737872; 0,29840927127784; 0; 0; 0,500290371048507; 0,499709628951493
2294; 18; 0; 0; 1; 1; 1; 0; 1; 0
2300; 10; 1; 1; 1; 1; 0; 1; 0; 1
2310; 2; 1; 1; 0,988732598950848; 0,988732598950848; 0; 0; 0,284346236596944; 0,715653763403056
2316; 24; 0; 0; 1; 1; 1; 0; 1; 0
2327; 10; 0; 0; 1; 1; 1; 0; 1; 0
2329; 10; 0; 0; 0,999951005342948; 0,999951005342948; 1; 0; 1; 0
2337; 21; 0; 0; 1; 1; 1; 0; 1; 0
2354; 20; 0; 0; 1; 1; 1; 0; 1; 0
2378; 10; 0; 0; 0,999999996380519; 0,999999996380519; 1; 0; 1; 0
2386; 10; 0; 0; 1; 1; 1; 0; 1; 0
2389; 2; 0; 0; 1; 1; 1; 0; 1; 0
2390; 25; 0; 0; 1; 1; 1; 0; 1; 0
2398; 20; 0; 0; 1; 1; 1; 0; 1; 0
2407; 2; 0; 1; 1; 0; 0; 0; 0,429144910859318; 0,570855089140682
2414; 2; 0; 0; 1; 1; 1; 0; 1; 0
2417; 10; 0; 0; 1; 1; 1; 0; 1; 0
2419; 10; 0; 0; 1; 1; 1; 0; 1; 0
2421; 18; 0; 0; 0,999999964798803; 0,999999964798803; 1; 0; 1; 0
2423; 3; 0; 0; 1; 1; 1; 0; 1; 0
2442; 10; 0; 0; 1; 1; 1; 0; 1; 0
2453; 30; 0; 0; 0,99999229403704; 0,99999229403704; 1; 0; 1; 0
2456; 10; 0; 0; 1; 1; 1; 0; 1; 0
2458; 2; 0; 0; 1; 1; 1; 0; 1; 0
2476; 2; 0; 0; 1; 1; 1; 0; 1; 0
2478; 2; 1; 1; 0,999961299512944; 0,999961299512944; 0; 0; 0,201039223774681; 0,798960776225319
2496; 2; 1; 1; 0,863819279139516; 0,863819279139516; 0; 0; 0,200841092605046; 0,799158907394954
2498; 2; 0; 0; 1; 1; 1; 0; 1; 0
2507; 10; 0; 0; 1; 1; 1; 0; 1; 0
2514; 40; 0; 0; 1; 1; 1; 0; 1; 0
2518; 2; 1; 0; 1; 0; 1; 0; 1; 0
2519; 10; 0; 0; 1; 1; 1; 0; 1; 0
2531; 20; 0; 0; 1; 1; 1; 0; 1; 0
2532; 25; 7; 0; 0,458141952214049; 0,184647758661242; 1; 0; 1; 0
2536; 10; 0; 0; 1; 1; 1; 0; 1; 0
2542; 10; 0; 0; 1; 1; 1; 0; 1; 0
2553; 10; 0; 0; 0,999998134556239; 0,999998134556239; 1; 0; 1; 0
2571; 21; 0; 0; 1; 1; 1; 0; 1; 0
2577; 21; 0; 0; 1; 1; 1; 0; 1; 0
2597; 19; 0; 0; 1; 1; 1; 0; 1; 0
2613; 10; 0; 0; 1; 1; 1; 0; 1; 0
2626; 10; 0; 0; 0,999999994721918; 0,999999994721918; 1; 0; 1; 0
2627; 10; 0; 0; 1; 1; 1; 0; 1; 0
2657; 20; 0; 0; 1; 1; 1; 0; 1; 0
2663; 100; 0; 0; 1; 1; 1; 0; 1; 0
2672; 160; 0; 0; 1; 1; 1; 0; 1; 0
2679; 2; 1; 1; 1; 1; 0; 0; 0,2016024431017; 0,798397556898301
2695; 14; 0; 0; 1; 1; 1; 0; 1; 0
2701; 2; 0; 0; 1; 1; 1; 0; 1; 0
2702; 2; 0; 0; 1; 1; 1; 0; 1; 0
2708; 17; 0; 0; 1; 1; 1; 0; 1; 0
2723; 20; 0; 0; 1; 1; 1; 0; 1; 0
2735; 20; 0; 0; 1; 1; 1; 0; 1; 0
2737; 2; 0; 0; 1; 1; 1; 0; 1; 0
2738; 10; 0; 0; 1; 1; 1; 0; 1; 0
2760; 20; 0; 0; 1; 1; 1; 0; 1; 0
2762; 10; 0; 0; 1; 1; 1; 0; 1; 0
2766; 26; 0; 0; 0,556244421840371; 0,556244421840371; 1; 0; 1; 0
2772; 3; 0; 1; 0,425713887776308; 0,195622903346898; 0; 0; 0,333102975516419; 0,666897024483581
2779; 20; 0; 0; 1; 1; 1; 0; 1; 0
2801; 19; 0; 0; 0,609930176887404; 0,609930176887404; 1; 0; 1; 0
2810; 4; 0; 0; 1; 1; 1; 0; 1; 0
2814; 10; 0; 0; 1; 1; 1; 0; 1; 0
2825; 16; 0; 0; 1; 1; 1; 0; 1; 0
2832; 140; 0; 0; 1; 1; 1; 0; 1; 0
2838; 18; 0; 0; 1; 1; 1; 0; 1; 0
2856; 10; 0; 0; 1; 1; 1; 0; 1; 0
2858; 3; 1; 0; 0,984323525395103; 0,0156555049681412; 1; 0; 1; 0
2861; 38; 0; 0; 0,748954386043214; 0,748954386043214; 1; 0; 1; 0
2872; 3; 2; 2; 0,400936252031849; 0,400936252031849; 0; 0; 0,500296553284424; 0,499703446715576
2874; 20; 0; 0; 1; 1; 1; 0; 1; 0
2878; 40; 0; 0; 1; 1; 1; 0; 1; 0
2889; 19; 0; 0; 1; 1; 1; 0; 1; 0
2895; 20; 0; 0; 1; 1; 1; 0; 1; 0
2898; 21; 0; 0; 1; 1; 1; 0; 1; 0
2900; 19; 0; 0; 1; 1; 1; 0; 1; 0
2903; 10; 0; 0; 1; 1; 1; 0; 1; 0
2907; 2; 0; 0; 1; 1; 1; 0; 1; 0
2911; 2; 0; 0; 1; 1; 1; 0; 1; 0
2921; 10; 0; 0; 1; 1; 1; 0; 1; 0
2922; 20; 0; 0; 1; 1; 1; 0; 1; 0
2931; 2; 0; 0; 1; 1; 1; 0; 1; 0
2936; 2; 0; 0; 1; 1; 1; 0; 1; 0
2940; 12; 0; 0; 1; 1; 1; 0; 1; 0
2952; 140; 0; 0; 1; 1; 1; 0; 1; 0
2954; 2; 0; 0; 1; 1; 1; 0; 1; 0
2957; 14; 0; 0; 1; 1; 1; 0; 1; 0
2961; 2; 0; 0; 1; 1; 1; 0; 1; 0
2973; 3; 0; 0; 1; 1; 1; 0; 1; 0
2992; 3; 1; 1; 0,87332592131218; 0,87332592131218; 0; 0; 0,500358806350003; 0,499641193649997
3011; 10; 0; 0; 1; 1; 1; 0; 1; 0
3016; 10; 0; 0; 1; 1; 1; 0; 1; 0
3018; 2; 1; 0; 0,919499575001686; 0,0805004249983139; 1; 0; 1; 0
3028; 2; 0; 0; 1; 1; 1; 0; 1; 0
3053; 20; 0; 0; 1; 1; 1; 0; 1; 0
3060; 2; 0; 0; 1; 1; 1; 0; 1; 0
3063; 100; 0; 0; 1; 1; 1; 0; 1; 0
3068; 10; 0; 0; 1; 1; 1; 0; 1; 0
3069; 10; 0; 0; 1; 1; 1; 0; 1; 0
3081; 16; 0; 0; 0,427772728278547; 0,427772728278547; 1; 0; 1; 0
3082; 21; 0; 0; 1; 1; 1; 0; 1; 0
3089; 19; 0; 0; 1; 1; 1; 0; 1; 0
3100; 4; 0; 0; 1; 1; 1; 0; 1; 0
3121; 3; 2; 2; 0,833820347669121; 0,833820347669121; 0; 0; 0,376242565763766; 0,623757434236234
3129; 2; 1; 1; 0,855603958480586; 0,855603958480586; 0; 0; 0,334527279994034; 0,665472720005966
3130; 10; 0; 0; 1; 1; 1; 0; 1; 0
3139; 19; 0; 0; 1; 1; 1; 0; 1; 0
3152; 21; 0; 0; 1; 1; 1; 0; 1; 0
3160; 20; 0; 0; 1; 1; 1; 0; 1; 0
3169; 26; 0; 0; 1; 1; 1; 0; 1; 0
3179; 20; 0; 0; 1; 1; 1; 0; 1; 0
3185; 24; 0; 0; 1; 1; 1; 0; 1; 0
3196; 100; 0; 0; 1; 1; 1; 0; 1; 0
3205; 10; 0; 0; 1; 1; 1; 0; 1; 0
3206; 2; 0; 0; 1; 1; 1; 0; 1; 0
3212; 10; 0; 0; 1; 1; 1; 0; 1; 0
3220; 24; 0; 0; 1; 1; 1; 0; 1; 0
3225; 10; 0; 0; 1; 1; 1; 0; 1; 0
3226; 2; 1; 1; 0,665319588205942; 0,665319588205942; 0; 0; 0,499975874235971; 0,500024125764029
3229; 14; 0; 0; 1; 1; 1; 0; 1; 0
3246; 2; 0; 0; 1; 1; 1; 0; 1; 0
3268; 21; 0; 0; 1; 1; 1; 0; 1; 0
3275; 14; 0; 0; 1; 1; 1; 0; 1; 0
3284; 3; 0; 0; 1; 1; 1; 0; 1; 0
3292; 2; 0; 0; 1; 1; 1; 0; 1; 0
3304; 20; 0; 0; 1; 1; 1; 0; 1; 0
3316; 3; 0; 0; 1; 1; 1; 0; 1; 0
3321; 2; 1; 1; 0,69200255865314; 0,69200255865314; 0; 0; 0,334527279994034; 0,665472720005966
3327; 10; 0; 0; 1; 1; 1; 0; 1; 0
3329; 2; 0; 0; 1; 1; 1; 0; 1; 0
3332; 10; 0; 0; 1; 1; 1; 0; 1; 0
3336; 3; 0; 0; 1; 1; 1; 0; 1; 0
3345; 22; 0; 0; 1; 1; 1; 0; 1; 0
3347; 10; 0; 0; 1; 1; 1; 0; 1; 0
3359; 10; 0; 0; 1; 1; 1; 0; 1; 0
3364; 3; 0; 0; 1; 1; 1; 0; 1; 0
3366; 3; 2; 0; 0,871791533932638; 0,0562168923115424; 1; 0; 1; 0
3370; 3; 0; 0; 1; 1; 1; 0; 1; 0
3377; 2; 0; 0; 1; 1; 1; 0; 1; 0
3384; 2; 0; 0; 1; 1; 1; 0; 1; 0
3395; 340; 0; 0; 1; 1; 1; 0; 1; 0
3402; 20; 0; 0; 1; 1; 1; 0; 1; 0
3409; 10; 2; 2; 0,790376440997376; 0,790376440997376; 0; 0; 0,555205521368188; 0,444794478631812
3420; 2; 1; 0; 0,660004173371929; 0,339995826628071; 1; 0; 1; 0
3435; 10; 0; 0; 1; 1; 1; 0; 1; 0
3440; 18; 0; 0; 1; 1; 1; 0; 1; 0
3469; 2; 1; 1; 1; 1; 0; 0; 0,2016024431017; 0,798397556898301
3472; 20; 0; 0; 1; 1; 1; 0; 1; 0
3475; 2; 0; 0; 1; 1; 1; 0; 1; 0
3477; 13; 0; 0; 1; 1; 1; 0; 1; 0
3484; 2; 0; 0; 1; 1; 1; 0; 1; 0
3539; 42; 0; 0; 1; 1; 1; 0; 1; 0
3558; 24; 0; 0; 1; 1; 1; 0; 1; 0
3570; 10; 0; 0; 1; 1; 1; 0; 1; 0
3578; 2; 0; 0; 1; 1; 1; 0; 1; 0
3586; 20; 0; 0; 1; 1; 1; 0; 1; 0
3594; 21; 0; 0; 1; 1; 1; 0; 1; 0
3600; 21; 0; 0; 1; 1; 1; 0; 1; 0
3604; 190; 0; 0; 1; 1; 1; 0; 1; 0
3611; 30; 15; 15; 1; 1; 0; 0; 0,42962995594171; 0,57037004405829
3629; 3; 0; 0; 1; 1; 1; 0; 1; 0
3640; 2; 0; 0; 1; 1; 1; 0; 1; 0
3645; 20; 0; 0; 1; 1; 1; 0; 1; 0
3648; 17; 0; 0; 1; 1; 1; 0; 1; 0
3657; 10; 0; 0; 1; 1; 1; 0; 1; 0
3658; 20; 0; 0; 1; 1; 1; 0; 1; 0
3676; 40; 0; 0; 1; 1; 1; 0; 1; 0
3684; 2; 1; 1; 1; 1; 0; 0; 0,429220719890844; 0,570779280109156
3695; 20; 0; 0; 1; 1; 1; 0; 1; 0
3697; 12; 0; 0; 1; 1; 1; 0; 1; 0
3706; 2; 0; 0; 1; 1; 1; 0; 1; 0
3720; 2; 0; 0; 1; 1; 1; 0; 1; 0
3762; 10; 9; 2; 0,135990683905493; 0,0444892633085675; 0; 0; 0,142183494865268; 0,857816505134732
3767; 2; 0; 1; 0,988716527420657; 0,0112834725793427; 0; 0; 0,200879422189546; 0,799120577810454
3769; 10; 0; 0; 1; 1; 1; 0; 1; 0
3771; 10; 0; 0; 1; 1; 1; 0; 1; 0
3783; 20; 0; 0; 1; 1; 1; 0; 1; 0
3790; 10; 0; 0; 1; 1; 1; 0; 1; 0
3795; 20; 0; 0; 1; 1; 1; 0; 1; 0
3798; 18; 0; 0; 0,999996312682531; 0,999996312682531; 1; 0; 1; 0
3799; 2; 0; 0; 1; 1; 1; 0; 1; 0
3805; 3; 0; 0; 0,999992182050081; 0,999992182050081; 1; 0; 1; 0
3806; 3; 0; 0; 1; 1; 1; 0; 1; 0
3809; 2; 0; 0; 1; 1; 1; 0; 1; 0
3815; 17; 0; 0; 1; 1; 1; 0; 1; 0
3817; 4; 1; 1; 0,628628877671926; 0,628628877671926; 0; 0; 0,500296553284424; 0,499703446715576
3822; 2; 0; 0; 0,992918406371156; 0,992918406371156; 1; 0; 1; 0
3824; 2; 1; 1; 0,607483022145507; 0,607483022145507; 0; 0; 0,374756081309079; 0,625243918690921
3837; 19; 0; 0; 1; 1; 1; 0; 1; 0
3840; 10; 0; 0; 1; 1; 1; 0; 1; 0
3846; 10; 0; 0; 0,99999992169916; 0,99999992169916; 1; 0; 1; 0
3869; 10; 0; 0; 1; 1; 1; 0; 1; 0
3888; 10; 0; 0; 1; 1; 1; 0; 1; 0
3895; 10; 0; 0; 1; 1; 1; 0; 1; 0
3899; 2; 0; 0; 1; 1; 1; 0; 1; 0
3907; 250; 0; 0; 1; 1; 1; 0; 1; 0
3921; 18; 12; 0; 0,0579894649875906; 0,0141790952109603; 1; 0; 1; 0
3931; 2; 0; 0; 1; 1; 1; 0; 1; 0
3942; 10; 0; 0; 1; 1; 1; 0; 1; 0
3958; 20; 0; 0; 1; 1; 1; 0; 1; 0
3962; 22; 2; 2; 0,99993895399594; 0,99993895399594; 0; 0; 0,14219740768678; 0,85780259231322
3964; 2; 0; 0; 1; 1; 1; 0; 1; 0
3970; 100; 0; 0; 1; 1; 1; 0; 1; 0
3972; 18; 0; 0; 1; 1; 1; 0; 1; 0
3984; 2; 0; 0; 1; 1; 1; 0; 1; 0
3997; 14; 0; 0; 1; 1; 1; 0; 1; 0
4017; 10; 0; 0; 1; 1; 1; 0; 1; 0
4029; 2; 0; 0; 1; 1; 1; 0; 1; 0
4030; 400; 0; 0; 1; 1; 1; 0; 1; 0
4032; 10; 0; 0; 1; 1; 1; 0; 1; 0
4044; 14; 0; 0; 1; 1; 1; 0; 1; 0
4047; 3; 0; 0; 1; 1; 1; 0; 1; 0
4049; 22; 0; 0; 1; 1; 1; 0; 1; 0
4053; 2; 0; 0; 1; 1; 1; 0; 1; 0
4055; 10; 0; 0; 1; 1; 1; 0; 1; 0
4064; 10; 0; 0; 1; 1; 1; 0; 1; 0
4068; 24; 0; 0; 1; 1; 1; 0; 1; 0
4069; 10; 0; 0; 1; 1; 1; 0; 1; 0
4083; 10; 0; 0; 1; 1; 1; 0; 1; 0
4085; 20; 0; 0; 1; 1; 1; 0; 1; 0
4095; 10; 0; 0; 1; 1; 1; 0; 1; 0
4103; 19; 0; 0; 1; 1; 1; 0; 1; 0
4108; 17; 0; 0; 1; 1; 1; 0; 1; 0
4112; 10; 0; 0; 1; 1; 1; 0; 1; 0
4124; 20; 0; 0; 1; 1; 1; 0; 1; 0
4128; 14; 0; 0; 1; 1; 1; 0; 1; 0
4136; 36; 0; 0; 1; 1; 1; 0; 1; 0
4138; 20; 0; 0; 1; 1; 1; 0; 1; 0
4144; 16; 0; 0; 0,960159509259231; 0,960159509259231; 1; 0; 1; 0
4146; 4; 0; 0; 0,994150424743647; 0,994150424743647; 1; 0; 1; 0
4147; 20; 0; 0; 1; 1; 1; 0; 1; 0
4153; 4; 0; 0; 1; 1; 1; 0; 1; 0
4166; 3; 0; 0; 1; 1; 1; 0; 1; 0
4193; 3; 1; 0; 0,967817016534789; 0,0320212644660388; 1; 0; 1; 0
4194; 10; 0; 0; 1; 1; 1; 0; 1; 0
4195; 19; 0; 0; 1; 1; 1; 0; 1; 0
4207; 2; 1; 0; 0,61983749587639; 0,38016250412361; 1; 0; 1; 0
4223; 17; 0; 0; 1; 1; 1; 0; 1; 0
4225; 100; 0; 0; 1; 1; 1; 0; 1; 0
4242; 54; 0; 0; 1; 1; 1; 0; 1; 0
4245; 26; 1; 2; 0,372085805364104; 0,311347481012782; 0; 0; 0,334026685883874; 0,665973314116126
4278; 2; 0; 0; 1; 1; 1; 0; 1; 0
4293; 20; 0; 0; 1; 1; 1; 0; 1; 0
4294; 190; 0; 0; 1; 1; 1; 0; 1; 0
4296; 20; 0; 0; 1; 1; 1; 0; 1; 0
4301; 21; 0; 0; 1; 1; 1; 0; 1; 0
4302; 18; 0; 0; 1; 1; 1; 0; 1; 0
4311; 10; 0; 0; 1; 1; 1; 0; 1; 0
4317; 150; 0; 0; 1; 1; 1; 0; 1; 0
4335; 20; 0; 0; 1; 1; 1; 0; 1; 0
4341; 2; 0; 0; 1; 1; 1; 0; 1; 0
4351; 2; 0; 1; 1; 0; 0; 0; 0,165731912043041; 0,834268087956959
4354; 10; 0; 0; 0,999999852282701; 0,999999852282701; 1; 0; 1; 0
4355; 306; 0; 0; 1; 1; 1; 0; 1; 0
4372; 2; 0; 0; 1; 1; 1; 0; 1; 0
4374; 12; 0; 0; 1; 1; 1; 0; 1; 0
4375; 100; 0; 0; 1; 1; 1; 0; 1; 0
4384; 10; 0; 0; 1; 1; 1; 0; 1; 0
4391; 3; 0; 0; 1; 1; 1; 0; 1; 0
4392; 2; 0; 1; 1; 0; 0; 0; 0,375732470158157; 0,624267529841843
4427; 22; 0; 0; 1; 1; 1; 0; 1; 0
4431; 2; 0; 1; 1; 0; 0; 0; 0,375451741104802; 0,624548258895198
4436; 2; 1; 0; 0,617331494895578; 0,382668505104422; 1; 0; 1; 0
4455; 2; 0; 1; 1; 0; 0; 0; 0,333563697350795; 0,666436302649205
4465; 21; 2; 0; 0,0480102672825468; 0,0397946543490641; 1; 0; 1; 0
4466; 20; 0; 0; 0,999998241274984; 0,999998241274984; 1; 0; 1; 0
4479; 3; 1; 1; 0,893875396575687; 0,893875396575687; 0; 0; 0,332408649329237; 0,667591350670763
4482; 2; 0; 0; 1; 1; 1; 0; 1; 0
4486; 10; 0; 0; 1; 1; 1; 0; 1; 0
4497; 190; 0; 0; 1; 1; 1; 0; 1; 0
4512; 2; 0; 0; 1; 1; 1; 0; 1; 0
4517; 3; 0; 0; 1; 1; 1; 0; 1; 0
4523; 40; 0; 0; 0,999999999999503; 0,999999999999503; 1; 0; 1; 0
4534; 190; 0; 0; 1; 1; 1; 0; 1; 0
4551; 2; 0; 1; 1; 0; 0; 1; 0; 1
4555; 19; 0; 0; 1; 1; 1; 0; 1; 0
4565; 20; 0; 0; 0,999999943835006; 0,999999943835006; 1; 0; 1; 0
4577; 100; 0; 0; 1; 1; 1; 0; 1; 0
4589; 36; 0; 0; 1; 1; 1; 0; 1; 0
4590; 289; 0; 0; 1; 1; 1; 0; 1; 0
4595; 14; 0; 0; 1; 1; 1; 0; 1; 0
4606; 2; 0; 0; 1; 1; 1; 0; 1; 0
4608; 2; 0; 0; 1; 1; 1; 0; 1; 0
4613; 3; 0; 0; 1; 1; 1; 0; 1; 0
4614; 4; 0; 0; 0,999752445953151; 0,999752445953151; 1; 0; 1; 0
4621; 20; 0; 0; 1; 1; 1; 0; 1; 0
4622; 140; 0; 0; 1; 1; 1; 0; 1; 0
4627; 210; 0; 0; 1; 1; 1; 0; 1; 0
4628; 14; 0; 0; 1; 1; 1; 0; 1; 0
4634; 2; 0; 0; 1; 1; 1; 0; 1; 0
4645; 38; 0; 0; 0,999999972209708; 0,999999972209708; 1; 0; 1; 0
4656; 2; 0; 0; 1; 1; 1; 0; 1; 0
4665; 10; 0; 0; 1; 1; 1; 0; 1; 0
4670; 2; 0; 0; 1; 1; 1; 0; 1; 0
4680; 10; 0; 0; 1; 1; 1; 0; 1; 0
4681; 10; 0; 0; 1; 1; 1; 0; 1; 0
4704; 20; 0; 0; 0,999989770175914; 0,999989770175914; 1; 0; 1; 0
4723; 2; 1; 0; 0,999679836625044; 0,000320163374955922; 1; 0; 1; 0
4724; 2; 1; 0; 1; 0; 1; 0; 1; 0
4734; 10; 0; 0; 1; 1; 1; 0; 1; 0
4749; 21; 0; 0; 1; 1; 1; 0; 1; 0
4755; 13; 0; 0; 1; 1; 1; 0; 1; 0
4758; 170; 0; 0; 1; 1; 1; 0; 1; 0
4761; 2; 0; 0; 1; 1; 1; 0; 1; 0
4765; 10; 0; 0; 1; 1; 1; 0; 1; 0
4766; 3; 0; 0; 0,665609226124391; 0,665609226124391; 1; 0; 1; 0
4771; 3; 0; 0; 1; 1; 1; 0; 1; 0
4776; 2; 0; 0; 0,555142387931481; 0,555142387931481; 1; 0; 1; 0
4784; 20; 0; 0; 1; 1; 1; 0; 1; 0
4811; 3; 0; 0; 1; 1; 1; 0; 1; 0
4816; 42; 0; 0; 1; 1; 1; 0; 1; 0
4824; 10; 0; 0; 1; 1; 1; 0; 1; 0
4881; 20; 0; 0; 1; 1; 1; 0; 1; 0
4911; 2; 0; 0; 1; 1; 1; 0; 1; 0
4914; 10; 0; 0; 1; 1; 1; 0; 1; 0
4921; 10; 0; 0; 1; 1; 1; 0; 1; 0
4924; 2; 0; 0; 1; 1; 1; 0; 1; 0
4927; 10; 0; 0; 0,999970804847026; 0,999970804847026; 1; 0; 1; 0
4929; 2; 0; 0; 1; 1; 1; 0; 1; 0
4936; 18; 8; 0; 1; 0; 1; 0; 1; 0
4943; 10; 0; 0; 1; 1; 1; 0; 1; 0
4948; 2; 0; 0; 1; 1; 1; 0; 1; 0
4965; 18; 0; 0; 1; 1; 1; 0; 1; 0
4968; 12; 0; 0; 1; 1; 1; 0; 1; 0
4970; 14; 0; 0; 1; 1; 1; 0; 1; 0
4973; 3; 0; 0; 1; 1; 1; 0; 1; 0
4987; 10; 0; 0; 1; 1; 1; 0; 1; 0
4990; 2; 0; 0; 1; 1; 1; 0; 1; 0
5002; 2; 0; 0; 1; 1; 1; 0; 1; 0
5021; 10; 0; 0; 1; 1; 1; 0; 1; 0
5059; 2; 1; 0; 1; 0; 1; 0; 1; 0
5073; 19; 0; 0; 1; 1; 1; 0; 1; 0
5087; 20; 10; 10; 0,968324970166924; 0,968324970166924; 0; 0; 0,443021960730966; 0,556978039269034
5094; 2; 1; 1; 1; 1; 0; 0; 0,200879422189546; 0,799120577810454
5120; 10; 0; 0; 1; 1; 1; 0; 1; 0
5126; 10; 0; 0; 1; 1; 1; 0; 1; 0
5140; 3; 2; 1; 0,589166782233592; 0,407090816493245; 0; 0; 0,332408649329237; 0,667591350670763
5153; 19; 0; 0; 1; 1; 1; 0; 1; 0
5157; 10; 0; 0; 0,999999910532325; 0,999999910532325; 1; 0; 1; 0
5174; 3; 0; 0; 1; 1; 1; 0; 1; 0
5176; 2; 0; 0; 1; 1; 1; 0; 1; 0
5201; 19; 0; 0; 1; 1; 1; 0; 1; 0
5211; 3; 0; 0; 1; 1; 1; 0; 1; 0
5223; 10; 0; 0; 1; 1; 1; 0; 1; 0
5225; 10; 0; 0; 1; 1; 1; 0; 1; 0
5227; 2; 0; 0; 1; 1; 1; 0; 1; 0
5231; 2; 0; 0; 1; 1; 1; 0; 1; 0
5243; 2; 0; 0; 1; 1; 1; 0; 1; 0
5260; 2; 0; 0; 1; 1; 1; 0; 1; 0
5290; 2; 0; 0; 1; 1; 1; 0; 1; 0
5302; 21; 0; 0; 1; 1; 1; 0; 1; 0
5306; 18; 0; 0; 1; 1; 1; 0; 1; 0
5321; 2; 0; 1; 0,861259621625611; 0,138740378374389; 0; 1; 0; 1
5324; 2; 0; 0; 1; 1; 1; 0; 1; 0
5331; 2; 0; 0; 1; 1; 1; 0; 1; 0
5333; 19; 0; 0; 1; 1; 1; 0; 1; 0
5338; 2; 1; 0; 1; 0; 1; 0; 1; 0
5340; 10; 0; 0; 1; 1; 1; 0; 1; 0
5343; 4; 0; 0; 1; 1; 1; 0; 1; 0
5348; 2; 0; 0; 1; 1; 1; 0; 1; 0
5360; 36; 0; 0; 1; 1; 1; 0; 1; 0
5397; 20; 0; 0; 1; 1; 1; 0; 1; 0
5413; 32; 0; 0; 1; 1; 1; 0; 1; 0
5417; 2; 1; 0; 0,941983965492465; 0,0580160345075354; 1; 0; 1; 0
5440; 10; 4; 0; 0,116153460656293; 0,028102224260996; 1; 0; 1; 0
5441; 3; 1; 2; 0,516074801118261; 0,481067531337435; 0; 0; 0,142372756625983; 0,857627243374017
5445; 20; 0; 0; 0,761694366379453; 0,761694366379453; 1; 0; 1; 0
5456; 2; 0; 1; 0,790864269554131; 0,209135730445869; 0; 1; 0; 1
5464; 2; 1; 0; 1; 0; 1; 0; 1; 0
5481; 19; 0; 0; 1; 1; 1; 0; 1; 0
5491; 2; 0; 0; 1; 1; 1; 0; 1; 0
5495; 2; 1; 0; 1; 0; 1; 0; 1; 0
5518; 4; 0; 0; 1; 1; 1; 0; 1; 0
5524; 2; 0; 0; 1; 1; 1; 0; 1; 0
5533; 2; 1; 0; 1; 0; 1; 0; 1; 0
5547; 20; 0; 0; 1; 1; 1; 0; 1; 0
5548; 21; 0; 0; 1; 1; 1; 0; 1; 0
5569; 10; 0; 0; 1; 1; 1; 0; 1; 0
5571; 3; 0; 0; 1; 1; 1; 0; 1; 0
5601; 2; 0; 0; 1; 1; 1; 0; 1; 0
5611; 20; 0; 0; 0,999999999999576; 0,999999999999576; 1; 0; 1; 0
5629; 3; 0; 1; 0,918943681187966; 0,0810236280788708; 0; 0; 0,429150772003392; 0,570849227996608
5662; 20; 0; 0; 0,999999943334657; 0,999999943334657; 1; 0; 1; 0
5673; 24; 0; 0; 0,999999860076509; 0,999999860076509; 1; 0; 1; 0
5683; 19; 0; 0; 1; 1; 1; 0; 1; 0
5715; 10; 0; 0; 1; 1; 1; 0; 1; 0
5728; 2; 0; 0; 1; 1; 1; 0; 1; 0
5734; 20; 0; 0; 1; 1; 1; 0; 1; 0
5735; 2; 1; 1; 1; 1; 0; 1; 0; 1
5747; 140; 0; 0; 0,999999904161087; 0,999999904161087; 1; 0; 1; 0
5758; 21; 0; 0; 1; 1; 1; 0; 1; 0
5795; 18; 0; 0; 1; 1; 1; 0; 1; 0
5797; 24; 0; 0; 1; 1; 1; 0; 1; 0
5800; 60; 0; 0; 1; 1; 1; 0; 1; 0
5804; 4; 0; 0; 1; 1; 1; 0; 1; 0
5805; 34; 0; 0; 1; 1; 1; 0; 1; 0
5806; 10; 0; 0; 1; 1; 1; 0; 1; 0
5811; 2; 0; 0; 1; 1; 1; 0; 1; 0
5814; 20; 1; 0; 0,996948655620351; 0,00305134437964864; 1; 0; 1; 0
5827; 18; 0; 0; 0,999999999997016; 0,999999999997016; 1; 0; 1; 0
5829; 4; 0; 0; 1; 1; 1; 0; 1; 0
5831; 3; 0; 0; 1; 1; 1; 0; 1; 0
5833; 2; 0; 0; 1; 1; 1; 0; 1; 0
5872; 19; 0; 0; 1; 1; 1; 0; 1; 0
5874; 19; 0; 0; 1; 1; 1; 0; 1; 0
5876; 19; 0; 0; 1; 1; 1; 0; 1; 0
5885; 2; 1; 0; 1; 0; 1; 0; 1; 0
5889; 190; 0; 0; 1; 1; 1; 0; 1; 0
5908; 140; 0; 0; 0,999792078866492; 0,999792078866492; 1; 0; 1; 0
5930; 54; 0; 0; 1; 1; 1; 0; 1; 0
5932; 2; 0; 1; 0,99999004369245; 9,95630755039666E-06; 0; 0; 0,444078878656495; 0,555921121343505
5937; 10; 0; 0; 1; 1; 1; 0; 1; 0
5951; 21; 0; 0; 0,999999643089967; 0,999999643089967; 1; 0; 1; 0
6004; 20; 0; 0; 1; 1; 1; 0; 1; 0
6017; 34; 0; 0; 1; 1; 1; 0; 1; 0
6023; 17; 0; 0; 1; 1; 1; 0; 1; 0
6026; 13; 0; 0; 1; 1; 1; 0; 1; 0
6031; 2; 0; 0; 1; 1; 1; 0; 1; 0
6032; 20; 0; 0; 1; 1; 1; 0; 1; 0
6042; 10; 2; 1; 0,998765405920991; 2,30932864036079E-09; 0; 0; 0,443460887222627; 0,556539112777373
6057; 21; 0; 0; 1; 1; 1; 0; 1; 0
6059; 64; 0; 0; 1; 1; 1; 0; 1; 0
6062; 21; 0; 0; 1; 1; 1; 0; 1; 0
6070; 32; 0; 0; 0,999999999452673; 0,999999999452673; 1; 0; 1; 0
6076; 2; 0; 1; 1; 0; 0; 0; 0,286330736539781; 0,713669263460219
6079; 24; 0; 0; 1; 1; 1; 0; 1; 0
6083; 19; 0; 0; 1; 1; 1; 0; 1; 0
6094; 2; 0; 0; 1; 1; 1; 0; 1; 0
6108; 26; 0; 0; 1; 1; 1; 0; 1; 0
6119; 13; 0; 2; 0,402015614318719; 0,259368817404294; 0; 0; 0,334026685883874; 0,665973314116126
6130; 17; 0; 0; 1; 1; 1; 0; 1; 0
6139; 17; 0; 0; 1; 1; 1; 0; 1; 0
6153; 18; 0; 0; 1; 1; 1; 0; 1; 0
6160; 2; 0; 1; 0,737656648189327; 0,262343351810673; 0; 1; 0; 1
6163; 2; 0; 0; 1; 1; 1; 0; 1; 0
6169; 3; 0; 0; 1; 1; 1; 0; 1; 0
6171; 2; 0; 0; 1; 1; 1; 0; 1; 0
6199; 2; 0; 0; 1; 1; 1; 0; 1; 0
6204; 10; 0; 0; 1; 1; 1; 0; 1; 0
6206; 40; 0; 0; 0,999997375942275; 0,999997375942275; 1; 0; 1; 0
6209; 20; 1; 1; 0,467767876293282; 0,467767876293282; 0; 1; 0; 1
6213; 3; 2; 0; 1; 0; 1; 0; 1; 0
6218; 8; 0; 0; 1; 1; 1; 0; 1; 0
6231; 10; 0; 0; 0,999985806976774; 0,999985806976774; 1; 0; 1; 0
6236; 2; 0; 0; 1; 1; 1; 0; 1; 0
6240; 2; 0; 0; 1; 1; 1; 0; 1; 0
6246; 18; 0; 0; 1; 1; 1; 0; 1; 0
6268; 2; 0; 0; 1; 1; 1; 0; 1; 0
6272; 3; 0; 0; 1; 1; 1; 0; 1; 0
6280; 21; 0; 0; 0,999975445653834; 0,999975445653834; 1; 0; 1; 0
6281; 20; 0; 0; 1; 1; 1; 0; 1; 0
6283; 3; 2; 1; 0,657290353446247; 0,313554581528394; 0; 0; 0,166027874810488; 0,833972125189512
6286; 3; 0; 0; 1; 1; 1; 0; 1; 0
6287; 2; 0; 0; 1; 1; 1; 0; 1; 0
6288; 18; 0; 0; 1; 1; 1; 0; 1; 0
6296; 2; 0; 1; 1; 0; 0; 0; 0,333102975516419; 0,666897024483581
6305; 4; 0; 0; 1; 1; 1; 0; 1; 0
6321; 2; 0; 0; 1; 1; 1; 0; 1; 0
6323; 21; 0; 0; 1; 1; 1; 0; 1; 0
6334; 2; 0; 0; 1; 1; 1; 0; 1; 0
6346; 20; 0; 0; 1; 1; 1; 0; 1; 0
6363; 19; 0; 0; 1; 1; 1; 0; 1; 0
6366; 2; 0; 0; 1; 1; 1; 0; 1; 0
6373; 10; 0; 0; 1; 1; 1; 0; 1; 0
6379; 19; 1; 0; 0,417187711485337; 0,229269927535615; 1; 0; 1; 0
6389; 13; 0; 2; 0,35174433090793; 0,326310289449144; 0; 1; 0; 1
6390; 2; 1; 1; 1; 1; 0; 1; 0; 1
6398; 2; 1; 0; 1; 0; 1; 0; 1; 0
6401; 32; 0; 0; 0,999999999127737; 0,999999999127737; 1; 0; 1; 0
6405; 10; 0; 0; 1; 1; 1; 0; 1; 0
6419; 2; 0; 0; 1; 1; 1; 0; 1; 0
6432; 21; 0; 0; 1; 1; 1; 0; 1; 0
6450; 3; 0; 0; 1; 1; 1; 0; 1; 0
6453; 10; 0; 0; 0,999999999999573; 0,999999999999573; 1; 0; 1; 0
6472; 22; 2; 0; 0,331934196210468; 0,175422860687774; 1; 0; 1; 0
6476; 17; 0; 0; 1; 1; 1; 0; 1; 0
6495; 2; 1; 0; 1; 0; 1; 0; 1; 0
6503; 10; 0; 0; 0,532316198990256; 0,532316198990256; 1; 0; 1; 0
6504; 19; 0; 0; 1; 1; 1; 0; 1; 0
6511; 180; 0; 0; 0,999661798675622; 0,999661798675622; 1; 0; 1; 0
6515; 40; 0; 0; 0,964535438747664; 0,964535438747664; 1; 0; 1; 0
6523; 10; 0; 0; 1; 1; 1; 0; 1; 0
6526; 20; 0; 0; 0,999602777112885; 0,999602777112885; 1; 0; 1; 0
6528; 13; 0; 0; 1; 1; 1; 0; 1; 0
6536; 19; 0; 0; 1; 1; 1; 0; 1; 0
6569; 20; 0; 0; 1; 1; 1; 0; 1; 0
6575; 2; 0; 0; 0,996901630816009; 0,996901630816009; 1; 0; 1; 0
6587; 20; 0; 0; 1; 1; 1; 0; 1; 0
6594; 10; 0; 0; 1; 1; 1; 0; 1; 0
6602; 2; 0; 0; 1; 1; 1; 0; 1; 0
6615; 2; 0; 0; 1; 1; 1; 0; 1; 0
6675; 42; 0; 0; 1; 1; 1; 0; 1; 0
6676; 6; 0; 0; 1; 1; 1; 0; 1; 0
6682; 18; 0; 0; 1; 1; 1; 0; 1; 0
6687; 2; 0; 1; 0,81320528933267; 0,18679471066733; 0; 1; 0; 1
6698; 44; 0; 0; 1; 1; 1; 0; 1; 0
6704; 20; 0; 0; 1; 1; 1; 0; 1; 0
6707; 10; 0; 0; 1; 1; 1; 0; 1; 0
6718; 20; 1; 1; 0,916217709922545; 0,916217709922545; 0; 0; 0,499204896857961; 0,500795103142039
6721; 3; 0; 0; 1; 1; 1; 0; 1; 0
6727; 10; 0; 0; 1; 1; 1; 0; 1; 0
6733; 20; 0; 0; 1; 1; 1; 0; 1; 0
6739; 10; 0; 0; 0,984380249315405; 0,984380249315405; 1; 0; 1; 0
6749; 2; 1; 0; 0,990827646426459; 0,00917235357354092; 1; 0; 1; 0
6782; 2; 0; 0; 1; 1; 1; 0; 1; 0
6783; 10; 0; 0; 1; 1; 1; 0; 1; 0
6787; 2; 0; 0; 1; 1; 1; 0; 1; 0
6794; 13; 0; 0; 1; 1; 1; 0; 1; 0
6820; 10; 0; 0; 0,999999730319747; 0,999999730319747; 1; 0; 1; 0
6824; 2; 0; 0; 1; 1; 1; 0; 1; 0
6826; 10; 0; 0; 0,999999028987353; 0,999999028987353; 1; 0; 1; 0
6828; 10; 0; 0; 1; 1; 1; 0; 1; 0
6834; 10; 0; 0; 1; 1; 1; 0; 1; 0
6836; 2; 0; 0; 1; 1; 1; 0; 1; 0
6837; 36; 0; 0; 1; 1; 1; 0; 1; 0
6855; 20; 0; 0; 1; 1; 1; 0; 1; 0
6861; 20; 0; 0; 1; 1; 1; 0; 1; 0
6866; 21; 0; 0; 1; 1; 1; 0; 1; 0
6878; 19; 0; 0; 1; 1; 1; 0; 1; 0
6903; 20; 0; 0; 1; 1; 1; 0; 1; 0
6907; 20; 0; 0; 0,99737804497955; 0,99737804497955; 1; 0; 1; 0
6909; 20; 0; 0; 1; 1; 1; 0; 1; 0
6912; 19; 0; 0; 1; 1; 1; 0; 1; 0
6920; 24; 0; 0; 1; 1; 1; 0; 1; 0
6931; 18; 0; 0; 1; 1; 1; 0; 1; 0
6937; 10; 0; 0; 1; 1; 1; 0; 1; 0
6942; 2; 1; 1; 1; 1; 0; 0; 0,333563697350795; 0,666436302649205
6947; 10; 0; 0; 1; 1; 1; 0; 1; 0
6960; 13; 2; 1; 0,426149301728244; 0,288822006052035; 0; 0; 0,331599996738756; 0,668400003261244
6961; 24; 0; 0; 1; 1; 1; 0; 1; 0
6967; 100; 0; 0; 1; 1; 1; 0; 1; 0
6986; 20; 0; 0; 1; 1; 1; 0; 1; 0
6989; 21; 0; 0; 1; 1; 1; 0; 1; 0
6990; 2; 1; 1; 1; 1; 0; 0; 0,198971869079415; 0,801028130920585
6997; 10; 0; 0; 1; 1; 1; 0; 1; 0
7008; 16; 0; 0; 1; 1; 1; 0; 1; 0
7011; 2; 0; 1; 0,772251176516784; 0,227748823483216; 0; 0; 0,200841092605046; 0,799158907394954
7030; 2; 0; 0; 1; 1; 1; 0; 1; 0
7034; 18; 0; 0; 1; 1; 1; 0; 1; 0
7038; 2; 1; 0; 1; 0; 1; 0; 1; 0
7047; 2; 0; 0; 1; 1; 1; 0; 1; 0
7056; 2; 0; 0; 1; 1; 1; 0; 1; 0
7058; 2; 1; 0; 1; 0; 1; 0; 1; 0
7065; 2; 1; 1; 0,803729497597969; 0,803729497597969; 0; 0; 0,2016024431017; 0,798397556898301
7067; 10; 0; 0; 1; 1; 1; 0; 1; 0
7090; 2; 1; 1; 0,533742395064288; 0,533742395064288; 0; 1; 0; 1
7092; 13; 0; 0; 1; 1; 1; 0; 1; 0
7100; 10; 0; 0; 1; 1; 1; 0; 1; 0
7120; 10; 0; 0; 1; 1; 1; 0; 1; 0
7140; 2; 1; 0; 0,99066458808069; 0,00933541191931024; 1; 0; 1; 0
7145; 20; 0; 0; 0,999999999976986; 0,999999999976986; 1; 0; 1; 0
7150; 2; 0; 0; 1; 1; 1; 0; 1; 0
7155; 2; 1; 0; 1; 0; 1; 0; 1; 0
7158; 2; 0; 0; 1; 1; 1; 0; 1; 0
7167; 10; 0; 0; 1; 1; 1; 0; 1; 0
7175; 18; 0; 0; 1; 1; 1; 0; 1; 0
7178; 19; 0; 0; 1; 1; 1; 0; 1; 0
7186; 2; 0; 0; 1; 1; 1; 0; 1; 0
7213; 13; 1; 0; 0,0799826246360419; 0,0402085043674972; 1; 0; 1; 0
7218; 2; 0; 0; 1; 1; 1; 0; 1; 0
7226; 2; 1; 1; 0,916217709922545; 0,916217709922545; 0; 0; 0,19881132297054; 0,80118867702946
7244; 18; 0; 0; 1; 1; 1; 0; 1; 0
7258; 10; 0; 0; 1; 1; 1; 0; 1; 0
7260; 3; 0; 0; 1; 1; 1; 0; 1; 0
7262; 20; 0; 0; 1; 1; 1; 0; 1; 0
7278; 20; 0; 0; 0,999717469689896; 0,999717469689896; 1; 0; 1; 0
7279; 2; 1; 1; 0,977308014578078; 0,977308014578078; 0; 0; 0,165746467054004; 0,834253532945996
7283; 2; 1; 0; 1; 0; 1; 0; 1; 0
7287; 3; 0; 2; 0,554377020003056; 0,424024693091161; 0; 0; 0,500296553284424; 0,499703446715576
7288; 20; 0; 0; 1; 1; 1; 0; 1; 0
7299; 26; 0; 0; 1; 1; 1; 0; 1; 0
7314; 2; 1; 1; 1; 1; 0; 0; 0,333563697350795; 0,666436302649205
7316; 380; 0; 0; 1; 1; 1; 0; 1; 0
7318; 4; 0; 0; 1; 1; 1; 0; 1; 0
7332; 3; 0; 0; 0,990261573176758; 0,990261573176758; 1; 0; 1; 0
7334; 10; 0; 0; 1; 1; 1; 0; 1; 0
7335; 18; 0; 0; 1; 1; 1; 0; 1; 0
7336; 15; 0; 0; 1; 1; 1; 0; 1; 0
7337; 2; 0; 0; 1; 1; 1; 0; 1; 0
7344; 10; 0; 0; 1; 1; 1; 0; 1; 0
7345; 21; 0; 0; 1; 1; 1; 0; 1; 0
7363; 4; 0; 0; 1; 1; 1; 0; 1; 0
7364; 38; 0; 0; 1; 1; 1; 0; 1; 0
7375; 17; 0; 0; 1; 1; 1; 0; 1; 0
7397; 2; 0; 0; 1; 1; 1; 0; 1; 0
7402; 12; 0; 0; 1; 1; 1; 0; 1; 0
7415; 10; 0; 0; 1; 1; 1; 0; 1; 0
7418; 4; 0; 0; 1; 1; 1; 0; 1; 0
7437; 19; 0; 0; 1; 1; 1; 0; 1; 0
7440; 2; 0; 0; 1; 1; 1; 0; 1; 0
7450; 10; 0; 0; 1; 1; 1; 0; 1; 0
7466; 21; 0; 0; 1; 1; 1; 0; 1; 0
7470; 20; 0; 0; 0,999999999995713; 0,999999999995713; 1; 0; 1; 0
7471; 3; 0; 0; 0,547145300238915; 0,547145300238915; 1; 0; 1; 0
7473; 20; 0; 0; 1; 1; 1; 0; 1; 0
7476; 24; 0; 0; 0,995144951585139; 0,995144951585139; 1; 0; 1; 0
7478; 10; 0; 0; 1; 1; 1; 0; 1; 0
7492; 10; 0; 0; 0,999977041335394; 0,999977041335394; 1; 0; 1; 0
7495; 10; 0; 0; 1; 1; 1; 0; 1; 0
7502; 4; 0; 0; 1; 1; 1; 0; 1; 0
7517; 2; 1; 0; 1; 0; 1; 0; 1; 0
7518; 16; 0; 0; 1; 1; 1; 0; 1; 0
7520; 16; 0; 0; 1; 1; 1; 0; 1; 0
7521; 3; 1; 1; 0,534753866407757; 0,534753866407757; 0; 0; 0,501089764995773; 0,498910235004227
7522; 2; 1; 1; 1; 1; 0; 0; 0,334527279994034; 0,665472720005966
7528; 10; 0; 0; 0,999931815104043; 0,999931815104043; 1; 0; 1; 0
7538; 2; 0; 0; 1; 1; 1; 0; 1; 0
7539; 10; 0; 0; 1; 1; 1; 0; 1; 0
7542; 10; 0; 0; 1; 1; 1; 0; 1; 0
7550; 2; 0; 0; 1; 1; 1; 0; 1; 0
7578; 2; 0; 0; 1; 1; 1; 0; 1; 0
7580; 3; 0; 0; 0,945774642554537; 0,945774642554537; 1; 0; 1; 0
7582; 16; 0; 0; 0,999999999076115; 0,999999999076115; 1; 0; 1; 0
7591; 10; 0; 0; 1; 1; 1; 0; 1; 0
7597; 2; 0; 0; 1; 1; 1; 0; 1; 0
7598; 2; 0; 0; 1; 1; 1; 0; 1; 0
7613; 10; 0; 0; 1; 1; 1; 0; 1; 0
7617; 2; 0; 0; 0,604262278358072; 0,604262278358072; 1; 0; 1; 0
7618; 2; 0; 0; 1; 1; 1; 0; 1; 0
7623; 2; 0; 0; 1; 1; 1; 0; 1; 0
7625; 170; 0; 0; 1; 1; 1; 0; 1; 0
7626; 25; 4; 3; 1; 0; 0; 0; 0,55486343467288; 0,44513656532712
7632; 2; 0; 0; 1; 1; 1; 0; 1; 0
7650; 24; 0; 0; 0,905617293707913; 0,905617293707913; 1; 0; 1; 0
7651; 10; 0; 0; 1; 1; 1; 0; 1; 0
7657; 13; 0; 0; 1; 1; 1; 0; 1; 0
7662; 8; 2; 0; 1; 0; 1; 0; 1; 0
7668; 15; 0; 0; 1; 1; 1; 0; 1; 0
7675; 2; 0; 0; 1; 1; 1; 0; 1; 0
7689; 2; 0; 0; 1; 1; 1; 0; 1; 0
7692; 10; 2; 0; 1; 0; 1; 0; 1; 0
7698; 2; 0; 0; 0,993485412011259; 0,993485412011259; 1; 0; 1; 0
7701; 10; 0; 0; 1; 1; 1; 0; 1; 0
7702; 10; 0; 0; 1; 1; 1; 0; 1; 0
7703; 17; 0; 0; 1; 1; 1; 0; 1; 0
7710; 2; 1; 1; 0,554787728038343; 0,554787728038343; 0; 0; 0,333102975516419; 0,666897024483581
7712; 3; 1; 1; 0,519547674733669; 0,519547674733669; 0; 0; 0,333102975516419; 0,666897024483581
7714; 18; 0; 0; 1; 1; 1; 0; 1; 0
7721; 2; 0; 0; 1; 1; 1; 0; 1; 0
7731; 2; 0; 0; 1; 1; 1; 0; 1; 0
7738; 2; 1; 1; 1; 1; 0; 0; 0,375515686643582; 0,624484313356419
7741; 18; 0; 0; 1; 1; 1; 0; 1; 0
7754; 2; 0; 0; 1; 1; 1; 0; 1; 0
7759; 4; 2; 0; 1; 0; 1; 0; 1; 0
7765; 20; 0; 0; 1; 1; 1; 0; 1; 0
7784; 4; 0; 0; 1; 1; 1; 0; 1; 0
7787; 10; 0; 0; 1; 1; 1; 0; 1; 0
7790; 19; 0; 0; 1; 1; 1; 0; 1; 0
7796; 10; 0; 0; 1; 1; 1; 0; 1; 0
7800; 10; 0; 0; 1; 1; 1; 0; 1; 0
7812; 19; 0; 0; 1; 1; 1; 0; 1; 0
7815; 40; 0; 0; 1; 1; 1; 0; 1; 0
7819; 10; 0; 0; 1; 1; 1; 0; 1; 0
7820; 21; 0; 0; 1; 1; 1; 0; 1; 0
7832; 36; 0; 0; 1; 1; 1; 0; 1; 0
7836; 10; 0; 0; 1; 1; 1; 0; 1; 0
7846; 20; 0; 0; 0,999999999999596; 0,999999999999596; 1; 0; 1; 0
7853; 2; 0; 0; 1; 1; 1; 0; 1; 0
7854; 2; 1; 1; 1; 1; 0; 0; 0,428624748939319; 0,571375251060681
7859; 3; 0; 0; 1; 1; 1; 0; 1; 0
7861; 10; 0; 0; 0,999999940993714; 0,999999940993714; 1; 0; 1; 0
7869; 2; 0; 0; 1; 1; 1; 0; 1; 0
7870; 3; 2; 0; 0,589166782233592; 0,00374240127316293; 1; 0; 1; 0
7882; 2; 0; 0; 1; 1; 1; 0; 1; 0
7889; 20; 0; 0; 1; 1; 1; 0; 1; 0
7897; 19; 0; 0; 1; 1; 1; 0; 1; 0
7902; 2; 0; 0; 0,94413456614414; 0,94413456614414; 1; 0; 1; 0
7904; 20; 0; 0; 0,749330289802087; 0,749330289802087; 1; 0; 1; 0
7959; 20; 0; 0; 1; 1; 1; 0; 1; 0
7970; 15; 0; 0; 1; 1; 1; 0; 1; 0
7974; 18; 0; 0; 0,866866285931138; 0,866866285931138; 1; 0; 1; 0
7989; 17; 0; 0; 1; 1; 1; 0; 1; 0
8007; 260; 0; 0; 1; 1; 1; 0; 1; 0
8013; 10; 0; 0; 1; 1; 1; 0; 1; 0
8014; 18; 0; 0; 1; 1; 1; 0; 1; 0
8018; 2; 0; 0; 1; 1; 1; 0; 1; 0
8034; 2; 0; 0; 1; 1; 1; 0; 1; 0
8037; 16; 0; 0; 1; 1; 1; 0; 1; 0
8041; 2; 0; 0; 1; 1; 1; 0; 1; 0
8045; 2; 0; 0; 1; 1; 1; 0; 1; 0
8083; 10; 0; 0; 1; 1; 1; 0; 1; 0
8110; 20; 1; 0; 1; 0; 1; 0; 1; 0
8116; 32; 0; 0; 1; 1; 1; 0; 1; 0
8117; 10; 0; 0; 1; 1; 1; 0; 1; 0
8125; 2; 0; 0; 1; 1; 1; 0; 1; 0
8130; 4; 1; 1; 1; 1; 0; 0; 0,500296553284424; 0,499703446715576
8136; 10; 0; 0; 1; 1; 1; 0; 1; 0
8144; 20; 12; 0; 0,481486658012774; 0; 1; 0; 1; 0
8156; 2; 0; 1; 0,886498542540169; 0,113501457459831; 0; 1; 0; 1
8190; 2; 0; 0; 1; 1; 1; 0; 1; 0
8194; 2; 1; 1; 0,931562863938459; 0,931562863938459; 0; 0; 0,167557985463015; 0,832442014536985
8197; 2; 0; 1; 1; 0; 0; 0; 0,198971869079415; 0,801028130920585
8203; 34; 0; 0; 1; 1; 1; 0; 1; 0
8209; 2; 0; 0; 1; 1; 1; 0; 1; 0
8214; 13; 2; 0; 0,364619671244321; 0,324669855668315; 1; 0; 1; 0
8215; 19; 0; 0; 1; 1; 1; 0; 1; 0
8231; 10; 0; 0; 1; 1; 1; 0; 1; 0
8245; 2; 1; 0; 1; 0; 1; 0; 1; 0
8249; 25; 0; 0; 1; 1; 1; 0; 1; 0
8253; 2; 0; 0; 1; 1; 1; 0; 1; 0
8257; 10; 0; 0; 1; 1; 1; 0; 1; 0
8260; 20; 10; 10; 0,878499210524231; 0,878499210524231; 0; 0; 0,428067108881268; 0,571932891118732
8286; 2; 0; 0; 1; 1; 1; 0; 1; 0
8304; 2; 0; 0; 1; 1; 1; 0; 1; 0
8307; 10; 0; 0; 0,999984414154587; 0,999984414154587; 1; 0; 1; 0
8308; 24; 0; 0; 1; 1; 1; 0; 1; 0
8309; 2; 0; 0; 1; 1; 1; 0; 1; 0
8315; 17; 0; 0; 1; 1; 1; 0; 1; 0
8332; 2; 0; 0; 1; 1; 1; 0; 1; 0
8341; 20; 0; 0; 1; 1; 1; 0; 1; 0
8352; 3; 0; 0; 1; 1; 1; 0; 1; 0
8356; 17; 0; 0; 1; 1; 1; 0; 1; 0
8358; 16; 0; 1; 0,473221048481679; 0,235366171772004; 0; 0; 0,428624748939319; 0,571375251060681
8369; 36; 0; 0; 1; 1; 1; 0; 1; 0
8375; 20; 3; 0; 0,795028030431061; 0; 1; 0; 1; 0
8376; 20; 0; 0; 1; 1; 1; 0; 1; 0
8381; 2; 0; 0; 1; 1; 1; 0; 1; 0
8408; 3; 2; 2; 1; 1; 0; 1; 0; 1
8413; 10; 0; 0; 1; 1; 1; 0; 1; 0
8419; 2; 0; 0; 1; 1; 1; 0; 1; 0
8423; 2; 0; 0; 1; 1; 1; 0; 1; 0
8431; 3; 0; 0; 1; 1; 1; 0; 1; 0
8436; 18; 0; 0; 1; 1; 1; 0; 1; 0
8445; 10; 0; 0; 1; 1; 1; 0; 1; 0
8448; 13; 0; 0; 1; 1; 1; 0; 1; 0
8451; 25; 0; 0; 0,70779573329193; 0,70779573329193; 1; 0; 1; 0
8456; 2; 0; 0; 1; 1; 1; 0; 1; 0
8462; 4; 2; 2; 0,621097542845471; 0,621097542845471; 0; 0; 0,376242565763766; 0,623757434236234
8487; 4; 0; 0; 1; 1; 1; 0; 1; 0
8491; 36; 0; 0; 1; 1; 1; 0; 1; 0
8496; 2; 0; 0; 1; 1; 1; 0; 1; 0
8502; 2; 0; 0; 1; 1; 1; 0; 1; 0
8506; 2; 0; 0; 1; 1; 1; 0; 1; 0
8512; 2; 0; 0; 0,75275880814265; 0,75275880814265; 1; 0; 1; 0
8518; 24; 0; 0; 0,999999999999838; 0,999999999999838; 1; 0; 1; 0
8530; 21; 0; 0; 1; 1; 1; 0; 1; 0
8548; 10; 0; 0; 1; 1; 1; 0; 1; 0
8550; 2; 0; 0; 1; 1; 1; 0; 1; 0
8554; 2; 0; 0; 1; 1; 1; 0; 1; 0
8559; 2; 0; 0; 1; 1; 1; 0; 1; 0
8565; 10; 2; 2; 0,450741679274763; 0,450741679274763; 0; 1; 0; 1
8568; 2; 0; 0; 1; 1; 1; 0; 1; 0
8586; 2; 0; 0; 1; 1; 1; 0; 1; 0
8596; 10; 0; 0; 1; 1; 1; 0; 1; 0
8608; 2; 0; 0; 1; 1; 1; 0; 1; 0
8609; 10; 0; 0; 0,996228281227954; 0,996228281227954; 1; 0; 1; 0
8620; 2; 0; 0; 1; 1; 1; 0; 1; 0
8623; 2; 0; 1; 1; 0; 0; 0; 0,285883944611062; 0,714116055388938
8625; 10; 0; 0; 1; 1; 1; 0; 1; 0
8626; 21; 0; 0; 1; 1; 1; 0; 1; 0
8627; 10; 0; 0; 0,892139031558399; 0,892139031558399; 1; 0; 1; 0
8641; 13; 0; 0; 1; 1; 1; 0; 1; 0
8650; 2; 0; 0; 1; 1; 1; 0; 1; 0
8655; 2; 0; 0; 1; 1; 1; 0; 1; 0
8661; 2; 0; 0; 1; 1; 1; 0; 1; 0
8694; 2; 0; 1; 0,977314487239466; 0,0226855127605338; 0; 1; 0; 1
8701; 10; 0; 0; 1; 1; 1; 0; 1; 0
8703; 10; 0; 0; 0,999994284592032; 0,999994284592032; 1; 0; 1; 0
8705; 13; 0; 0; 1; 1; 1; 0; 1; 0
8713; 20; 0; 0; 1; 1; 1; 0; 1; 0
8736; 20; 0; 0; 0,999116369737088; 0,999116369737088; 1; 0; 1; 0
8737; 2; 0; 0; 1; 1; 1; 0; 1; 0
8749; 2; 0; 0; 1; 1; 1; 0; 1; 0
8754; 10; 0; 0; 0,999943085279656; 0,999943085279656; 1; 0; 1; 0
8771; 10; 2; 1; 0,732352725870502; 0,0920709395535776; 0; 1; 0; 1
8800; 40; 0; 0; 1; 1; 1; 0; 1; 0
8801; 17; 0; 0; 1; 1; 1; 0; 1; 0
8803; 3; 2; 2; 0,614939303877492; 0,614939303877492; 0; 0; 0,167469245601942; 0,832530754398058
8810; 10; 0; 0; 1; 1; 1; 0; 1; 0
8815; 13; 0; 0; 1; 1; 1; 0; 1; 0
8817; 2; 0; 0; 1; 1; 1; 0; 1; 0
8818; 19; 0; 0; 1; 1; 1; 0; 1; 0
8820; 4; 0; 0; 1; 1; 1; 0; 1; 0
8822; 14; 0; 0; 0,999973953716396; 0,999973953716396; 1; 0; 1; 0
8824; 20; 0; 0; 1; 1; 1; 0; 1; 0
8827; 4; 0; 0; 1; 1; 1; 0; 1; 0
8831; 20; 0; 0; 1; 1; 1; 0; 1; 0
8834; 2; 1; 1; 0,920330162052393; 0,920330162052393; 0; 1; 0; 1
8842; 21; 0; 0; 1; 1; 1; 0; 1; 0
8856; 13; 0; 0; 1; 1; 1; 0; 1; 0
8865; 10; 6; 2; 0,158808629334153; 0,0761094890938922; 0; 0; 0,499830914844845; 0,500169085155155
8884; 3; 0; 0; 1; 1; 1; 0; 1; 0
8886; 10; 0; 0; 0,999999987106935; 0,999999987106935; 1; 0; 1; 0
8889; 15; 0; 0; 1; 1; 1; 0; 1; 0
8895; 16; 0; 0; 0,999996382784781; 0,999996382784781; 1; 0; 1; 0
8902; 4; 2; 2; 0,617326114226335; 0,617326114226335; 0; 0; 0,429178045545455; 0,570821954454545
8903; 26; 0; 0; 1; 1; 1; 0; 1; 0
8909; 10; 0; 0; 1; 1; 1; 0; 1; 0
8918; 25; 0; 0; 1; 1; 1; 0; 1; 0
8922; 2; 0; 0; 1; 1; 1; 0; 1; 0
8926; 2; 0; 0; 1; 1; 1; 0; 1; 0
8937; 20; 0; 0; 1; 1; 1; 0; 1; 0
8942; 3; 0; 0; 1; 1; 1; 0; 1; 0
8948; 2; 0; 0; 1; 1; 1; 0; 1; 0
8951; 18; 0; 0; 1; 1; 1; 0; 1; 0
8956; 21; 0; 0; 0,999379451205255; 0,999379451205255; 1; 0; 1; 0
8959; 20; 0; 0; 1; 1; 1; 0; 1; 0
8962; 6; 0; 2; 0,582370202429246; 0,200593971587304; 0; 0; 0,373360885879541; 0,626639114120459
8965; 2; 0; 0; 1; 1; 1; 0; 1; 0
8966; 2; 1; 0; 0,669788546751181; 0,330211453248819; 1; 0; 1; 0
8976; 2; 1; 1; 1; 1; 0; 1; 0; 1
8982; 10; 0; 0; 1; 1; 1; 0; 1; 0
8994; 2; 0; 0; 1; 1; 1; 0; 1; 0
9003; 2; 0; 0; 1; 1; 1; 0; 1; 0
9005; 10; 1; 2; 0,98925264643284; 0; 0; 0; 0,3340232507444; 0,6659767492556
9010; 13; 1; 2; 1; 0; 0; 1; 0; 1
9016; 5; 0; 0; 1; 1; 1; 0; 1; 0
9019; 10; 0; 0; 1; 1; 1; 0; 1; 0
9021; 2; 1; 0; 0,976868076485586; 0,0231319235144141; 1; 0; 1; 0
9034; 3; 0; 0; 1; 1; 1; 0; 1; 0
9039; 10; 0; 0; 1; 1; 1; 0; 1; 0
9044; 4; 0; 0; 1; 1; 1; 0; 1; 0
9045; 10; 0; 0; 1; 1; 1; 0; 1; 0
9060; 21; 0; 0; 1; 1; 1; 0; 1; 0
9076; 25; 0; 0; 0,999999999999605; 0,999999999999605; 1; 0; 1; 0
9085; 10; 1; 0; 0,734251063996243; 0,265748936003749; 1; 0; 1; 0
9089; 4; 0; 0; 1; 1; 1; 0; 1; 0
9090; 10; 0; 0; 0,996028139970844; 0,996028139970844; 1; 0; 1; 0
9091; 5; 0; 0; 1; 1; 1; 0; 1; 0
9107; 42; 0; 0; 1; 1; 1; 0; 1; 0
9120; 10; 0; 0; 1; 1; 1; 0; 1; 0
9123; 15; 0; 0; 1; 1; 1; 0; 1; 0
9133; 10; 0; 0; 1; 1; 1; 0; 1; 0
9140; 2; 0; 0; 1; 1; 1; 0; 1; 0
9165; 10; 0; 0; 1; 1; 1; 0; 1; 0
9172; 3; 2; 2; 0,656400375441317; 0,656400375441317; 0; 0; 0,375463052198349; 0,624536947801651
9178; 10; 0; 0; 0,999997272830764; 0,999997272830764; 1; 0; 1; 0
9180; 20; 0; 0; 1; 1; 1; 0; 1; 0
9188; 10; 0; 0; 1; 1; 1; 0; 1; 0
9198; 2; 0; 0; 1; 1; 1; 0; 1; 0
9203; 13; 0; 0; 1; 1; 1; 0; 1; 0
9204; 3; 2; 2; 1; 1; 0; 0; 0,251076692263884; 0,748923307736116
9205; 2; 0; 0; 1; 1; 1; 0; 1; 0
9208; 20; 0; 0; 1; 1; 1; 0; 1; 0
9213; 2; 0; 0; 1; 1; 1; 0; 1; 0
9220; 20; 0; 0; 0,999991653516189; 0,999991653516189; 1; 0; 1; 0
9227; 2; 1; 1; 0,660568056756784; 0,660568056756784; 0; 1; 0; 1
9240; 13; 0; 0; 1; 1; 1; 0; 1; 0
9253; 4; 1; 1; 1; 1; 0; 0; 0,500296553284424; 0,499703446715576
9258; 21; 0; 0; 0,998428998942324; 0,998428998942324; 1; 0; 1; 0
9260; 10; 0; 0; 0,998509652271924; 0,998509652271924; 1; 0; 1; 0
9279; 3; 0; 0; 1; 1; 1; 0; 1; 0
9285; 2; 0; 0; 1; 1; 1; 0; 1; 0
9298; 10; 0; 0; 1; 1; 1; 0; 1; 0
9313; 13; 0; 0; 1; 1; 1; 0; 1; 0
9314; 16; 0; 2; 0,62980270874819; 0,203645757693407; 0; 0; 0,125564946230051; 0,874435053769949
9344; 10; 0; 0; 1; 1; 1; 0; 1; 0
9345; 2; 0; 0; 1; 1; 1; 0; 1; 0
9360; 4; 0; 0; 0,999998507727399; 0,999998507727399; 1; 0; 1; 0
9364; 3; 0; 0; 1; 1; 1; 0; 1; 0
9378; 2; 0; 0; 1; 1; 1; 0; 1; 0
9388; 2; 0; 0; 1; 1; 1; 0; 1; 0
9389; 2; 0; 0; 0,752687850883312; 0,752687850883312; 1; 0; 1; 0
9395; 2; 1; 1; 0,893876271739663; 0,893876271739663; 0; 0; 0,334786093832472; 0,665213906167529
9402; 10; 0; 0; 0,999990077475573; 0,999990077475573; 1; 0; 1; 0
9403; 13; 0; 0; 1; 1; 1; 0; 1; 0
9410; 24; 0; 0; 1; 1; 1; 0; 1; 0
9413; 17; 0; 0; 1; 1; 1; 0; 1; 0
9415; 2; 0; 0; 1; 1; 1; 0; 1; 0
9419; 4; 0; 0; 1; 1; 1; 0; 1; 0
9420; 13; 0; 0; 1; 1; 1; 0; 1; 0
9423; 190; 0; 0; 1; 1; 1; 0; 1; 0
9436; 10; 0; 2; 0,881690143887988; 0,0201459143183762; 0; 1; 0; 1
9450; 2; 0; 0; 0,999101927607453; 0,999101927607453; 1; 0; 1; 0
9451; 21; 0; 0; 0,999116896819675; 0,999116896819675; 1; 0; 1; 0
9456; 3; 2; 1; 1; 0; 0; 1; 0; 1
9458; 10; 0; 0; 1; 1; 1; 0; 1; 0
9460; 21; 0; 0; 1; 1; 1; 0; 1; 0
9469; 2; 0; 1; 0,865547002011768; 0,134452997988232; 0; 1; 0; 1
9472; 2; 0; 0; 1; 1; 1; 0; 1; 0
9485; 2; 0; 0; 1; 1; 1; 0; 1; 0
9486; 20; 0; 0; 1; 1; 1; 0; 1; 0
9495; 13; 0; 0; 1; 1; 1; 0; 1; 0
9512; 2; 1; 1; 0,702977716086232; 0,702977716086232; 0; 0; 0,199175821663917; 0,800824178336083
9522; 51; 0; 0; 0,521593427276742; 0,521593427276742; 1; 0; 1; 0
9527; 4; 0; 0; 1; 1; 1; 0; 1; 0
9533; 170; 0; 0; 1; 1; 1; 0; 1; 0
9545; 2; 0; 0; 1; 1; 1; 0; 1; 0
9549; 2; 0; 0; 1; 1; 1; 0; 1; 0
9560; 20; 0; 0; 0,999999760347285; 0,999999760347285; 1; 0; 1; 0
9569; 10; 0; 0; 1; 1; 1; 0; 1; 0
9574; 2; 0; 0; 0,999651805896148; 0,999651805896148; 1; 0; 1; 0
9591; 10; 0; 0; 1; 1; 1; 0; 1; 0
9614; 17; 0; 0; 1; 1; 1; 0; 1; 0
9615; 100; 0; 0; 1; 1; 1; 0; 1; 0
9619; 14; 0; 0; 0,999974180375923; 0,999974180375923; 1; 0; 1; 0
9620; 21; 0; 0; 0,997293733810611; 0,997293733810611; 1; 0; 1; 0
9633; 2; 0; 0; 0,977417296189662; 0,977417296189662; 1; 0; 1; 0
9636; 60; 0; 0; 1; 1; 1; 0; 1; 0
9653; 2; 0; 0; 1; 1; 1; 0; 1; 0
9657; 250; 0; 0; 0,999999999999835; 0,999999999999835; 1; 0; 1; 0
9661; 20; 0; 0; 1; 1; 1; 0; 1; 0
9669; 25; 0; 0; 0,999999859972345; 0,999999859972345; 1; 0; 1; 0
9671; 38; 0; 0; 1; 1; 1; 0; 1; 0
9682; 2; 0; 0; 1; 1; 1; 0; 1; 0
9705; 2; 0; 0; 1; 1; 1; 0; 1; 0
9714; 19; 0; 0; 1; 1; 1; 0; 1; 0
9716; 10; 0; 0; 1; 1; 1; 0; 1; 0
9726; 360; 0; 0; 0,999107427914253; 0,999107427914253; 1; 0; 1; 0
9746; 3; 0; 0; 1; 1; 1; 0; 1; 0
9756; 2; 0; 1; 0,714351835210572; 0,285648164789428; 0; 0; 0,428431735058879; 0,571568264941121
9764; 2; 1; 0; 1; 0; 1; 0; 1; 0
9773; 2; 0; 0; 1; 1; 1; 0; 1; 0
9774; 16; 1; 1; 0,420331394943721; 0,420331394943721; 0; 0; 0,500369451615935; 0,499630548384065
9778; 10; 0; 0; 1; 1; 1; 0; 1; 0
9779; 10; 0; 0; 0,999957531018281; 0,999957531018281; 1; 0; 1; 0
9787; 10; 1; 2; 0,988915711129727; 0; 0; 0; 0,142183494865268; 0,857816505134732
9807; 2; 0; 0; 1; 1; 1; 0; 1; 0
9813; 21; 0; 0; 0,99897198871465; 0,99897198871465; 1; 0; 1; 0
9826; 2; 1; 1; 1; 1; 0; 0; 0,28552170089755; 0,71447829910245
9833; 2; 1; 1; 0,872733529260257; 0,872733529260257; 0; 1; 0; 1
9837; 2; 0; 0; 1; 1; 1; 0; 1; 0
9841; 3; 1; 0; 0,999999974343807; 2,56561930872633E-08; 1; 0; 1; 0
9846; 5; 0; 0; 1; 1; 1; 0; 1; 0
9856; 20; 0; 0; 0,999993437179611; 0,999993437179611; 1; 0; 1; 0
9881; 2; 1; 1; 0,965577299709709; 0,965577299709709; 0; 0; 0,19881132297054; 0,80118867702946
9890; 3; 0; 0; 1; 1; 1; 0; 1; 0
9907; 26; 5; 4; 0,576192330093891; 3,3703118611145E-05; 0; 1; 0; 1
9923; 26; 0; 0; 1; 1; 1; 0; 1; 0
9928; 13; 0; 0; 1; 1; 1; 0; 1; 0
9932; 2; 1; 0; 0,774295909372912; 0,225704090627087; 1; 0; 1; 0
9935; 13; 0; 0; 1; 1; 1; 0; 1; 0
9940; 20; 1; 1; 1; 1; 0; 0; 0,624842559363255; 0,375157440636745
9947; 2; 0; 0; 1; 1; 1; 0; 1; 0
9957; 21; 0; 0; 1; 1; 1; 0; 1; 0
9959; 2; 0; 0; 1; 1; 1; 0; 1; 0
9960; 10; 0; 0; 1; 1; 1; 0; 1; 0
9961; 38; 0; 0; 1; 1; 1; 0; 1; 0
9965; 10; 0; 0; 1; 1; 1; 0; 1; 0
9980; 10; 0; 0; 1; 1; 1; 0; 1; 0
9982; 2; 0; 0; 1; 1; 1; 0; 1; 0
9987; 20; 0; 0; 0,999997077477734; 0,999997077477734; 1; 0; 1; 0
9988; 2; 0; 0; 0,999741935333865; 0,999741935333865; 1; 0; 1; 0
9995; 10; 0; 1; 1; 0; 0; 0; 0,249965076943371; 0,750034923056629
10002; 2; 0; 0; 1; 1; 1; 0; 1; 0
10008; 10; 0; 0; 0,994325990621618; 0,994325990621618; 1; 0; 1; 0
10009; 2; 0; 0; 1; 1; 1; 0; 1; 0
10012; 4; 0; 2; 0,797285733906062; 0,202446654970546; 0; 0; 0,284446262826987; 0,715553737173013
10018; 10; 0; 0; 1; 1; 1; 0; 1; 0
10021; 4; 0; 0; 1; 1; 1; 0; 1; 0
10022; 10; 0; 0; 1; 1; 1; 0; 1; 0
10038; 10; 0; 0; 0,999953954725078; 0,999953954725078; 1; 0; 1; 0
10048; 10; 0; 0; 0,999310408116544; 0,999310408116544; 1; 0; 1; 0
10058; 2; 1; 0; 1; 0; 1; 0; 1; 0
10061; 19; 0; 0; 1; 1; 1; 0; 1; 0
10065; 19; 0; 0; 0,999384305993897; 0,999384305993897; 1; 0; 1; 0
10091; 21; 0; 0; 0,999330782639499; 0,999330782639499; 1; 0; 1; 0
10109; 10; 0; 0; 1; 1; 1; 0; 1; 0
10110; 2; 0; 0; 1; 1; 1; 0; 1; 0
10119; 16; 0; 0; 0,540154804827572; 0,540154804827572; 1; 0; 1; 0
10128; 18; 0; 2; 0,9903781637497; 0,000297932153917533; 0; 1; 0; 1
10131; 3; 0; 0; 0,999854215040769; 0,999854215040769; 1; 0; 1; 0
10133; 10; 0; 0; 0,999980740097696; 0,999980740097696; 1; 0; 1; 0
10135; 2; 0; 0; 1; 1; 1; 0; 1; 0
10144; 2; 0; 0; 1; 1; 1; 0; 1; 0
10157; 2; 0; 0; 0,999651805896148; 0,999651805896148; 1; 0; 1; 0
10161; 15; 0; 0; 1; 1; 1; 0; 1; 0
10172; 26; 0; 0; 0,987931782765138; 0,987931782765138; 1; 0; 1; 0
10175; 18; 2; 2; 0,665029596549541; 0,665029596549541; 0; 1; 0; 1
10180; 2; 0; 0; 1; 1; 1; 0; 1; 0
10190; 10; 0; 0; 1; 1; 1; 0; 1; 0
10197; 19; 0; 0; 1; 1; 1; 0; 1; 0
10199; 38; 0; 0; 1; 1; 1; 0; 1; 0
10200; 16; 0; 2; 0,759986628685343; 0,0331488144097337; 0; 1; 0; 1
10202; 3; 0; 0; 1; 1; 1; 0; 1; 0
10203; 15; 0; 0; 1; 1; 1; 0; 1; 0
10206; 10; 0; 0; 1; 1; 1; 0; 1; 0
10211; 2; 0; 0; 1; 1; 1; 0; 1; 0
10216; 21; 0; 0; 0,999274343646319; 0,999274343646319; 1; 0; 1; 0
10223; 2; 0; 0; 1; 1; 1; 0; 1; 0
10227; 3; 1; 0; 1; 0; 1; 0; 1; 0
10233; 20; 0; 0; 1; 1; 1; 0; 1; 0
10236; 10; 0; 0; 1; 1; 1; 0; 1; 0
10237; 2; 1; 1; 0,651393479135511; 0,651393479135511; 0; 0; 0,334527279994034; 0,665472720005966
10240; 2; 0; 0; 1; 1; 1; 0; 1; 0
10242; 2; 0; 0; 1; 1; 1; 0; 1; 0
10246; 20; 0; 0; 1; 1; 1; 0; 1; 0
10248; 2; 0; 0; 1; 1; 1; 0; 1; 0
10251; 10; 0; 0; 1; 1; 1; 0; 1; 0
10254; 3; 0; 0; 0,999351697617008; 0,999351697617008; 1; 0; 1; 0
10269; 5; 0; 0; 1; 1; 1; 0; 1; 0
10301; 16; 0; 0; 0,831165223000877; 0,831165223000877; 1; 0; 1; 0
10309; 20; 0; 0; 0,999999817232147; 0,999999817232147; 1; 0; 1; 0
10314; 17; 0; 0; 1; 1; 1; 0; 1; 0
10319; 2; 0; 0; 1; 1; 1; 0; 1; 0
10330; 10; 0; 0; 1; 1; 1; 0; 1; 0
10333; 4; 2; 2; 0,941375789606413; 0,941375789606413; 0; 0; 0,499559359348612; 0,500440640651388
10337; 19; 0; 0; 1; 1; 1; 0; 1; 0
10362; 20; 0; 0; 1; 1; 1; 0; 1; 0
10363; 10; 0; 0; 1; 1; 1; 0; 1; 0
10364; 20; 0; 0; 1; 1; 1; 0; 1; 0
10366; 2; 0; 1; 0,874813407210479; 0,125186592789521; 0; 1; 0; 1
10368; 2; 0; 0; 1; 1; 1; 0; 1; 0
10378; 190; 0; 0; 1; 1; 1; 0; 1; 0
10384; 21; 0; 0; 1; 1; 1; 0; 1; 0
10386; 4; 0; 0; 0,999998507727399; 0,999998507727399; 1; 0; 1; 0
10389; 2; 0; 0; 1; 1; 1; 0; 1; 0
10390; 16; 0; 2; 0,741891928085772; 0,0367328501342732; 0; 1; 0; 1
10391; 2; 0; 0; 1; 1; 1; 0; 1; 0
10405; 10; 0; 0; 0,999929155723943; 0,999929155723943; 1; 0; 1; 0
10409; 3; 0; 0; 1; 1; 1; 0; 1; 0
10411; 4; 0; 0; 1; 1; 1; 0; 1; 0
10442; 20; 0; 0; 0,99999919474846; 0,99999919474846; 1; 0; 1; 0
10453; 13; 0; 0; 1; 1; 1; 0; 1; 0
10466; 24; 0; 0; 0,999999999999865; 0,999999999999865; 1; 0; 1; 0
10468; 15; 0; 0; 1; 1; 1; 0; 1; 0
10478; 3; 2; 0; 0,717914110932484; 0,0380311647754494; 1; 0; 1; 0
10508; 19; 0; 0; 1; 1; 1; 0; 1; 0
10517; 2; 0; 0; 1; 1; 1; 0; 1; 0
10526; 10; 0; 0; 1; 1; 1; 0; 1; 0
10528; 10; 0; 0; 1; 1; 1; 0; 1; 0
10540; 19; 0; 0; 1; 1; 1; 0; 1; 0
10544; 40; 0; 0; 0,999929225262799; 0,999929225262799; 1; 0; 1; 0
10545; 36; 0; 0; 1; 1; 1; 0; 1; 0
10557; 3; 0; 1; 0,993877089580065; 0,00132136390508038; 0; 0; 0,42962995594171; 0,57037004405829
10558; 2; 0; 0; 1; 1; 1; 0; 1; 0
10575; 21; 0; 0; 0,998520800589119; 0,998520800589119; 1; 0; 1; 0
10579; 13; 0; 0; 1; 1; 1; 0; 1; 0
10580; 13; 0; 0; 1; 1; 1; 0; 1; 0
10586; 19; 0; 0; 1; 1; 1; 0; 1; 0
10589; 2; 0; 1; 1; 0; 0; 1; 0; 1
10602; 10; 0; 0; 0,999504998457608; 0,999504998457608; 1; 0; 1; 0
10603; 10; 0; 0; 1; 1; 1; 0; 1; 0
10604; 10; 0; 0; 1; 1; 1; 0; 1; 0
10614; 40; 0; 0; 0,999052391105434; 0,999052391105434; 1; 0; 1; 0
10618; 21; 0; 0; 0,999394259373089; 0,999394259373089; 1; 0; 1; 0
10621; 18; 0; 0; 1; 1; 1; 0; 1; 0
10628; 19; 0; 0; 1; 1; 1; 0; 1; 0
10635; 2; 0; 0; 1; 1; 1; 0; 1; 0
10641; 3; 2; 2; 0,654671915568571; 0,654671915568571; 0; 0; 0,375463052198349; 0,624536947801651
10645; 2; 1; 1; 0,790257411497764; 0,790257411497764; 0; 0; 0,166235758316226; 0,833764241683774
10651; 10; 0; 0; 0,996796941274954; 0,996796941274954; 1; 0; 1; 0
10652; 18; 0; 0; 0,99358998553564; 0,99358998553564; 1; 0; 1; 0
10654; 19; 0; 0; 1; 1; 1; 0; 1; 0
10660; 10; 0; 0; 1; 1; 1; 0; 1; 0
10661; 18; 0; 0; 0,995077547367949; 0,995077547367949; 1; 0; 1; 0
10662; 2; 1; 0; 0,999186173543407; 0,000813826456592573; 1; 0; 1; 0
10664; 2; 0; 0; 0,999997629045543; 0,999997629045543; 1; 0; 1; 0
10670; 2; 0; 0; 1; 1; 1; 0; 1; 0
10675; 13; 0; 0; 1; 1; 1; 0; 1; 0
10678; 19; 0; 0; 1; 1; 1; 0; 1; 0
10679; 2; 0; 0; 1; 1; 1; 0; 1; 0
10687; 2; 0; 0; 1; 1; 1; 0; 1; 0
10691; 3; 0; 0; 1; 1; 1; 0; 1; 0
10694; 2; 1; 1; 1; 1; 0; 0; 0,500541875860553; 0,499458124139447
10699; 2; 0; 1; 0,831846456339797; 0,168153543660203; 0; 1; 0; 1
10709; 10; 2; 0; 0,61331452927181; 0,296408378896444; 1; 0; 1; 0
10733; 2; 0; 0; 1; 1; 1; 0; 1; 0
10734; 10; 0; 0; 1; 1; 1; 0; 1; 0
10735; 16; 0; 0; 1; 1; 1; 0; 1; 0
10749; 32; 0; 0; 1; 1; 1; 0; 1; 0
10753; 18; 3; 0; 1; 0; 1; 0; 1; 0
10767; 3; 0; 0; 0,771676093532842; 0,771676093532842; 1; 0; 1; 0
10771; 3; 0; 0; 0,769205109531965; 0,769205109531965; 1; 0; 1; 0
10777; 2; 0; 0; 1; 1; 1; 0; 1; 0
10791; 2; 0; 0; 1; 1; 1; 0; 1; 0
10806; 2; 0; 0; 1; 1; 1; 0; 1; 0
10813; 2; 0; 0; 1; 1; 1; 0; 1; 0
10827; 3; 0; 0; 1; 1; 1; 0; 1; 0
10830; 34; 0; 0; 0,506231813338882; 0,506231813338882; 1; 0; 1; 0
10833; 10; 0; 0; 1; 1; 1; 0; 1; 0
10841; 15; 0; 0; 1; 1; 1; 0; 1; 0
10844; 20; 0; 0; 0,999345992676579; 0,999345992676579; 1; 0; 1; 0
10872; 13; 0; 0; 1; 1; 1; 0; 1; 0
10876; 10; 0; 0; 0,999967563577995; 0,999967563577995; 1; 0; 1; 0
10883; 13; 0; 0; 1; 1; 1; 0; 1; 0
10888; 10; 0; 0; 1; 1; 1; 0; 1; 0
10909; 18; 3; 0; 1; 0; 1; 0; 1; 0
10917; 10; 2; 0; 1; 0; 1; 0; 1; 0
10919; 12; 0; 0; 1; 1; 1; 0; 1; 0
10921; 3; 0; 0; 1; 1; 1; 0; 1; 0
10964; 420; 0; 0; 0,999877874281495; 0,999877874281495; 1; 0; 1; 0
10969; 2; 0; 0; 1; 1; 1; 0; 1; 0
10975; 3; 2; 0; 1; 0; 1; 0; 1; 0
10976; 19; 0; 0; 1; 1; 1; 0; 1; 0
10984; 20; 0; 0; 0,991440073801124; 0,991440073801124; 1; 0; 1; 0
10989; 60; 0; 0; 1; 1; 1; 0; 1; 0
10990; 10; 2; 1; 0,711165564980762; 0,0521442145924472; 0; 0; 0,374412460103123; 0,625587539896877
11009; 190; 0; 0; 1; 1; 1; 0; 1; 0
11013; 16; 0; 0; 1; 1; 1; 0; 1; 0
11015; 2; 0; 0; 0,999998953781188; 0,999998953781188; 1; 0; 1; 0
11017; 3; 1; 0; 0,474236524004278; 0,152242674263997; 1; 0; 1; 0
11025; 13; 1; 0; 1; 0; 1; 0; 1; 0
11028; 38; 0; 0; 1; 1; 1; 0; 1; 0
11030; 17; 0; 0; 1; 1; 1; 0; 1; 0
11032; 2; 1; 0; 0,899604578229285; 0,100395421770715; 1; 0; 1; 0
11034; 10; 0; 0; 1; 1; 1; 0; 1; 0
11044; 10; 0; 0; 1; 1; 1; 0; 1; 0
11046; 10; 0; 0; 1; 1; 1; 0; 1; 0
11055; 2; 1; 1; 0,839150973924223; 0,839150973924223; 0; 0; 0,286688520378863; 0,713311479621137
11065; 3; 0; 0; 1; 1; 1; 0; 1; 0
11090; 2; 0; 0; 1; 1; 1; 0; 1; 0
11097; 2; 0; 0; 1; 1; 1; 0; 1; 0
11102; 2; 0; 0; 1; 1; 1; 0; 1; 0
11109; 3; 0; 0; 1; 1; 1; 0; 1; 0
11113; 19; 0; 0; 1; 1; 1; 0; 1; 0
11116; 2; 0; 0; 1; 1; 1; 0; 1; 0
11119; 20; 0; 0; 0,999532838663789; 0,999532838663789; 1; 0; 1; 0
11120; 2; 0; 0; 1; 1; 1; 0; 1; 0
11121; 10; 0; 0; 1; 1; 1; 0; 1; 0
11138; 19; 0; 0; 1; 1; 1; 0; 1; 0
11151; 20; 0; 0; 1; 1; 1; 0; 1; 0
11158; 38; 0; 0; 1; 1; 1; 0; 1; 0
11164; 2; 0; 0; 1; 1; 1; 0; 1; 0
11167; 2; 0; 0; 1; 1; 1; 0; 1; 0
11172; 2; 0; 0; 1; 1; 1; 0; 1; 0
11182; 2; 0; 0; 1; 1; 1; 0; 1; 0
11203; 2; 0; 0; 1; 1; 1; 0; 1; 0
11208; 3; 2; 1; 1; 0; 0; 1; 0; 1
11215; 2; 1; 1; 0,572209205991129; 0,572209205991129; 0; 0; 0,201039223774681; 0,798960776225319
11220; 2; 1; 1; 0,973429027126619; 0,973429027126619; 0; 1; 0; 1
11226; 2; 1; 1; 0,582973145496633; 0,582973145496633; 0; 1; 0; 1
11229; 17; 0; 0; 1; 1; 1; 0; 1; 0
11232; 10; 0; 0; 1; 1; 1; 0; 1; 0
11233; 120; 60; 0; 0,114090528094238; 0,0575179093140186; 1; 0; 1; 0
11234; 2; 1; 0; 0,828810252223575; 0,171189747776425; 1; 0; 1; 0
11255; 12; 0; 0; 1; 1; 1; 0; 1; 0
11283; 10; 0; 0; 1; 1; 1; 0; 1; 0
11285; 20; 0; 0; 1; 1; 1; 0; 1; 0
11290; 3; 0; 0; 1; 1; 1; 0; 1; 0
11292; 10; 0; 0; 1; 1; 1; 0; 1; 0
11295; 15; 0; 0; 1; 1; 1; 0; 1; 0
11298; 130; 0; 0; 1; 1; 1; 0; 1; 0
11306; 6; 4; 2; 0,941322223191316; 0,00938523778581267; 0; 0; 0,373360885879541; 0,626639114120459
11309; 3; 2; 1; 0,610017540030195; 0,355728473932232; 0; 0; 0,427455470223897; 0,572544529776103
11315; 200; 100; 0; 0,125557023415054; 0,0569341170050312; 1; 0; 1; 0
11317; 10; 5; 0; 1; 0; 1; 0; 1; 0
11319; 2; 0; 1; 0,986144307403653; 0,013855692596347; 0; 0; 0,200841092605046; 0,799158907394954
11320; 2; 0; 0; 1; 1; 1; 0; 1; 0
11321; 16; 0; 0; 1; 1; 1; 0; 1; 0
11323; 20; 0; 0; 1; 1; 1; 0; 1; 0
11329; 42; 0; 0; 0,999031524209973; 0,999031524209973; 1; 0; 1; 0
11352; 10; 0; 0; 1; 1; 1; 0; 1; 0
11354; 25; 0; 0; 0,999999859972345; 0,999999859972345; 1; 0; 1; 0
11356; 10; 0; 0; 1; 1; 1; 0; 1; 0
11365; 2; 0; 1; 1; 0; 0; 0; 0,555164323560495; 0,444835676439505
11373; 20; 0; 0; 1; 1; 1; 0; 1; 0
11381; 20; 0; 0; 1; 1; 1; 0; 1; 0
11396; 2; 1; 1; 0,761532774614115; 0,761532774614115; 0; 1; 0; 1
11402; 20; 0; 0; 1; 1; 1; 0; 1; 0
11406; 42; 0; 0; 1; 1; 1; 0; 1; 0
11414; 20; 0; 0; 0,968828345250445; 0,968828345250445; 1; 0; 1; 0
11415; 2; 1; 1; 1; 1; 0; 0; 0,199321718519391; 0,800678281480609
11442; 2; 0; 0; 1; 1; 1; 0; 1; 0
11453; 21; 0; 0; 0,998506188168475; 0,998506188168475; 1; 0; 1; 0
11476; 19; 0; 0; 1; 1; 1; 0; 1; 0
11477; 2; 1; 0; 1; 0; 1; 0; 1; 0
11479; 10; 1; 2; 0,988725472726186; 0; 0; 0; 0,334096601996542; 0,665903398003458
11489; 2; 1; 0; 1; 0; 1; 0; 1; 0
11494; 19; 0; 0; 1; 1; 1; 0; 1; 0
11496; 2; 0; 0; 1; 1; 1; 0; 1; 0
11499; 4; 0; 0; 1; 1; 1; 0; 1; 0
11500; 2; 1; 1; 0,886497419951353; 0,886497419951353; 0; 1; 0; 1
11508; 190; 0; 0; 1; 1; 1; 0; 1; 0
11513; 2; 0; 0; 1; 1; 1; 0; 1; 0
11534; 13; 0; 0; 1; 1; 1; 0; 1; 0
11537; 2; 0; 0; 1; 1; 1; 0; 1; 0
11547; 13; 0; 0; 1; 1; 1; 0; 1; 0
11552; 2; 0; 0; 1; 1; 1; 0; 1; 0
11553; 17; 0; 0; 1; 1; 1; 0; 1; 0
11555; 20; 0; 0; 0,999956791806985; 0,999956791806985; 1; 0; 1; 0
11556; 15; 0; 0; 1; 1; 1; 0; 1; 0
11569; 2; 0; 0; 1; 1; 1; 0; 1; 0
11581; 10; 0; 0; 1; 1; 1; 0; 1; 0
11583; 130; 0; 0; 1; 1; 1; 0; 1; 0
11591; 18; 0; 0; 1; 1; 1; 0; 1; 0
11599; 120; 0; 0; 1; 1; 1; 0; 1; 0
11607; 4; 0; 0; 0,999747994051609; 0,999747994051609; 1; 0; 1; 0
11608; 100; 10; 20; 0,994386130682582; 0; 0; 0; 0,334096601996542; 0,665903398003458
11613; 20; 0; 1; 0,78242880914316; 0,21757119085684; 0; 0; 0,374720925220588; 0,625279074779412
11621; 3; 0; 0; 0,998044954433341; 0,998044954433341; 1; 0; 1; 0
11628; 24; 0; 0; 0,999999999999979; 0,999999999999979; 1; 0; 1; 0
11633; 16; 0; 0; 0,999999999999991; 0,999999999999991; 1; 0; 1; 0
11635; 2; 0; 0; 1; 1; 1; 0; 1; 0
11655; 5; 0; 0; 1; 1; 1; 0; 1; 0
11657; 3; 0; 0; 1; 1; 1; 0; 1; 0
11658; 20; 0; 0; 1; 1; 1; 0; 1; 0
11660; 19; 0; 0; 0,338006653655536; 0,338006653655536; 1; 0; 1; 0
11663; 2; 0; 0; 0,629447247375161; 0,629447247375161; 1; 0; 1; 0
11666; 13; 0; 0; 1; 1; 1; 0; 1; 0
11668; 21; 0; 0; 0,99999987777536; 0,99999987777536; 1; 0; 1; 0
11680; 14; 0; 0; 0,999881901125245; 0,999881901125245; 1; 0; 1; 0
11685; 2; 0; 1; 0,999651805896148; 0,000348194103851997; 0; 1; 0; 1
11687; 10; 0; 0; 1; 1; 1; 0; 1; 0
11697; 2; 1; 0; 0,514323058270739; 0,485676941729261; 1; 0; 1; 0
11711; 3; 0; 1; 1; 0; 0; 0; 0,428193131701094; 0,571806868298906
11723; 36; 0; 0; 0,991997743015338; 0,991997743015338; 1; 0; 1; 0
11729; 2; 1; 1; 0,964707913805743; 0,964707913805743; 0; 1; 0; 1
11749; 10; 0; 0; 0,99999189542792; 0,99999189542792; 1; 0; 1; 0
11760; 32; 0; 0; 0,999322010417834; 0,999322010417834; 1; 0; 1; 0
11775; 3; 0; 0; 1; 1; 1; 0; 1; 0
11788; 13; 0; 0; 1; 1; 1; 0; 1; 0
11810; 13; 0; 0; 1; 1; 1; 0; 1; 0
11816; 2; 0; 0; 1; 1; 1; 0; 1; 0
11822; 2; 0; 0; 1; 1; 1; 0; 1; 0
11839; 2; 0; 0; 1; 1; 1; 0; 1; 0
11853; 100; 0; 0; 1; 1; 1; 0; 1; 0
11854; 2; 0; 0; 1; 1; 1; 0; 1; 0
11860; 4; 0; 0; 1; 1; 1; 0; 1; 0
11886; 26; 0; 0; 1; 1; 1; 0; 1; 0
11888; 3; 0; 0; 0,989702837660309; 0,989702837660309; 1; 0; 1; 0
11910; 2; 1; 1; 0,836991196676816; 0,836991196676816; 0; 0; 0,375294530866814; 0,624705469133186
11921; 3; 0; 0; 1; 1; 1; 0; 1; 0
11935; 2; 0; 0; 1; 1; 1; 0; 1; 0
11944; 2; 0; 0; 1; 1; 1; 0; 1; 0
11949; 20; 0; 0; 1; 1; 1; 0; 1; 0
11950; 2; 1; 1; 1; 1; 0; 0; 0,285005246889132; 0,714994753110868
11953; 10; 0; 0; 0,997365474841912; 0,997365474841912; 1; 0; 1; 0
11957; 2; 1; 0; 0,544433999008359; 0,455566000991641; 1; 0; 1; 0
11960; 10; 0; 0; 1; 1; 1; 0; 1; 0
11964; 2; 0; 0; 1; 1; 1; 0; 1; 0
11967; 20; 0; 0; 1; 1; 1; 0; 1; 0
11968; 10; 0; 0; 1; 1; 1; 0; 1; 0
11973; 3; 1; 2; 1; 0; 0; 0; 0,500296553284424; 0,499703446715576
11980; 20; 0; 0; 1; 1; 1; 0; 1; 0
11987; 18; 0; 0; 0,999999999559727; 0,999999999559727; 1; 0; 1; 0
11994; 2; 0; 0; 1; 1; 1; 0; 1; 0
11996; 26; 0; 0; 1; 1; 1; 0; 1; 0
12014; 10; 0; 0; 0,999808179400024; 0,999808179400024; 1; 0; 1; 0
12024; 10; 0; 0; 1; 1; 1; 0; 1; 0
12037; 2; 0; 1; 0,508038438163147; 0,491961561836853; 0; 0; 0,201039223774681; 0,798960776225319
12045; 20; 0; 0; 0,999988769121706; 0,999988769121706; 1; 0; 1; 0
12051; 2; 0; 0; 1; 1; 1; 0; 1; 0
12055; 20; 0; 0; 1; 1; 1; 0; 1; 0
12082; 2; 1; 1; 0,907341458695446; 0,907341458695446; 0; 0; 0,332035938147038; 0,667964061852961
12097; 2; 0; 0; 0,537720970038418; 0,537720970038418; 1; 0; 1; 0
12105; 10; 0; 0; 1; 1; 1; 0; 1; 0
12113; 3; 0; 0; 1; 1; 1; 0; 1; 0
12120; 140; 50; 0; 0,373112302808486; 0; 1; 0; 1; 0
12122; 2; 0; 0; 1; 1; 1; 0; 1; 0
12135; 16; 0; 0; 1; 1; 1; 0; 1; 0
12162; 20; 1; 1; 1; 1; 0; 0; 0,500982722141372; 0,499017277858628
12163; 13; 0; 0; 1; 1; 1; 0; 1; 0
12168; 19; 0; 0; 1; 1; 1; 0; 1; 0
12175; 100; 0; 0; 1; 1; 1; 0; 1; 0
12181; 3; 2; 2; 0,743943121134575; 0,743943121134575; 0; 0; 0,142372756625983; 0,857627243374017
12192; 5; 0; 0; 1; 1; 1; 0; 1; 0
12195; 10; 0; 0; 0,9991268608468; 0,9991268608468; 1; 0; 1; 0
12199; 130; 0; 0; 1; 1; 1; 0; 1; 0
12213; 4; 1; 1; 1; 1; 0; 0; 0,428699230058299; 0,571300769941701
12216; 2; 0; 1; 1; 0; 0; 0; 0,200779093022428; 0,799220906977572
12221; 21; 0; 0; 1; 1; 1; 0; 1; 0
12223; 2; 0; 1; 0,689073206191831; 0,310926793808169; 0; 0; 0,50057903542205; 0,49942096457795
12226; 18; 0; 0; 1; 1; 1; 0; 1; 0
12227; 2; 0; 0; 0,999567007144467; 0,999567007144467; 1; 0; 1; 0
12228; 17; 0; 0; 1; 1; 1; 0; 1; 0
12235; 20; 0; 0; 1; 1; 1; 0; 1; 0
12237; 19; 2; 0; 0,519566646173394; 0; 1; 0; 1; 0
12242; 19; 0; 0; 1; 1; 1; 0; 1; 0
12248; 20; 0; 0; 1; 1; 1; 0; 1; 0
12251; 2; 0; 0; 0,999595013891239; 0,999595013891239; 1; 0; 1; 0
12257; 2; 0; 0; 1; 1; 1; 0; 1; 0
12258; 21; 0; 0; 0,999278085368987; 0,999278085368987; 1; 0; 1; 0
12273; 10; 0; 0; 0,999922436401916; 0,999922436401916; 1; 0; 1; 0
12280; 2; 0; 0; 1; 1; 1; 0; 1; 0
12288; 10; 2; 2; 0,552234227931738; 0,552234227931738; 0; 0; 0,428139817652065; 0,571860182347935
12294; 2; 0; 0; 0,999962492435232; 0,999962492435232; 1; 0; 1; 0
12299; 10; 0; 0; 1; 1; 1; 0; 1; 0
12325; 13; 0; 0; 1; 1; 1; 0; 1; 0
12335; 2; 0; 0; 0,999990644647986; 0,999990644647986; 1; 0; 1; 0
12345; 2; 1; 1; 1; 1; 0; 0; 0,375500770298765; 0,624499229701235
12348; 2; 0; 0; 1; 1; 1; 0; 1; 0
12360; 20; 0; 0; 1; 1; 1; 0; 1; 0
12365; 200; 0; 0; 1; 1; 1; 0; 1; 0
12372; 10; 0; 0; 0,999799824522208; 0,999799824522208; 1; 0; 1; 0
12373; 12; 0; 0; 1; 1; 1; 0; 1; 0
12383; 17; 0; 0; 1; 1; 1; 0; 1; 0
12399; 2; 0; 0; 1; 1; 1; 0; 1; 0
12404; 2; 0; 0; 0,99999967835419; 0,99999967835419; 1; 0; 1; 0
12411; 10; 0; 0; 1; 1; 1; 0; 1; 0
12413; 2; 0; 0; 1; 1; 1; 0; 1; 0
12427; 5; 0; 0; 1; 1; 1; 0; 1; 0
12431; 10; 0; 0; 1; 1; 1; 0; 1; 0
12434; 10; 0; 0; 0,999996384902186; 0,999996384902186; 1; 0; 1; 0
12440; 15; 0; 0; 1; 1; 1; 0; 1; 0
12462; 2; 1; 1; 1; 1; 0; 0; 0,37332442403865; 0,62667557596135
12486; 10; 0; 0; 1; 1; 1; 0; 1; 0
12489; 42; 0; 0; 0,991773532911092; 0,991773532911092; 1; 0; 1; 0
12497; 2; 1; 1; 0,548971840732536; 0,548971840732536; 0; 0; 0,333669138936367; 0,666330861063633
12503; 13; 0; 0; 1; 1; 1; 0; 1; 0
12505; 3; 1; 0; 0,917105034806373; 0,000606445996651304; 1; 0; 1; 0
12513; 2; 1; 0; 0,964867386965871; 0,035132613034129; 1; 0; 1; 0
12514; 18; 2; 2; 0,628323755931749; 0,628323755931749; 0; 0; 0,249892735179635; 0,750107264820365
12515; 26; 0; 0; 1; 1; 1; 0; 1; 0
12521; 2; 0; 1; 0,563220882285463; 0,436779117714537; 0; 1; 0; 1
12535; 34; 1; 1; 1; 1; 0; 0; 0,500541875860553; 0,499458124139447
12541; 18; 3; 0; 1; 0; 1; 0; 1; 0
12542; 10; 0; 0; 1; 1; 1; 0; 1; 0
12551; 2; 0; 0; 1; 1; 1; 0; 1; 0
12552; 3; 2; 2; 1; 1; 0; 0; 0,55486343467288; 0,44513656532712
12555; 2; 0; 0; 1; 1; 1; 0; 1; 0
12556; 2; 0; 0; 1; 1; 1; 0; 1; 0
12568; 10; 0; 0; 0,999990752877564; 0,999990752877564; 1; 0; 1; 0
12573; 2; 0; 0; 1; 1; 1; 0; 1; 0
12574; 16; 0; 1; 0,761511701496796; 0,072223703928236; 0; 0; 0,500369451615935; 0,499630548384065
12581; 3; 0; 0; 1; 1; 1; 0; 1; 0
12583; 2; 0; 0; 1; 1; 1; 0; 1; 0
12589; 2; 0; 0; 0,99999552378043; 0,99999552378043; 1; 0; 1; 0
12590; 21; 0; 0; 1; 1; 1; 0; 1; 0
12595; 2; 0; 1; 1; 0; 0; 0; 0,499975874235971; 0,500024125764029
12625; 4; 0; 0; 0,999925615928599; 0,999925615928599; 1; 0; 1; 0
12636; 2; 1; 1; 0,804768737196274; 0,804768737196274; 0; 0; 0,165763172882916; 0,834236827117084
12639; 3; 0; 1; 1; 0; 0; 0; 0,334493569497677; 0,665506430502323
12642; 21; 0; 0; 1; 1; 1; 0; 1; 0
12652; 2; 1; 1; 0,733778866841794; 0,733778866841794; 0; 1; 0; 1
12661; 10; 1; 0; 1; 0; 1; 0; 1; 0
12670; 10; 2; 2; 0,951393106534889; 0,951393106534889; 0; 1; 0; 1
12675; 2; 0; 0; 1; 1; 1; 0; 1; 0
12677; 2; 0; 0; 1; 1; 1; 0; 1; 0
12689; 10; 0; 0; 0,999489863888567; 0,999489863888567; 1; 0; 1; 0
12711; 2; 1; 0; 0,98140749433157; 0,0185925056684302; 1; 0; 1; 0
12724; 20; 0; 0; 1; 1; 1; 0; 1; 0
12726; 10; 1; 1; 0,867020171745916; 0,867020171745916; 0; 1; 0; 1
12741; 3; 0; 0; 1; 1; 1; 0; 1; 0
12743; 4; 0; 0; 1; 1; 1; 0; 1; 0
12744; 10; 0; 0; 1; 1; 1; 0; 1; 0
12750; 20; 0; 0; 1; 1; 1; 0; 1; 0
12758; 26; 0; 0; 0,998580851739764; 0,998580851739764; 1; 0; 1; 0
12762; 20; 0; 0; 1; 1; 1; 0; 1; 0
12765; 18; 0; 0; 1; 1; 1; 0; 1; 0
12780; 200; 0; 0; 1; 1; 1; 0; 1; 0
12793; 2; 1; 1; 1; 1; 0; 0; 0,284336450596356; 0,715663549403644
12794; 10; 1; 2; 0,63710343444847; 0,0805232179911757; 0; 0; 0,142183494865268; 0,857816505134732
12804; 4; 2; 2; 1; 1; 0; 0; 0,498575762700507; 0,501424237299493
12829; 2; 1; 1; 0,845300330433994; 0,845300330433994; 0; 1; 0; 1
12833; 20; 0; 0; 1; 1; 1; 0; 1; 0
12834; 2; 0; 0; 1; 1; 1; 0; 1; 0
12840; 100; 10; 0; 0,710205309873959; 0; 1; 0; 1; 0
12850; 10; 0; 0; 1; 1; 1; 0; 1; 0
12868; 2; 0; 0; 1; 1; 1; 0; 1; 0
12896; 2; 0; 0; 1; 1; 1; 0; 1; 0
12901; 18; 0; 0; 1; 1; 1; 0; 1; 0
12911; 2; 0; 0; 1; 1; 1; 0; 1; 0
12916; 10; 0; 0; 0,636949303725654; 0,636949303725654; 1; 0; 1; 0
12920; 10; 0; 0; 1; 1; 1; 0; 1; 0
12937; 16; 0; 0; 1; 1; 1; 0; 1; 0
12940; 21; 0; 0; 1; 1; 1; 0; 1; 0
12963; 10; 0; 0; 1; 1; 1; 0; 1; 0
12965; 10; 0; 0; 1; 1; 1; 0; 1; 0
12986; 42; 0; 0; 0,985357071700771; 0,985357071700771; 1; 0; 1; 0
12996; 5; 0; 0; 1; 1; 1; 0; 1; 0
13000; 13; 0; 0; 1; 1; 1; 0; 1; 0
13011; 10; 0; 0; 1; 1; 1; 0; 1; 0
13026; 100; 0; 0; 1; 1; 1; 0; 1; 0
13029; 10; 0; 0; 1; 1; 1; 0; 1; 0
13030; 2; 1; 1; 1; 1; 0; 0; 0,285005246889132; 0,714994753110868
13047; 2; 0; 0; 0,768197960823486; 0,768197960823486; 1; 0; 1; 0
13049; 36; 0; 0; 0,999287931893728; 0,999287931893728; 1; 0; 1; 0
13051; 10; 0; 0; 1; 1; 1; 0; 1; 0
13055; 20; 3; 0; 0,798123685499224; 0; 1; 0; 1; 0
13062; 2; 0; 0; 0,768972779414135; 0,768972779414135; 1; 0; 1; 0
13069; 2; 0; 0; 1; 1; 1; 0; 1; 0
13070; 36; 0; 0; 1; 1; 1; 0; 1; 0
13075; 36; 6; 0; 1; 0; 1; 0; 1; 0
13082; 2; 0; 0; 1; 1; 1; 0; 1; 0
13086; 2; 0; 1; 1; 0; 0; 1; 0; 1
13091; 13; 0; 0; 1; 1; 1; 0; 1; 0
13097; 10; 0; 0; 1; 1; 1; 0; 1; 0
13099; 2; 1; 1; 0,77907299463628; 0,77907299463628; 0; 0; 0,500328682570807; 0,499671317429193
13103; 10; 1; 0; 0,475351978139653; 0; 1; 0; 1; 0
13106; 2; 0; 0; 1; 1; 1; 0; 1; 0
13118; 10; 0; 0; 0,999999999995088; 0,999999999995088; 1; 0; 1; 0
13128; 10; 0; 0; 1; 1; 1; 0; 1; 0
13130; 2; 0; 0; 0,99980381716902; 0,99980381716902; 1; 0; 1; 0
13146; 4; 0; 0; 0,999972749403988; 0,999972749403988; 1; 0; 1; 0
13147; 18; 0; 0; 0,996494623149401; 0,996494623149401; 1; 0; 1; 0
13150; 2; 0; 0; 0,999999317303214; 0,999999317303214; 1; 0; 1; 0
13151; 130; 0; 0; 1; 1; 1; 0; 1; 0
13154; 18; 0; 0; 1; 1; 1; 0; 1; 0
13170; 120; 0; 0; 1; 1; 1; 0; 1; 0
13191; 2; 0; 0; 1; 1; 1; 0; 1; 0
13195; 2; 1; 1; 1; 1; 0; 1; 0; 1
13209; 32; 0; 0; 1; 1; 1; 0; 1; 0
13212; 20; 0; 0; 1; 1; 1; 0; 1; 0
13214; 19; 0; 0; 1; 1; 1; 0; 1; 0
13236; 20; 10; 10; 0,807699648592537; 0,807699648592537; 0; 0; 0,375515686643582; 0,624484313356419
13237; 19; 0; 0; 1; 1; 1; 0; 1; 0
13267; 2; 0; 0; 1; 1; 1; 0; 1; 0
13283; 2; 0; 1; 1; 0; 0; 0; 0,200879422189546; 0,799120577810454
13301; 2; 0; 0; 1; 1; 1; 0; 1; 0
13303; 10; 0; 0; 1; 1; 1; 0; 1; 0
13312; 2; 1; 1; 1; 1; 0; 0; 0,167778740196937; 0,832221259803063
13325; 13; 0; 0; 1; 1; 1; 0; 1; 0
13328; 3; 0; 1; 1; 0; 0; 0; 0,555715636858553; 0,444284363141447
13346; 2; 1; 1; 1; 1; 0; 1; 0; 1
13357; 12; 0; 0; 1; 1; 1; 0; 1; 0
13363; 2; 0; 0; 1; 1; 1; 0; 1; 0
13373; 2; 0; 0; 1; 1; 1; 0; 1; 0
13378; 2; 0; 0; 0,534542816416527; 0,534542816416527; 1; 0; 1; 0
13400; 10; 0; 0; 1; 1; 1; 0; 1; 0
13405; 20; 0; 0; 1; 1; 1; 0; 1; 0
13418; 2; 0; 0; 1; 1; 1; 0; 1; 0
13422; 3; 0; 0; 1; 1; 1; 0; 1; 0
13424; 2; 0; 1; 0,514034801033457; 0,485965198966543; 0; 0; 0,200879422189546; 0,799120577810454
13428; 10; 0; 0; 1; 1; 1; 0; 1; 0
13430; 10; 0; 0; 0,999996775031704; 0,999996775031704; 1; 0; 1; 0
13433; 12; 0; 0; 1; 1; 1; 0; 1; 0
13441; 289; 0; 0; 1; 1; 1; 0; 1; 0
13445; 13; 0; 0; 1; 1; 1; 0; 1; 0
13463; 32; 0; 0; 1; 1; 1; 0; 1; 0
13470; 20; 0; 0; 1; 1; 1; 0; 1; 0
13472; 20; 0; 0; 1; 1; 1; 0; 1; 0
13494; 190; 0; 0; 1; 1; 1; 0; 1; 0
13503; 2; 1; 1; 0,505380729215881; 0,505380729215881; 0; 0; 0,286992564625691; 0,713007435374309
13523; 2; 0; 0; 1; 1; 1; 0; 1; 0
13525; 2; 1; 1; 0,523142148262539; 0,523142148262539; 0; 1; 0; 1
13526; 10; 0; 0; 1; 1; 1; 0; 1; 0
13571; 2; 0; 0; 1; 1; 1; 0; 1; 0
13572; 18; 0; 0; 1; 1; 1; 0; 1; 0
13585; 2; 0; 0; 1; 1; 1; 0; 1; 0
13586; 18; 0; 0; 1; 1; 1; 0; 1; 0
13597; 13; 0; 0; 1; 1; 1; 0; 1; 0
13603; 19; 0; 0; 1; 1; 1; 0; 1; 0
13607; 10; 0; 0; 1; 1; 1; 0; 1; 0
13612; 10; 0; 0; 1; 1; 1; 0; 1; 0
13614; 10; 0; 0; 0,997723201904386; 0,997723201904386; 1; 0; 1; 0
13636; 10; 0; 0; 1; 1; 1; 0; 1; 0
13638; 19; 0; 0; 0,374142509110354; 0,374142509110354; 1; 0; 1; 0
13644; 20; 0; 0; 0,525008487293535; 0,525008487293535; 1; 0; 1; 0
13645; 2; 1; 1; 0,902004699198362; 0,902004699198362; 0; 1; 0; 1
13653; 2; 1; 1; 0,727645375416683; 0,727645375416683; 0; 0; 0,284346236596944; 0,715653763403056
13660; 21; 0; 3; 1; 0; 0; 1; 0; 1
13689; 10; 0; 0; 0,999085132290083; 0,999085132290083; 1; 0; 1; 0
13691; 3; 0; 0; 1; 1; 1; 0; 1; 0
13708; 19; 0; 0; 1; 1; 1; 0; 1; 0
13720; 21; 0; 0; 1; 1; 1; 0; 1; 0
13735; 15; 0; 0; 0,999999999999994; 0,999999999999994; 1; 0; 1; 0
13737; 10; 0; 0; 0,999854548253063; 0,999854548253063; 1; 0; 1; 0
13739; 16; 0; 0; 1; 1; 1; 0; 1; 0
13746; 10; 0; 0; 1; 1; 1; 0; 1; 0
13747; 2; 1; 0; 0,999693193947629; 0,000306806052370848; 1; 0; 1; 0
13751; 4; 0; 0; 0,999994862437969; 0,999994862437969; 1; 0; 1; 0
13762; 2; 0; 0; 1; 1; 1; 0; 1; 0
13766; 20; 0; 0; 0,998825477833127; 0,998825477833127; 1; 0; 1; 0
13786; 2; 0; 0; 1; 1; 1; 0; 1; 0
13797; 20; 3; 4; 0,636745908250745; 0; 0; 0; 0,334762845685201; 0,665237154314799
13803; 10; 0; 0; 0,999122528955419; 0,999122528955419; 1; 0; 1; 0
13836; 10; 0; 0; 0,999901100488975; 0,999901100488975; 1; 0; 1; 0
13846; 10; 3; 0; 0,625031086980468; 2,18543989826752E-06; 1; 0; 1; 0
13848; 18; 0; 0; 0,999287931893728; 0,999287931893728; 1; 0; 1; 0
13855; 4; 0; 0; 1; 1; 1; 0; 1; 0
13858; 10; 0; 0; 1; 1; 1; 0; 1; 0
13859; 10; 0; 0; 1; 1; 1; 0; 1; 0
13874; 2; 0; 0; 1; 1; 1; 0; 1; 0
13880; 40; 1; 0; 0,999196705315491; 0; 1; 0; 1; 0
13886; 2; 1; 0; 1; 0; 1; 0; 1; 0
13894; 18; 0; 0; 0,983209420581848; 0,983209420581848; 1; 0; 1; 0
13897; 2; 0; 0; 1; 1; 1; 0; 1; 0
13898; 36; 0; 0; 1; 1; 1; 0; 1; 0
13905; 10; 0; 0; 1; 1; 1; 0; 1; 0
13907; 20; 6; 0; 0,462298587227996; 0; 1; 0; 1; 0
13927; 18; 0; 0; 0,999287931893728; 0,999287931893728; 1; 0; 1; 0
13937; 2; 0; 0; 1; 1; 1; 0; 1; 0
13942; 10; 0; 0; 1; 1; 1; 0; 1; 0
13943; 10; 0; 0; 1; 1; 1; 0; 1; 0
13947; 2; 0; 0; 1; 1; 1; 0; 1; 0
13951; 10; 0; 0; 1; 1; 1; 0; 1; 0
13954; 22; 0; 0; 1; 1; 1; 0; 1; 0
13962; 10; 0; 0; 1; 1; 1; 0; 1; 0
13966; 5; 0; 0; 1; 1; 1; 0; 1; 0
13974; 2; 0; 0; 0,999994920152779; 0,999994920152779; 1; 0; 1; 0
13985; 10; 0; 0; 1; 1; 1; 0; 1; 0
13987; 3; 0; 0; 1; 1; 1; 0; 1; 0
13993; 2; 0; 0; 0,514566715336576; 0,514566715336576; 1; 0; 1; 0
13996; 3; 1; 1; 0,723761096028056; 0,723761096028056; 0; 0; 0,499871699868275; 0,500128300131725
14014; 10; 0; 0; 1; 1; 1; 0; 1; 0
14020; 2; 0; 0; 1; 1; 1; 0; 1; 0
14029; 32; 0; 0; 1; 1; 1; 0; 1; 0
14032; 19; 0; 0; 0,99769022238059; 0,99769022238059; 1; 0; 1; 0
14036; 10; 0; 0; 1; 1; 1; 0; 1; 0
14059; 3; 0; 0; 0,536719516564988; 0,536719516564988; 1; 0; 1; 0
14072; 10; 0; 0; 0,999999888325411; 0,999999888325411; 1; 0; 1; 0
14073; 10; 0; 0; 1; 1; 1; 0; 1; 0
14089; 10; 1; 2; 0,632382495548933; 0,178408788115568; 0; 1; 0; 1
14090; 32; 0; 0; 1; 1; 1; 0; 1; 0
14094; 20; 0; 0; 1; 1; 1; 0; 1; 0
14104; 44; 0; 0; 0,99685926279985; 0,99685926279985; 1; 0; 1; 0
14110; 2; 0; 0; 1; 1; 1; 0; 1; 0
14119; 20; 0; 0; 0,99975363649993; 0,99975363649993; 1; 0; 1; 0
14126; 18; 0; 0; 0,999798132556135; 0,999798132556135; 1; 0; 1; 0
14128; 20; 0; 0; 0,898131124619966; 0,898131124619966; 1; 0; 1; 0
14133; 21; 0; 3; 1; 0; 0; 1; 0; 1
14139; 20; 0; 0; 1; 1; 1; 0; 1; 0
14148; 2; 0; 0; 1; 1; 1; 0; 1; 0
14153; 20; 0; 0; 1; 1; 1; 0; 1; 0
14166; 20; 0; 0; 1; 1; 1; 0; 1; 0
14182; 2; 0; 0; 1; 1; 1; 0; 1; 0
14185; 2; 0; 0; 1; 1; 1; 0; 1; 0
14195; 28; 0; 0; 0,999998941209035; 0,999998941209035; 1; 0; 1; 0
14196; 2; 0; 0; 1; 1; 1; 0; 1; 0
14198; 18; 0; 0; 1; 1; 1; 0; 1; 0
14206; 2; 0; 0; 1; 1; 1; 0; 1; 0
14210; 4; 0; 0; 0,999966364811134; 0,999966364811134; 1; 0; 1; 0
14214; 2; 0; 0; 1; 1; 1; 0; 1; 0
14218; 10; 0; 0; 0,999659918004677; 0,999659918004677; 1; 0; 1; 0
14219; 18; 0; 0; 1; 1; 1; 0; 1; 0
14222; 3; 0; 0; 1; 1; 1; 0; 1; 0
14225; 100; 0; 0; 0,999659918004677; 0,999659918004677; 1; 0; 1; 0
14231; 10; 0; 0; 0,995347869116417; 0,995347869116417; 1; 0; 1; 0
14237; 10; 0; 0; 1; 1; 1; 0; 1; 0
14242; 3; 0; 0; 1; 1; 1; 0; 1; 0
14247; 16; 0; 0; 0,666850648845002; 0,666850648845002; 1; 0; 1; 0
14267; 5; 0; 0; 1; 1; 1; 0; 1; 0
14268; 2; 0; 0; 1; 1; 1; 0; 1; 0
14269; 3; 1; 0; 1; 0; 1; 0; 1; 0
14287; 2; 0; 0; 1; 1; 1; 0; 1; 0
14291; 2; 0; 0; 1; 1; 1; 0; 1; 0
14292; 2; 1; 1; 1; 1; 0; 1; 0; 1
14303; 10; 0; 0; 1; 1; 1; 0; 1; 0
14305; 10; 0; 0; 1; 1; 1; 0; 1; 0
14316; 3; 0; 0; 1; 1; 1; 0; 1; 0
14324; 200; 0; 0; 1; 1; 1; 0; 1; 0
14326; 20; 0; 0; 1; 1; 1; 0; 1; 0
14330; 2; 0; 0; 1; 1; 1; 0; 1; 0
14333; 2; 0; 0; 1; 1; 1; 0; 1; 0
14339; 3; 0; 0; 1; 1; 1; 0; 1; 0
14347; 4; 0; 0; 1; 1; 1; 0; 1; 0
14350; 17; 0; 0; 1; 1; 1; 0; 1; 0
14361; 4; 0; 0; 0,999610467271184; 0,999610467271184; 1; 0; 1; 0
14364; 2; 1; 0; 0,764262320050956; 0,235737679949044; 1; 0; 1; 0
14365; 40; 0; 0; 0,998450481475389; 0,998450481475389; 1; 0; 1; 0
14370; 20; 0; 0; 0,99979593463529; 0,99979593463529; 1; 0; 1; 0
14371; 13; 2; 0; 0,531075050579904; 0; 1; 0; 1; 0
14388; 10; 0; 0; 1; 1; 1; 0; 1; 0
14390; 10; 0; 0; 1; 1; 1; 0; 1; 0
14392; 2; 0; 0; 1; 1; 1; 0; 1; 0
14416; 20; 0; 0; 1; 1; 1; 0; 1; 0
14428; 18; 0; 0; 1; 1; 1; 0; 1; 0
14436; 20; 0; 0; 1; 1; 1; 0; 1; 0
14444; 21; 0; 0; 1; 1; 1; 0; 1; 0
14445; 3; 1; 1; 0,741957975628541; 0,741957975628541; 0; 0; 0,124064872384778; 0,875935127615222
14453; 2; 0; 0; 1; 1; 1; 0; 1; 0
14455; 10; 0; 0; 0,996684345120478; 0,996684345120478; 1; 0; 1; 0
14463; 2; 1; 1; 0,774672797888259; 0,774672797888259; 0; 0; 0,375557317983357; 0,624442682016643
14464; 10; 0; 0; 1; 1; 1; 0; 1; 0
14468; 22; 3; 4; 1; 0; 0; 1; 0; 1
14477; 10; 0; 4; 0,921666177275164; 0,000567378468520557; 0; 0; 0,200141564479668; 0,799858435520332
14491; 2; 1; 0; 0,816871557433147; 0,183128442566853; 1; 0; 1; 0
14495; 10; 0; 0; 1; 1; 1; 0; 1; 0
14501; 20; 0; 0; 1; 1; 1; 0; 1; 0
14508; 100; 0; 0; 1; 1; 1; 0; 1; 0
14519; 2; 0; 0; 1; 1; 1; 0; 1; 0
14520; 2; 0; 0; 1; 1; 1; 0; 1; 0
14524; 21; 0; 0; 1; 1; 1; 0; 1; 0
14555; 289; 0; 0; 1; 1; 1; 0; 1; 0
14562; 2; 1; 1; 0,993884575000451; 0,993884575000451; 0; 1; 0; 1
14570; 21; 15; 0; 0,057218599779664; 0,0228608334012316; 1; 0; 1; 0
14573; 4; 1; 0; 1; 0; 1; 0; 1; 0
14576; 19; 0; 0; 1; 1; 1; 0; 1; 0
14586; 190; 0; 0; 1; 1; 1; 0; 1; 0
14591; 3; 1; 0; 0,98100159020627; 0; 1; 0; 1; 0
14609; 272; 0; 0; 1; 1; 1; 0; 1; 0
14618; 20; 0; 0; 1; 1; 1; 0; 1; 0
14625; 19; 0; 0; 0,998397022127984; 0,998397022127984; 1; 0; 1; 0
14626; 2; 0; 0; 1; 1; 1; 0; 1; 0
14634; 10; 0; 0; 1; 1; 1; 0; 1; 0
14637; 18; 0; 2; 0,917340743048678; 0,0178577100497823; 0; 0; 0,24955059760627; 0,75044940239373
14642; 2; 1; 1; 0,800288056911768; 0,800288056911768; 0; 0; 0,284346236596944; 0,715653763403056
14643; 12; 0; 0; 1; 1; 1; 0; 1; 0
14650; 10; 0; 0; 0,999991187405091; 0,999991187405091; 1; 0; 1; 0
14656; 190; 0; 0; 1; 1; 1; 0; 1; 0
14664; 22; 0; 0; 1; 1; 1; 0; 1; 0
14666; 22; 0; 0; 1; 1; 1; 0; 1; 0
14674; 10; 0; 0; 1; 1; 1; 0; 1; 0
14677; 10; 0; 0; 0,999933615285837; 0,999933615285837; 1; 0; 1; 0
14681; 19; 0; 0; 0,999972901622828; 0,999972901622828; 1; 0; 1; 0
14682; 100; 0; 0; 0,999899911912916; 0,999899911912916; 1; 0; 1; 0
14685; 19; 0; 0; 1; 1; 1; 0; 1; 0
14702; 10; 2; 2; 0,99030036418115; 0,99030036418115; 0; 0; 0,499204896857961; 0,500795103142039
14711; 10; 0; 0; 1; 1; 1; 0; 1; 0
14719; 20; 0; 0; 1; 1; 1; 0; 1; 0
14721; 54; 0; 0; 1; 1; 1; 0; 1; 0
14724; 3; 2; 1; 0,663757056791656; 0,213499893453275; 0; 0; 0,124080736305665; 0,875919263694335
14734; 10; 0; 0; 1; 1; 1; 0; 1; 0
14740; 16; 0; 0; 1; 1; 1; 0; 1; 0
14762; 2; 0; 0; 1; 1; 1; 0; 1; 0
14764; 10; 0; 0; 1; 1; 1; 0; 1; 0
14789; 2; 0; 0; 1; 1; 1; 0; 1; 0
14795; 22; 1; 2; 0,637011338132874; 0,362837900725437; 0; 0; 0,334088299703798; 0,665911700296202
14811; 54; 0; 0; 1; 1; 1; 0; 1; 0
14818; 18; 0; 0; 1; 1; 1; 0; 1; 0
14826; 2; 0; 0; 1; 1; 1; 0; 1; 0
14827; 3; 1; 2; 0,988696361121664; 0,0113036388783358; 0; 0; 0,251893145886257; 0,748106854113743
14829; 2; 0; 0; 1; 1; 1; 0; 1; 0
14830; 3; 0; 0; 1; 1; 1; 0; 1; 0
14833; 2; 1; 0; 0,753707775803345; 0,246292224196655; 1; 0; 1; 0
14834; 20; 0; 0; 1; 1; 1; 0; 1; 0
14837; 4; 1; 1; 1; 1; 0; 0; 0,571367379505052; 0,428632620494948
14838; 306; 0; 0; 1; 1; 1; 0; 1; 0
14851; 2; 0; 0; 1; 1; 1; 0; 1; 0
14852; 2; 0; 1; 0,828888868314801; 0,171111131685198; 0; 0; 0,374326657004649; 0,625673342995351
14853; 2; 0; 0; 1; 1; 1; 0; 1; 0
14858; 340; 0; 0; 1; 1; 1; 0; 1; 0
14862; 2; 0; 0; 1; 1; 1; 0; 1; 0
14867; 30; 0; 0; 0,999998660921237; 0,999998660921237; 1; 0; 1; 0
14872; 20; 1; 0; 0,677016395326739; 0,322983604673261; 1; 0; 1; 0
14874; 3; 2; 2; 0,655281334146146; 0,655281334146146; 0; 0; 0,375463052198349; 0,624536947801651
14891; 2; 0; 0; 1; 1; 1; 0; 1; 0
14893; 22; 18; 0; 0,0686984040895351; 0,0212887286235608; 1; 0; 1; 0
14895; 2; 0; 0; 1; 1; 1; 0; 1; 0
14917; 3; 0; 0; 1; 1; 1; 0; 1; 0
14922; 10; 0; 0; 1; 1; 1; 0; 1; 0
14931; 10; 0; 0; 1; 1; 1; 0; 1; 0
14934; 19; 0; 0; 1; 1; 1; 0; 1; 0
14942; 2; 1; 0; 0,836115684254372; 0,163884315745628; 1; 0; 1; 0
14943; 20; 0; 0; 1; 1; 1; 0; 1; 0
14947; 2; 0; 0; 1; 1; 1; 0; 1; 0
14953; 3; 1; 0; 0,771157511226361; 4,0894433297206E-05; 1; 0; 1; 0
14954; 100; 0; 0; 1; 1; 1; 0; 1; 0
14955; 2; 0; 0; 1; 1; 1; 0; 1; 0
14958; 2; 0; 0; 1; 1; 1; 0; 1; 0
14971; 17; 0; 0; 1; 1; 1; 0; 1; 0
14973; 2; 0; 0; 0,569968928160764; 0,569968928160764; 1; 0; 1; 0
14978; 20; 1; 1; 0,709484248058745; 0,709484248058745; 0; 0; 0,555164323560495; 0,444835676439505
14979; 2; 0; 1; 1; 0; 0; 0; 0,200779093022428; 0,799220906977572
14980; 2; 1; 0; 0,672031309118746; 0,327968690881254; 1; 0; 1; 0
14987; 2; 0; 0; 1; 1; 1; 0; 1; 0
14988; 2; 0; 0; 1; 1; 1; 0; 1; 0
14991; 2; 0; 0; 1; 1; 1; 0; 1; 0
14995; 24; 17; 0; 0,0448191212118866; 0,0171823096555156; 1; 0; 1; 0
14998; 26; 0; 0; 1; 1; 1; 0; 1; 0
15018; 2; 0; 0; 1; 1; 1; 0; 1; 0
15023; 2; 0; 0; 1; 1; 1; 0; 1; 0
15029; 2; 0; 1; 1; 0; 0; 0; 0,375451741104802; 0,624548258895198
15032; 14; 0; 0; 1; 1; 1; 0; 1; 0
15033; 18; 0; 0; 1; 1; 1; 0; 1; 0
15037; 44; 0; 0; 1; 1; 1; 0; 1; 0
15041; 10; 0; 0; 1; 1; 1; 0; 1; 0
15042; 3; 0; 0; 1; 1; 1; 0; 1; 0
15050; 3; 2; 2; 0,714678026235828; 0,714678026235828; 0; 0; 0,376242565763766; 0,623757434236234
15056; 20; 0; 0; 1; 1; 1; 0; 1; 0
15057; 30; 0; 0; 1; 1; 1; 0; 1; 0
15060; 21; 0; 0; 1; 1; 1; 0; 1; 0
15075; 2; 0; 0; 1; 1; 1; 0; 1; 0
15078; 54; 0; 0; 1; 1; 1; 0; 1; 0
15083; 3; 1; 0; 0,584736692690721; 0,415259800119757; 1; 0; 1; 0
15086; 10; 1; 2; 1; 0; 0; 0; 0,142183494865268; 0,857816505134732
15090; 40; 22; 0; 0,982999124021226; 0; 1; 0; 1; 0
15094; 2; 0; 0; 1; 1; 1; 0; 1; 0
15095; 20; 12; 0; 0,0504163221859092; 0,042089878467724; 1; 0; 1; 0
15103; 10; 0; 0; 1; 1; 1; 0; 1; 0
15111; 4; 1; 0; 0,523139984056286; 0,476860015943714; 1; 0; 1; 0
15115; 4; 2; 0; 0,851874688312883; 0,148125311687117; 1; 0; 1; 0
15121; 2; 0; 0; 1; 1; 1; 0; 1; 0
15142; 13; 0; 0; 1; 1; 1; 0; 1; 0
15147; 20; 0; 0; 1; 1; 1; 0; 1; 0
15166; 2; 1; 1; 0,691370883805127; 0,691370883805127; 0; 0; 0,201184594764252; 0,798815405235748
15167; 3; 2; 1; 0,560566380926925; 0,371344548225459; 0; 0; 0,428412105366119; 0,571587894633881
15169; 2; 1; 0; 0,653232592160009; 0,346767407839991; 1; 0; 1; 0
15174; 3; 0; 0; 0,999999993810908; 0,999999993810908; 1; 0; 1; 0
15179; 3; 1; 0; 1; 0; 1; 0; 1; 0
15182; 2; 1; 1; 0,879872917970122; 0,879872917970122; 0; 0; 0,444451119043062; 0,555548880956938
15185; 3; 2; 1; 0,71678205768328; 0,283124438856757; 0; 0; 0,125174011812684; 0,874825988187316
15186; 10; 0; 0; 1; 1; 1; 0; 1; 0
15187; 2; 0; 0; 1; 1; 1; 0; 1; 0
15194; 17; 0; 0; 1; 1; 1; 0; 1; 0
15202; 2; 0; 0; 1; 1; 1; 0; 1; 0
15208; 4; 0; 2; 0,997798202523968; 0; 0; 0; 0,375463052198349; 0,624536947801651
15213; 20; 0; 0; 0,999999998041835; 0,999999998041835; 1; 0; 1; 0
15216; 16; 0; 0; 0,99999890308401; 0,99999890308401; 1; 0; 1; 0
15224; 17; 0; 0; 1; 1; 1; 0; 1; 0
15226; 12; 0; 0; 1; 1; 1; 0; 1; 0
15231; 16; 0; 0; 1; 1; 1; 0; 1; 0
15239; 100; 0; 0; 1; 1; 1; 0; 1; 0
15254; 10; 6; 0; 0,10441166766474; 0,0602949910173364; 1; 0; 1; 0
15261; 15; 2; 2; 0,999998177907654; 0,999998177907654; 0; 0; 0,334088361111754; 0,665911638888245
15262; 10; 0; 0; 1; 1; 1; 0; 1; 0
15267; 2; 1; 1; 0,962646124353345; 0,962646124353345; 0; 0; 0,201184594764252; 0,798815405235748
15272; 21; 0; 0; 1; 1; 1; 0; 1; 0
15281; 10; 0; 0; 1; 1; 1; 0; 1; 0
15284; 20; 0; 0; 1; 1; 1; 0; 1; 0
15286; 3; 1; 1; 0,754123237134395; 0,754123237134395; 0; 0; 0,499871699868275; 0,500128300131725
15287; 17; 0; 0; 1; 1; 1; 0; 1; 0
15288; 150; 0; 0; 1; 1; 1; 0; 1; 0
15295; 10; 6; 0; 0,106758495738871; 0,0391735383501652; 1; 0; 1; 0
15299; 340; 0; 0; 1; 1; 1; 0; 1; 0
15301; 19; 0; 0; 0,999999999771126; 0,999999999771126; 1; 0; 1; 0
15302; 3; 1; 2; 0,980617187466205; 0,0193828125337947; 0; 0; 0,144062826046394; 0,855937173953606
15307; 2; 0; 0; 1; 1; 1; 0; 1; 0
15308; 36; 22; 0; 0,0566212199757148; 0,0374392604128479; 1; 0; 1; 0
15317; 2; 0; 0; 1; 1; 1; 0; 1; 0
15325; 17; 0; 0; 1; 1; 1; 0; 1; 0
15347; 36; 0; 0; 1; 1; 1; 0; 1; 0
15350; 4; 2; 0; 0,670722942822519; 0,329277057177481; 1; 0; 1; 0
15359; 10; 0; 0; 1; 1; 1; 0; 1; 0
15360; 3; 1; 1; 0,819901937421147; 0,819901937421147; 0; 0; 0,428193131701094; 0,571806868298906
15374; 18; 0; 0; 1; 1; 1; 0; 1; 0
15385; 2; 0; 0; 1; 1; 1; 0; 1; 0
15390; 2; 0; 0; 1; 1; 1; 0; 1; 0
15393; 10; 0; 0; 0,99999989809804; 0,99999989809804; 1; 0; 1; 0
15394; 2; 1; 1; 1; 1; 0; 0; 0,500378596991463; 0,499621403008537
15395; 10; 0; 0; 1; 1; 1; 0; 1; 0
15400; 18; 0; 0; 1; 1; 1; 0; 1; 0
15416; 10; 6; 0; 0,10441166766474; 0,0602949910173364; 1; 0; 1; 0
15419; 150; 0; 0; 1; 1; 1; 0; 1; 0
15426; 2; 0; 0; 1; 1; 1; 0; 1; 0
15430; 20; 0; 0; 1; 1; 1; 0; 1; 0
15431; 2; 0; 0; 1; 1; 1; 0; 1; 0
15432; 400; 0; 0; 1; 1; 1; 0; 1; 0
15436; 17; 0; 0; 1; 1; 1; 0; 1; 0
15454; 10; 0; 0; 1; 1; 1; 0; 1; 0
15456; 20; 0; 0; 1; 1; 1; 0; 1; 0
15458; 3; 1; 1; 0,606458926009692; 0,606458926009692; 0; 0; 0,22075581569006; 0,77924418430994
15462; 2; 0; 0; 1; 1; 1; 0; 1; 0
15463; 10; 1; 2; 1; 0; 0; 0; 0,142183494865268; 0,857816505134732
15466; 2; 0; 0; 1; 1; 1; 0; 1; 0
15485; 20; 0; 0; 1; 1; 1; 0; 1; 0
15496; 24; 5; 2; 0,99999518713814; 4,8128618605166E-06; 0; 1; 0; 1
15497; 19; 0; 0; 1; 1; 1; 0; 1; 0
15505; 20; 11; 0; 0,982271746584402; 0; 1; 0; 1; 0
15507; 54; 0; 0; 1; 1; 1; 0; 1; 0
15511; 10; 0; 0; 1; 1; 1; 0; 1; 0
15512; 10; 0; 0; 1; 1; 1; 0; 1; 0
15514; 14; 0; 0; 1; 1; 1; 0; 1; 0
15522; 10; 0; 0; 1; 1; 1; 0; 1; 0
15546; 42; 0; 0; 0,999999996316631; 0,999999996316631; 1; 0; 1; 0
15549; 26; 24; 3; 0,0993405936284466; 0,0120411630187424; 0; 0; 0,334762845685201; 0,665237154314799
15554; 20; 12; 0; 0,0507532365588703; 0,0356885053814641; 1; 0; 1; 0
15562; 340; 0; 0; 1; 1; 1; 0; 1; 0
15580; 2; 1; 1; 1; 1; 0; 0; 0,500378596991463; 0,499621403008537
15587; 20; 0; 0; 0,999955182767347; 0,999955182767347; 1; 0; 1; 0
15590; 18; 2; 2; 0,504929811237345; 0,504929811237345; 0; 0; 0,24955059760627; 0,75044940239373
15594; 10; 0; 0; 1; 1; 1; 0; 1; 0
15602; 19; 2; 0; 0,375384165279484; 0,293318130760349; 1; 0; 1; 0
15608; 10; 0; 0; 1; 1; 1; 0; 1; 0
15609; 2; 0; 0; 1; 1; 1; 0; 1; 0
15615; 2; 0; 0; 1; 1; 1; 0; 1; 0
15620; 15; 0; 0; 1; 1; 1; 0; 1; 0
15622; 10; 0; 0; 1; 1; 1; 0; 1; 0
15625; 2; 0; 0; 1; 1; 1; 0; 1; 0
15641; 2; 0; 1; 1; 0; 0; 0; 0,200412394553236; 0,799587605446764
15649; 19; 0; 0; 1; 1; 1; 0; 1; 0
15655; 2; 0; 0; 1; 1; 1; 0; 1; 0
15659; 10; 0; 0; 1; 1; 1; 0; 1; 0
15662; 20; 0; 0; 1; 1; 1; 0; 1; 0
15671; 2; 1; 0; 0,73576231112279; 0,26423768887721; 1; 0; 1; 0
15686; 14; 0; 0; 1; 1; 1; 0; 1; 0
15689; 18; 0; 0; 1; 1; 1; 0; 1; 0
15699; 10; 0; 0; 0,999999353376558; 0,999999353376558; 1; 0; 1; 0
15703; 40; 0; 0; 0,999999999238462; 0,999999999238462; 1; 0; 1; 0
15707; 14; 0; 0; 1; 1; 1; 0; 1; 0
15718; 3; 0; 0; 1; 1; 1; 0; 1; 0
15725; 20; 0; 0; 1; 1; 1; 0; 1; 0
15726; 10; 0; 0; 0,999997540138804; 0,999997540138804; 1; 0; 1; 0
15735; 13; 0; 0; 1; 1; 1; 0; 1; 0
15736; 3; 0; 0; 1; 1; 1; 0; 1; 0
15740; 3; 1; 1; 0,921634193538289; 0,921634193538289; 0; 0; 0,428950995718092; 0,571049004281908
15748; 2; 0; 0; 1; 1; 1; 0; 1; 0
15750; 190; 0; 0; 1; 1; 1; 0; 1; 0
15754; 10; 0; 0; 0,999999837302377; 0,999999837302377; 1; 0; 1; 0
15765; 2; 0; 0; 1; 1; 1; 0; 1; 0
15766; 3; 0; 0; 1; 1; 1; 0; 1; 0
15772; 20; 0; 0; 1; 1; 1; 0; 1; 0
15773; 3; 0; 0; 1; 1; 1; 0; 1; 0
15775; 10; 1; 2; 0,999881934914849; 0,000118065085150867; 0; 1; 0; 1
15776; 20; 0; 0; 1; 1; 1; 0; 1; 0
15788; 2; 0; 0; 1; 1; 1; 0; 1; 0
15798; 4; 0; 0; 1; 1; 1; 0; 1; 0
15810; 20; 1; 0; 0,725280123363393; 0,274719876636607; 1; 0; 1; 0
15815; 2; 1; 1; 0,800925223335032; 0,800925223335032; 0; 1; 0; 1
15819; 2; 0; 0; 1; 1; 1; 0; 1; 0
15823; 2; 0; 0; 1; 1; 1; 0; 1; 0
15830; 20; 12; 0; 0,0504163221859092; 0,042089878467724; 1; 0; 1; 0
15831; 3; 0; 0; 1; 1; 1; 0; 1; 0
15840; 2; 0; 0; 1; 1; 1; 0; 1; 0
15850; 2; 1; 1; 0,968491464349751; 0,968491464349751; 0; 1; 0; 1
15858; 3; 0; 0; 1; 1; 1; 0; 1; 0
15859; 2; 0; 0; 1; 1; 1; 0; 1; 0
15866; 2; 0; 1; 1; 0; 0; 0; 0,200779093022428; 0,799220906977572
15867; 20; 0; 0; 1; 1; 1; 0; 1; 0
15871; 2; 0; 0; 1; 1; 1; 0; 1; 0
15900; 2; 0; 0; 1; 1; 1; 0; 1; 0
