MAC; alternativas; MasProb; Elección; MaxProb; ElecProb; %linkOK; %linkNO; %DistOK; %DistNO
21; 2; 0; 0; 0,998984629900532; 0,998984629900532; 1; 0; 1; 0
32; 10; 0; 0; 1; 1; 1; 0; 1; 0
54; 20; 0; 0; 1; 1; 1; 0; 1; 0
68; 3; 0; 0; 1; 1; 1; 0; 1; 0
69; 16; 0; 0; 1; 1; 1; 0; 1; 0
77; 16; 0; 0; 1; 1; 1; 0; 1; 0
113; 10; 0; 0; 1; 1; 1; 0; 1; 0
128; 8; 0; 0; 1; 1; 1; 0; 1; 0
158; 10; 0; 0; 1; 1; 1; 0; 1; 0
164; 10; 0; 0; 1; 1; 1; 0; 1; 0
176; 10; 0; 0; 1; 1; 1; 0; 1; 0
191; 10; 2; 0; 1; 0; 1; 0; 1; 0
213; 10; 0; 0; 1; 1; 1; 0; 1; 0
231; 20; 0; 0; 1; 1; 1; 0; 1; 0
235; 16; 0; 0; 1; 1; 1; 0; 1; 0
238; 11; 0; 0; 1; 1; 1; 0; 1; 0
244; 40; 20; 0; 0,619390559183928; 0,380609440816072; 1; 0; 1; 0
257; 10; 2; 1; 0,582111610619588; 0,412348985219955; 0; 0; 0,37362349693995; 0,62637650306005
268; 2; 1; 1; 1; 1; 0; 0; 0,333212359042951; 0,666787640957049
277; 100; 0; 0; 1; 1; 1; 0; 1; 0
302; 16; 0; 0; 1; 1; 1; 0; 1; 0
304; 10; 0; 0; 0,999283306037667; 0,999283306037667; 1; 0; 1; 0
321; 10; 0; 0; 1; 1; 1; 0; 1; 0
332; 3; 0; 0; 1; 1; 1; 0; 1; 0
340; 2; 1; 1; 0,994690829286413; 0,994690829286413; 0; 0; 0,167385047325938; 0,832614952674062
362; 3; 0; 0; 1; 1; 1; 0; 1; 0
363; 16; 0; 0; 1; 1; 1; 0; 1; 0
372; 10; 0; 0; 0,999981032950911; 0,999981032950911; 1; 0; 1; 0
379; 68; 0; 0; 1; 1; 1; 0; 1; 0
408; 10; 0; 0; 1; 1; 1; 0; 1; 0
416; 2; 0; 0; 1; 1; 1; 0; 1; 0
428; 16; 0; 0; 1; 1; 1; 0; 1; 0
454; 10; 0; 0; 1; 1; 1; 0; 1; 0
468; 2; 1; 0; 0,51390947529949; 0,48609052470051; 1; 0; 1; 0
477; 2; 0; 0; 1; 1; 1; 0; 1; 0
482; 11; 0; 0; 1; 1; 1; 0; 1; 0
498; 10; 0; 0; 0,995706002498361; 0,995706002498361; 1; 0; 1; 0
509; 2; 0; 1; 1; 0; 0; 0; 0,19881132297054; 0,80118867702946
510; 2; 0; 1; 1; 0; 0; 0; 0,201011461648518; 0,798988538351482
528; 2; 0; 0; 1; 1; 1; 0; 1; 0
541; 2; 0; 0; 1; 1; 1; 0; 1; 0
543; 20; 0; 0; 1; 1; 1; 0; 1; 0
546; 10; 0; 0; 0,998365548836597; 0,998365548836597; 1; 0; 1; 0
565; 2; 0; 0; 1; 1; 1; 0; 1; 0
570; 10; 0; 0; 1; 1; 1; 0; 1; 0
591; 10; 0; 0; 1; 1; 1; 0; 1; 0
615; 2; 0; 0; 1; 1; 1; 0; 1; 0
620; 22; 0; 0; 0,999998970192163; 0,999998970192163; 1; 0; 1; 0
630; 10; 0; 0; 1; 1; 1; 0; 1; 0
666; 2; 0; 0; 1; 1; 1; 0; 1; 0
673; 13; 2; 0; 1; 0; 1; 0; 1; 0
679; 4; 0; 0; 1; 1; 1; 0; 1; 0
692; 10; 0; 0; 1; 1; 1; 0; 1; 0
718; 2; 1; 0; 0,566296259338795; 0,433703740661205; 1; 0; 1; 0
734; 2; 0; 0; 1; 1; 1; 0; 1; 0
743; 2; 0; 1; 1; 0; 0; 0; 0,428193131701094; 0,571806868298906
766; 4; 0; 0; 1; 1; 1; 0; 1; 0
794; 2; 0; 0; 1; 1; 1; 0; 1; 0
814; 10; 0; 0; 1; 1; 1; 0; 1; 0
817; 20; 0; 0; 1; 1; 1; 0; 1; 0
826; 16; 0; 0; 1; 1; 1; 0; 1; 0
827; 10; 0; 0; 1; 1; 1; 0; 1; 0
830; 68; 0; 0; 1; 1; 1; 0; 1; 0
875; 16; 0; 0; 0,99968218305378; 0,99968218305378; 1; 0; 1; 0
881; 22; 0; 0; 0,999941640328049; 0,999941640328049; 1; 0; 1; 0
886; 10; 0; 0; 1; 1; 1; 0; 1; 0
914; 10; 0; 0; 1; 1; 1; 0; 1; 0
919; 16; 0; 0; 1; 1; 1; 0; 1; 0
923; 10; 0; 0; 1; 1; 1; 0; 1; 0
928; 2; 0; 0; 1; 1; 1; 0; 1; 0
935; 3; 1; 0; 0,733941891886171; 0,266058108113829; 1; 0; 1; 0
960; 10; 0; 0; 1; 1; 1; 0; 1; 0
969; 10; 0; 0; 1; 1; 1; 0; 1; 0
987; 10; 0; 0; 0,983940729860009; 0,983940729860009; 1; 0; 1; 0
991; 3; 0; 0; 1; 1; 1; 0; 1; 0
1001; 2; 0; 0; 1; 1; 1; 0; 1; 0
1007; 16; 0; 0; 1; 1; 1; 0; 1; 0
1051; 10; 0; 0; 1; 1; 1; 0; 1; 0
1070; 16; 0; 0; 1; 1; 1; 0; 1; 0
1090; 2; 0; 1; 0,517209231319067; 0,482790768680933; 0; 0; 0,500256624585928; 0,499743375414072
1092; 10; 0; 0; 1; 1; 1; 0; 1; 0
1098; 40; 0; 0; 0,999999992251086; 0,999999992251086; 1; 0; 1; 0
1110; 17; 0; 0; 1; 1; 1; 0; 1; 0
1111; 10; 0; 0; 1; 1; 1; 0; 1; 0
1127; 2; 0; 0; 1; 1; 1; 0; 1; 0
1155; 2; 0; 1; 0,743186373609188; 0,256813626390812; 0; 0; 0,166235758316226; 0,833764241683774
1177; 2; 1; 0; 0,575056225704927; 0,424943774295074; 1; 0; 1; 0
1187; 8; 0; 0; 1; 1; 1; 0; 1; 0
1208; 16; 0; 0; 1; 1; 1; 0; 1; 0
1228; 2; 0; 0; 1; 1; 1; 0; 1; 0
1236; 20; 1; 1; 0,649768340157094; 0,649768340157094; 0; 0; 0,500984484812199; 0,499015515187801
1250; 3; 0; 0; 0,988426576490013; 0,988426576490013; 1; 0; 1; 0
1256; 2; 0; 1; 1; 0; 0; 0; 0,37453846769788; 0,62546153230212
1267; 3; 0; 0; 1; 1; 1; 0; 1; 0
1271; 2; 0; 0; 1; 1; 1; 0; 1; 0
1273; 3; 0; 0; 1; 1; 1; 0; 1; 0
1308; 10; 0; 0; 1; 1; 1; 0; 1; 0
1315; 16; 0; 0; 1; 1; 1; 0; 1; 0
1329; 2; 0; 0; 1; 1; 1; 0; 1; 0
1331; 10; 0; 0; 1; 1; 1; 0; 1; 0
1342; 2; 0; 1; 1; 0; 0; 0; 0,499871699868275; 0,500128300131725
1364; 16; 0; 0; 1; 1; 1; 0; 1; 0
1368; 3; 0; 0; 1; 1; 1; 0; 1; 0
1370; 2; 0; 0; 1; 1; 1; 0; 1; 0
1376; 2; 0; 0; 1; 1; 1; 0; 1; 0
1380; 20; 1; 0; 0,595536545003806; 0,404463454996194; 1; 0; 1; 0
1471; 2; 0; 0; 1; 1; 1; 0; 1; 0
1474; 3; 0; 0; 1; 1; 1; 0; 1; 0
1477; 2; 0; 0; 1; 1; 1; 0; 1; 0
1478; 3; 0; 0; 0,904576418106401; 0,904576418106401; 1; 0; 1; 0
1484; 16; 0; 0; 1; 1; 1; 0; 1; 0
1495; 20; 0; 0; 1; 1; 1; 0; 1; 0
1522; 19; 0; 2; 1; 0; 0; 0; 0,248701256643475; 0,751298743356526
1553; 18; 0; 2; 0,604480731586866; 0,0784831834095508; 0; 0; 0,249836158183357; 0,750163841816643
1576; 2; 0; 0; 1; 1; 1; 0; 1; 0
1587; 10; 0; 0; 0,999964452150875; 0,999964452150875; 1; 0; 1; 0
1588; 2; 0; 0; 1; 1; 1; 0; 1; 0
1629; 4; 0; 0; 1; 1; 1; 0; 1; 0
1675; 13; 2; 0; 1; 0; 1; 0; 1; 0
1687; 2; 0; 0; 1; 1; 1; 0; 1; 0
1689; 10; 0; 0; 1; 1; 1; 0; 1; 0
1691; 22; 0; 0; 0,999984972894972; 0,999984972894972; 1; 0; 1; 0
1692; 2; 0; 0; 0,904433887246601; 0,904433887246601; 1; 0; 1; 0
1702; 10; 0; 0; 1; 1; 1; 0; 1; 0
1703; 10; 0; 2; 1; 0; 0; 1; 0; 1
1716; 22; 0; 0; 0,999941640328049; 0,999941640328049; 1; 0; 1; 0
1726; 10; 0; 0; 1; 1; 1; 0; 1; 0
1729; 2; 0; 0; 1; 1; 1; 0; 1; 0
1753; 10; 0; 2; 0,665492635092648; 0,0698442718903904; 0; 0; 0,14218621912864; 0,85781378087136
1776; 2; 0; 0; 0,972371995348028; 0,972371995348028; 1; 0; 1; 0
1808; 18; 0; 2; 0,678331246818699; 0,0176267310444778; 0; 0; 0,249836158183357; 0,750163841816643
1809; 32; 0; 1; 1; 0; 0; 0; 0,500984484812199; 0,499015515187801
1811; 22; 0; 0; 0,999999048405901; 0,999999048405901; 1; 0; 1; 0
1813; 4; 0; 0; 1; 1; 1; 0; 1; 0
1842; 2; 1; 0; 1; 0; 1; 0; 1; 0
1875; 2; 1; 0; 0,577946245860535; 0,422053754139466; 1; 0; 1; 0
1944; 2; 0; 0; 1; 1; 1; 0; 1; 0
1948; 2; 0; 0; 1; 1; 1; 0; 1; 0
1954; 2; 0; 0; 1; 1; 1; 0; 1; 0
1956; 10; 0; 0; 1; 1; 1; 0; 1; 0
1965; 3; 0; 0; 1; 1; 1; 0; 1; 0
1975; 2; 0; 0; 1; 1; 1; 0; 1; 0
1984; 2; 0; 0; 1; 1; 1; 0; 1; 0
1996; 2; 0; 1; 1; 0; 0; 0; 0,199321718519391; 0,800678281480609
2008; 22; 0; 0; 0,999999964766963; 0,999999964766963; 1; 0; 1; 0
2020; 2; 0; 0; 1; 1; 1; 0; 1; 0
2030; 2; 1; 1; 1; 1; 0; 0; 0,333212359042951; 0,666787640957049
2031; 10; 0; 0; 0,999548674264272; 0,999548674264272; 1; 0; 1; 0
2032; 4; 0; 0; 1; 1; 1; 0; 1; 0
2107; 10; 0; 0; 1; 1; 1; 0; 1; 0
2126; 10; 0; 0; 1; 1; 1; 0; 1; 0
2133; 10; 0; 2; 1; 0; 0; 1; 0; 1
2175; 40; 0; 0; 1; 1; 1; 0; 1; 0
2177; 20; 0; 0; 1; 1; 1; 0; 1; 0
2210; 10; 0; 0; 1; 1; 1; 0; 1; 0
2246; 10; 0; 0; 1; 1; 1; 0; 1; 0
2262; 10; 0; 0; 0,999235805606678; 0,999235805606678; 1; 0; 1; 0
2278; 4; 0; 0; 1; 1; 1; 0; 1; 0
2281; 2; 0; 0; 1; 1; 1; 0; 1; 0
2283; 2; 0; 0; 1; 1; 1; 0; 1; 0
2287; 10; 0; 0; 0,999701964092053; 0,999701964092053; 1; 0; 1; 0
2299; 4; 0; 0; 1; 1; 1; 0; 1; 0
2316; 10; 0; 0; 0,999998408134484; 0,999998408134484; 1; 0; 1; 0
2378; 2; 0; 0; 1; 1; 1; 0; 1; 0
2398; 2; 0; 0; 1; 1; 1; 0; 1; 0
2413; 10; 0; 0; 0,999999846120557; 0,999999846120557; 1; 0; 1; 0
2417; 10; 0; 0; 1; 1; 1; 0; 1; 0
2423; 10; 0; 0; 0,898085992145208; 0,898085992145208; 1; 0; 1; 0
2426; 16; 0; 0; 1; 1; 1; 0; 1; 0
2440; 3; 0; 0; 0,574353493349542; 0,574353493349542; 1; 0; 1; 0
2442; 2; 0; 0; 1; 1; 1; 0; 1; 0
2446; 2; 0; 0; 1; 1; 1; 0; 1; 0
2453; 18; 11; 0; 0,225725599286301; 0,181342856327492; 1; 0; 1; 0
2455; 2; 0; 1; 0,986922498363027; 0,0130775016369729; 0; 1; 0; 1
2456; 10; 0; 0; 1; 1; 1; 0; 1; 0
2499; 16; 0; 0; 0,964906399384403; 0,964906399384403; 1; 0; 1; 0
2507; 10; 0; 0; 1; 1; 1; 0; 1; 0
2511; 2; 0; 0; 1; 1; 1; 0; 1; 0
2514; 40; 0; 0; 0,999999999508818; 0,999999999508818; 1; 0; 1; 0
2518; 2; 0; 0; 1; 1; 1; 0; 1; 0
2525; 2; 0; 0; 1; 1; 1; 0; 1; 0
2531; 22; 0; 0; 0,999992533280163; 0,999992533280163; 1; 0; 1; 0
2532; 20; 0; 0; 1; 1; 1; 0; 1; 0
2536; 10; 0; 0; 1; 1; 1; 0; 1; 0
2540; 18; 0; 0; 1; 1; 1; 0; 1; 0
2542; 2; 1; 0; 0,502870807625836; 0,497129192374163; 1; 0; 1; 0
2553; 2; 0; 0; 0,999948806971099; 0,999948806971099; 1; 0; 1; 0
2571; 3; 0; 0; 0,756240019300216; 0,756240019300216; 1; 0; 1; 0
2587; 10; 0; 0; 1; 1; 1; 0; 1; 0
2609; 2; 1; 1; 1; 1; 0; 0; 0,201011461648518; 0,798988538351482
2616; 22; 0; 0; 0,999949899448507; 0,999949899448507; 1; 0; 1; 0
2626; 2; 1; 1; 0,854042413076597; 0,854042413076597; 0; 0; 0,249098786887142; 0,750901213112858
2627; 19; 2; 0; 0,490199861894711; 0,458085588767012; 1; 0; 1; 0
2636; 16; 0; 0; 1; 1; 1; 0; 1; 0
2657; 10; 0; 0; 0,943347866931715; 0,943347866931715; 1; 0; 1; 0
2671; 2; 0; 0; 1; 1; 1; 0; 1; 0
2691; 10; 0; 0; 0,999999986365852; 0,999999986365852; 1; 0; 1; 0
2695; 10; 0; 0; 1; 1; 1; 0; 1; 0
2701; 20; 0; 0; 0,998417512723044; 0,998417512723044; 1; 0; 1; 0
2702; 2; 0; 0; 1; 1; 1; 0; 1; 0
2708; 2; 0; 0; 1; 1; 1; 0; 1; 0
2715; 2; 0; 0; 1; 1; 1; 0; 1; 0
2723; 16; 0; 0; 1; 1; 1; 0; 1; 0
2748; 10; 8; 0; 0,105543149428719; 0,0501116551415314; 1; 0; 1; 0
2762; 3; 0; 0; 1; 1; 1; 0; 1; 0
2775; 3; 0; 0; 1; 1; 1; 0; 1; 0
2776; 11; 0; 0; 1; 1; 1; 0; 1; 0
2807; 11; 0; 0; 1; 1; 1; 0; 1; 0
2810; 16; 2; 0; 0,41103247077503; 0; 1; 0; 1; 0
2822; 68; 0; 0; 1; 1; 1; 0; 1; 0
2832; 10; 0; 0; 1; 1; 1; 0; 1; 0
2838; 11; 0; 0; 1; 1; 1; 0; 1; 0
2853; 3; 0; 0; 1; 1; 1; 0; 1; 0
2856; 2; 0; 0; 1; 1; 1; 0; 1; 0
2858; 17; 0; 0; 1; 1; 1; 0; 1; 0
2872; 2; 0; 1; 0,835043735450268; 0,164956264549732; 0; 0; 0,500296553284424; 0,499703446715576
2874; 2; 0; 0; 1; 1; 1; 0; 1; 0
2875; 16; 14; 0; 0,0713316208146384; 0,0224230629525062; 1; 0; 1; 0
2878; 2; 0; 0; 1; 1; 1; 0; 1; 0
2883; 16; 13; 0; 0,0650747812183973; 0,0238782817240402; 1; 0; 1; 0
2911; 10; 0; 0; 1; 1; 1; 0; 1; 0
2921; 14; 2; 10; 0,223506165894508; 0; 0; 1; 0; 1
2936; 20; 0; 0; 0,999999995214579; 0,999999995214579; 1; 0; 1; 0
2952; 10; 0; 0; 1; 1; 1; 0; 1; 0
2957; 2; 0; 0; 1; 1; 1; 0; 1; 0
2963; 3; 0; 0; 0,822723456434602; 0,822723456434602; 1; 0; 1; 0
2973; 2; 1; 0; 1; 0; 1; 0; 1; 0
2992; 2; 0; 0; 1; 1; 1; 0; 1; 0
3011; 20; 0; 0; 1; 1; 1; 0; 1; 0
3018; 2; 1; 0; 0,71278716175396; 0,28721283824604; 1; 0; 1; 0
3060; 2; 0; 0; 1; 1; 1; 0; 1; 0
3063; 10; 0; 0; 1; 1; 1; 0; 1; 0
3082; 3; 2; 0; 0,57683639072904; 0,42316360927096; 1; 0; 1; 0
3095; 16; 0; 0; 0,986878473190362; 0,986878473190362; 1; 0; 1; 0
3103; 3; 0; 0; 1; 1; 1; 0; 1; 0
3121; 2; 0; 1; 1; 0; 0; 0; 0,500599967389935; 0,499400032610065
3129; 16; 0; 0; 0,95249289393316; 0,95249289393316; 1; 0; 1; 0
3152; 3; 0; 0; 0,814861074942561; 0,814861074942561; 1; 0; 1; 0
3158; 2; 0; 0; 1; 1; 1; 0; 1; 0
3160; 2; 1; 0; 1; 0; 1; 0; 1; 0
3212; 22; 0; 0; 1; 1; 1; 0; 1; 0
3214; 3; 0; 0; 1; 1; 1; 0; 1; 0
3220; 11; 0; 0; 0,999999974613283; 0,999999974613283; 1; 0; 1; 0
3225; 10; 0; 0; 1; 1; 1; 0; 1; 0
3226; 2; 0; 1; 1; 0; 0; 0; 0,499975874235971; 0,500024125764029
3229; 26; 0; 0; 0,742219114202632; 0,742219114202632; 1; 0; 1; 0
3247; 2; 0; 0; 1; 1; 1; 0; 1; 0
3270; 2; 0; 0; 1; 1; 1; 0; 1; 0
3284; 3; 0; 0; 1; 1; 1; 0; 1; 0
3304; 2; 0; 0; 1; 1; 1; 0; 1; 0
3315; 2; 0; 0; 1; 1; 1; 0; 1; 0
3316; 10; 0; 0; 1; 1; 1; 0; 1; 0
3321; 16; 2; 0; 0,808129159122985; 0,182542206261419; 1; 0; 1; 0
3324; 2; 0; 0; 1; 1; 1; 0; 1; 0
3327; 19; 0; 0; 0,607441736869746; 0,607441736869746; 1; 0; 1; 0
3329; 11; 3; 0; 0,664650911805606; 0; 1; 0; 1; 0
3332; 19; 0; 1; 0,953976301456934; 7,38261040037072E-08; 0; 0; 0,334175033414952; 0,665824966585048
3336; 3; 0; 0; 1; 1; 1; 0; 1; 0
3355; 2; 0; 0; 1; 1; 1; 0; 1; 0
3369; 10; 0; 0; 0,939128312744837; 0,939128312744837; 1; 0; 1; 0
3395; 22; 0; 0; 0,999992496374108; 0,999992496374108; 1; 0; 1; 0
3402; 2; 1; 0; 1; 0; 1; 0; 1; 0
3420; 2; 0; 0; 0,617524108658777; 0,617524108658777; 1; 0; 1; 0
3432; 4; 0; 0; 1; 1; 1; 0; 1; 0
3475; 2; 0; 0; 1; 1; 1; 0; 1; 0
3484; 10; 1; 1; 1; 1; 0; 1; 0; 1
3486; 6; 0; 0; 1; 1; 1; 0; 1; 0
3515; 10; 0; 0; 0,996994455855984; 0,996994455855984; 1; 0; 1; 0
3527; 2; 0; 0; 1; 1; 1; 0; 1; 0
3539; 3; 0; 0; 0,589647146648308; 0,589647146648308; 1; 0; 1; 0
3550; 2; 0; 0; 1; 1; 1; 0; 1; 0
3559; 10; 0; 0; 1; 1; 1; 0; 1; 0
3562; 2; 0; 0; 1; 1; 1; 0; 1; 0
3567; 16; 0; 0; 0,956697732167883; 0,956697732167883; 1; 0; 1; 0
3570; 16; 13; 0; 0,0643124625154379; 0,0353130622684315; 1; 0; 1; 0
3585; 10; 0; 0; 1; 1; 1; 0; 1; 0
3586; 2; 1; 0; 0,525989489897661; 0,474010510102339; 1; 0; 1; 0
3593; 2; 0; 0; 0,615826050234426; 0,615826050234426; 1; 0; 1; 0
3594; 3; 0; 0; 0,703663509883209; 0,703663509883209; 1; 0; 1; 0
3600; 3; 0; 0; 0,79287913091428; 0,79287913091428; 1; 0; 1; 0
3604; 2; 0; 1; 0,747272283617332; 0,252727716382668; 0; 1; 0; 1
3611; 3; 2; 0; 1; 0; 1; 0; 1; 0
3676; 10; 0; 0; 1; 1; 1; 0; 1; 0
3695; 10; 0; 0; 0,999974772018619; 0,999974772018619; 1; 0; 1; 0
3697; 10; 0; 0; 1; 1; 1; 0; 1; 0
3701; 3; 0; 0; 0,833093940226879; 0,833093940226879; 1; 0; 1; 0
3752; 3; 0; 0; 1; 1; 1; 0; 1; 0
3764; 18; 0; 0; 1; 1; 1; 0; 1; 0
3795; 2; 0; 0; 1; 1; 1; 0; 1; 0
3798; 11; 0; 0; 1; 1; 1; 0; 1; 0
3805; 3; 0; 0; 1; 1; 1; 0; 1; 0
3806; 3; 0; 0; 1; 1; 1; 0; 1; 0
3809; 4; 0; 0; 1; 1; 1; 0; 1; 0
3817; 20; 0; 0; 1; 1; 1; 0; 1; 0
3822; 16; 2; 0; 0,458394050649731; 0; 1; 0; 1; 0
3824; 4; 0; 1; 0,837140216369882; 0,162859783630118; 0; 0; 0,500296553284424; 0,499703446715576
3843; 16; 0; 0; 0,925028092278167; 0,925028092278167; 1; 0; 1; 0
3846; 2; 0; 0; 0,999967857014853; 0,999967857014853; 1; 0; 1; 0
3942; 2; 0; 0; 1; 1; 1; 0; 1; 0
3958; 2; 1; 0; 1; 0; 1; 0; 1; 0
3962; 10; 0; 0; 1; 1; 1; 0; 1; 0
3964; 2; 0; 0; 1; 1; 1; 0; 1; 0
3984; 20; 0; 0; 0,999999997783602; 0,999999997783602; 1; 0; 1; 0
3997; 10; 0; 0; 1; 1; 1; 0; 1; 0
4029; 11; 0; 0; 1; 1; 1; 0; 1; 0
4030; 2; 0; 0; 1; 1; 1; 0; 1; 0
4039; 2; 0; 0; 1; 1; 1; 0; 1; 0
4055; 16; 13; 0; 0,0647646566493177; 0,0285301502602353; 1; 0; 1; 0
4069; 22; 18; 0; 0,0467116707549944; 0,0190549141451184; 1; 0; 1; 0
4083; 10; 0; 0; 0,999999390932822; 0,999999390932822; 1; 0; 1; 0
4108; 2; 0; 0; 1; 1; 1; 0; 1; 0
4125; 48; 0; 0; 1; 1; 1; 0; 1; 0
4129; 10; 0; 0; 0,999999592144769; 0,999999592144769; 1; 0; 1; 0
4144; 2; 0; 0; 1; 1; 1; 0; 1; 0
4153; 2; 0; 0; 1; 1; 1; 0; 1; 0
4193; 8; 0; 0; 1; 1; 1; 0; 1; 0
4195; 10; 0; 0; 0,999164027503326; 0,999164027503326; 1; 0; 1; 0
4207; 16; 2; 0; 0,413218166769756; 0; 1; 0; 1; 0
4223; 18; 0; 2; 0,805944077002406; 0,0710120479083842; 0; 0; 0,249836158183357; 0,750163841816643
4225; 10; 0; 0; 1; 1; 1; 0; 1; 0
4242; 2; 0; 0; 1; 1; 1; 0; 1; 0
4245; 13; 0; 2; 0,54604662666536; 0,444584191861826; 0; 1; 0; 1
4258; 13; 0; 2; 0,524560169949032; 0,443004700859377; 0; 0; 0,251375822415968; 0,748624177584032
4273; 22; 0; 0; 0,99947227558558; 0,99947227558558; 1; 0; 1; 0
4278; 20; 0; 0; 0,99999999976288; 0,99999999976288; 1; 0; 1; 0
4293; 3; 1; 1; 0,538824171859674; 0,538824171859674; 0; 0; 0,124080736305665; 0,875919263694335
4294; 2; 0; 1; 0,848008549250519; 0,151991450749481; 0; 1; 0; 1
4317; 3; 2; 0; 1; 0; 1; 0; 1; 0
4331; 10; 0; 0; 0,999999857501994; 0,999999857501994; 1; 0; 1; 0
4335; 4; 0; 0; 1; 1; 1; 0; 1; 0
4339; 3; 0; 0; 1; 1; 1; 0; 1; 0
4354; 2; 0; 0; 0,999943443793494; 0,999943443793494; 1; 0; 1; 0
4372; 20; 0; 0; 1; 1; 1; 0; 1; 0
4379; 2; 0; 0; 1; 1; 1; 0; 1; 0
4392; 2; 0; 1; 1; 0; 0; 0; 0,500256624585928; 0,499743375414072
4436; 2; 1; 0; 1; 0; 1; 0; 1; 0
4479; 10; 2; 1; 0,627575946739138; 0,329816814754538; 0; 0; 0,37362349693995; 0,62637650306005
4486; 20; 0; 0; 0,999999968549661; 0,999999968549661; 1; 0; 1; 0
4497; 2; 0; 0; 1; 1; 1; 0; 1; 0
4503; 176; 13; 0; 0,0647578456301107; 0,028632315548339; 1; 0; 1; 0
4512; 20; 0; 0; 0,999999994569959; 0,999999994569959; 1; 0; 1; 0
4517; 3; 0; 0; 1; 1; 1; 0; 1; 0
4523; 8; 0; 0; 1; 1; 1; 0; 1; 0
4528; 2; 0; 0; 1; 1; 1; 0; 1; 0
4534; 18; 0; 2; 0,400659092568982; 0,097880392508541; 0; 0; 0,334384756660017; 0,665615243339983
4565; 10; 0; 0; 0,855295695667368; 0,855295695667368; 1; 0; 1; 0
4580; 2; 0; 0; 1; 1; 1; 0; 1; 0
4592; 16; 0; 0; 1; 1; 1; 0; 1; 0
4598; 2; 0; 0; 1; 1; 1; 0; 1; 0
4614; 18; 0; 0; 1; 1; 1; 0; 1; 0
4622; 10; 0; 0; 1; 1; 1; 0; 1; 0
4628; 10; 0; 0; 1; 1; 1; 0; 1; 0
4634; 4; 0; 0; 1; 1; 1; 0; 1; 0
4645; 8; 0; 0; 1; 1; 1; 0; 1; 0
4670; 2; 0; 0; 1; 1; 1; 0; 1; 0
4686; 4; 0; 0; 1; 1; 1; 0; 1; 0
4704; 10; 0; 0; 1; 1; 1; 0; 1; 0
4706; 2; 0; 0; 1; 1; 1; 0; 1; 0
4710; 3; 0; 0; 1; 1; 1; 0; 1; 0
4734; 2; 0; 0; 1; 1; 1; 0; 1; 0
4747; 10; 0; 0; 0,999999709908069; 0,999999709908069; 1; 0; 1; 0
4755; 10; 0; 0; 1; 1; 1; 0; 1; 0
4765; 2; 0; 0; 1; 1; 1; 0; 1; 0
4771; 3; 0; 0; 1; 1; 1; 0; 1; 0
4783; 2; 0; 0; 1; 1; 1; 0; 1; 0
4784; 2; 0; 0; 1; 1; 1; 0; 1; 0
4812; 16; 0; 0; 1; 1; 1; 0; 1; 0
4845; 2; 1; 1; 0,914146800674484; 0,914146800674484; 0; 0; 0,166235758316226; 0,833764241683774
4877; 10; 0; 0; 1; 1; 1; 0; 1; 0
4919; 2; 0; 0; 1; 1; 1; 0; 1; 0
4924; 2; 1; 1; 0,835204892810407; 0,835204892810407; 0; 0; 0,33314918551223; 0,66685081448777
4927; 2; 0; 0; 0,886073240840897; 0,886073240840897; 1; 0; 1; 0
4932; 4; 0; 0; 0,9402296682352; 0,9402296682352; 1; 0; 1; 0
4933; 2; 0; 0; 1; 1; 1; 0; 1; 0
4954; 17; 0; 0; 1; 1; 1; 0; 1; 0
4965; 2; 1; 0; 1; 0; 1; 0; 1; 0
4968; 13; 0; 0; 1; 1; 1; 0; 1; 0
4970; 10; 0; 0; 1; 1; 1; 0; 1; 0
4972; 6; 0; 0; 1; 1; 1; 0; 1; 0
5003; 4; 0; 0; 1; 1; 1; 0; 1; 0
5067; 48; 0; 0; 1; 1; 1; 0; 1; 0
5073; 2; 1; 0; 0,919735350197706; 0,0802646498022942; 1; 0; 1; 0
5077; 18; 2; 2; 0,428023350369088; 0,428023350369088; 0; 0; 0,249836158183357; 0,750163841816643
5090; 10; 0; 0; 1; 1; 1; 0; 1; 0
5134; 3; 0; 0; 1; 1; 1; 0; 1; 0
5144; 10; 0; 0; 0,999885182381791; 0,999885182381791; 1; 0; 1; 0
5153; 10; 0; 0; 1; 1; 1; 0; 1; 0
5188; 2; 0; 0; 1; 1; 1; 0; 1; 0
5200; 2; 0; 0; 1; 1; 1; 0; 1; 0
5203; 2; 0; 0; 1; 1; 1; 0; 1; 0
5211; 2; 0; 0; 0,724979635813362; 0,724979635813362; 1; 0; 1; 0
5223; 16; 0; 0; 1; 1; 1; 0; 1; 0
5227; 20; 0; 0; 1; 1; 1; 0; 1; 0
5238; 2; 0; 0; 1; 1; 1; 0; 1; 0
5263; 2; 0; 0; 1; 1; 1; 0; 1; 0
5291; 11; 0; 0; 1; 1; 1; 0; 1; 0
5298; 2; 0; 0; 1; 1; 1; 0; 1; 0
5306; 3; 2; 1; 0,583880458471084; 0,369803669010777; 0; 0; 0,125364729711433; 0,874635270288566
5311; 3; 0; 0; 1; 1; 1; 0; 1; 0
5321; 2; 0; 1; 0,724979635813362; 0,275020364186638; 0; 1; 0; 1
5324; 2; 1; 0; 0,786626393348498; 0,213373606651502; 1; 0; 1; 0
5338; 2; 0; 0; 1; 1; 1; 0; 1; 0
5343; 10; 0; 0; 1; 1; 1; 0; 1; 0
5355; 22; 1; 0; 0,808837072483996; 0,191162927516004; 1; 0; 1; 0
5357; 11; 0; 0; 1; 1; 1; 0; 1; 0
5359; 2; 0; 0; 1; 1; 1; 0; 1; 0
5375; 2; 1; 0; 0,969221071321207; 0,0307789286787933; 1; 0; 1; 0
5396; 10; 0; 0; 1; 1; 1; 0; 1; 0
5402; 10; 0; 0; 1; 1; 1; 0; 1; 0
5419; 3; 0; 0; 1; 1; 1; 0; 1; 0
5435; 10; 0; 0; 1; 1; 1; 0; 1; 0
5445; 2; 0; 0; 1; 1; 1; 0; 1; 0
5456; 2; 0; 1; 0,718347615187728; 0,281652384812273; 0; 1; 0; 1
5464; 2; 0; 0; 1; 1; 1; 0; 1; 0
5481; 3; 0; 0; 1; 1; 1; 0; 1; 0
5491; 4; 0; 0; 1; 1; 1; 0; 1; 0
5518; 2; 0; 0; 1; 1; 1; 0; 1; 0
5524; 10; 0; 0; 1; 1; 1; 0; 1; 0
5526; 10; 0; 0; 1; 1; 1; 0; 1; 0
5548; 3; 0; 0; 1; 1; 1; 0; 1; 0
5564; 10; 0; 0; 1; 1; 1; 0; 1; 0
5571; 10; 0; 0; 1; 1; 1; 0; 1; 0
5575; 10; 0; 0; 1; 1; 1; 0; 1; 0
5636; 2; 0; 0; 1; 1; 1; 0; 1; 0
5662; 10; 0; 0; 1; 1; 1; 0; 1; 0
5702; 16; 0; 0; 1; 1; 1; 0; 1; 0
5716; 2; 1; 1; 0,752542975753965; 0,752542975753965; 0; 0; 0,334321691806297; 0,665678308193703
5753; 2; 0; 0; 1; 1; 1; 0; 1; 0
5759; 2; 0; 0; 1; 1; 1; 0; 1; 0
5783; 10; 0; 0; 1; 1; 1; 0; 1; 0
5795; 11; 0; 0; 1; 1; 1; 0; 1; 0
5800; 3; 0; 0; 1; 1; 1; 0; 1; 0
5804; 2; 0; 0; 1; 1; 1; 0; 1; 0
5833; 2; 0; 0; 1; 1; 1; 0; 1; 0
5853; 18; 0; 0; 1; 1; 1; 0; 1; 0
5859; 2; 0; 1; 0,724979635813362; 0,275020364186638; 0; 1; 0; 1
5889; 20; 0; 0; 1; 1; 1; 0; 1; 0
5892; 2; 0; 0; 1; 1; 1; 0; 1; 0
5930; 10; 0; 1; 1; 0; 0; 1; 0; 1
5932; 10; 0; 0; 0,999997207846347; 0,999997207846347; 1; 0; 1; 0
5947; 10; 0; 0; 1; 1; 1; 0; 1; 0
5951; 16; 0; 0; 1; 1; 1; 0; 1; 0
5980; 14; 10; 0; 1; 0; 1; 0; 1; 0
5993; 3; 0; 0; 1; 1; 1; 0; 1; 0
5996; 2; 0; 0; 1; 1; 1; 0; 1; 0
6004; 2; 0; 0; 1; 1; 1; 0; 1; 0
6026; 10; 0; 0; 1; 1; 1; 0; 1; 0
6031; 2; 1; 0; 0,89146949278101; 0,10853050721899; 1; 0; 1; 0
6032; 2; 0; 0; 1; 1; 1; 0; 1; 0
6042; 3; 2; 1; 0,566976556154427; 0,386483758675706; 0; 1; 0; 1
6055; 2; 0; 0; 1; 1; 1; 0; 1; 0
6062; 3; 0; 0; 1; 1; 1; 0; 1; 0
6066; 10; 0; 0; 1; 1; 1; 0; 1; 0
6076; 2; 1; 1; 0,558011052901445; 0,558011052901445; 0; 1; 0; 1
6083; 10; 0; 0; 1; 1; 1; 0; 1; 0
6108; 10; 0; 0; 1; 1; 1; 0; 1; 0
6112; 16; 0; 0; 1; 1; 1; 0; 1; 0
6119; 13; 2; 2; 0,501025549833901; 0,501025549833901; 0; 0; 0,251375822415968; 0,748624177584032
6125; 10; 0; 0; 1; 1; 1; 0; 1; 0
6139; 3; 0; 0; 1; 1; 1; 0; 1; 0
6153; 11; 0; 0; 1; 1; 1; 0; 1; 0
6163; 14; 0; 10; 0,206374059313165; 0; 0; 1; 0; 1
6206; 64; 0; 0; 1; 1; 1; 0; 1; 0
6209; 10; 1; 1; 0,449788020659505; 0,449788020659505; 0; 1; 0; 1
6224; 10; 0; 0; 0,999861045334033; 0,999861045334033; 1; 0; 1; 0
6229; 18; 0; 0; 1; 1; 1; 0; 1; 0
6231; 20; 0; 0; 1; 1; 1; 0; 1; 0
6236; 8; 0; 0; 1; 1; 1; 0; 1; 0
6268; 3; 0; 0; 1; 1; 1; 0; 1; 0
6281; 3; 0; 0; 1; 1; 1; 0; 1; 0
6283; 17; 0; 0; 1; 1; 1; 0; 1; 0
6292; 2; 0; 0; 1; 1; 1; 0; 1; 0
6297; 3; 0; 0; 1; 1; 1; 0; 1; 0
6301; 9; 0; 0; 1; 1; 1; 0; 1; 0
6321; 2; 0; 0; 1; 1; 1; 0; 1; 0
6323; 3; 0; 0; 1; 1; 1; 0; 1; 0
6334; 2; 0; 0; 1; 1; 1; 0; 1; 0
6341; 20; 0; 1; 0,71885649754525; 0,281143501836424; 0; 0; 0,500984484812199; 0,499015515187801
6343; 10; 0; 0; 0,999999998096431; 0,999999998096431; 1; 0; 1; 0
6346; 10; 0; 0; 1; 1; 1; 0; 1; 0
6379; 16; 1; 0; 1; 0; 1; 0; 1; 0
6453; 10; 0; 0; 1; 1; 1; 0; 1; 0
6463; 2; 1; 1; 0,612073590848706; 0,612073590848706; 0; 0; 0,251495310050949; 0,748504689949051
6464; 3; 0; 0; 1; 1; 1; 0; 1; 0
6495; 10; 0; 0; 0,993063101812848; 0,993063101812848; 1; 0; 1; 0
6503; 10; 0; 0; 1; 1; 1; 0; 1; 0
6504; 10; 0; 0; 0,999979664444538; 0,999979664444538; 1; 0; 1; 0
6507; 22; 0; 0; 0,999999832654924; 0,999999832654924; 1; 0; 1; 0
6511; 110; 1; 0; 1; 0; 1; 0; 1; 0
6515; 13; 2; 0; 0,494454095815014; 0,43763850650665; 1; 0; 1; 0
6523; 10; 0; 0; 1; 1; 1; 0; 1; 0
6526; 4; 0; 1; 0,735803700973577; 0,264196299026423; 0; 0; 0,500984484812199; 0,499015515187801
6543; 2; 1; 1; 1; 1; 0; 0; 0,165993405968281; 0,834006594031719
6549; 2; 0; 0; 0,999469696365028; 0,999469696365028; 1; 0; 1; 0
6569; 2; 0; 0; 1; 1; 1; 0; 1; 0
6615; 2; 0; 0; 1; 1; 1; 0; 1; 0
6675; 2; 0; 0; 0,816254786423873; 0,816254786423873; 1; 0; 1; 0
6678; 14; 10; 0; 0,487312855340598; 0,0845084170005201; 1; 0; 1; 0
6682; 11; 0; 0; 1; 1; 1; 0; 1; 0
6704; 14; 12; 10; 0,225085657518755; 0; 0; 1; 0; 1
6718; 26; 1; 1; 1; 1; 0; 0; 0,499204896857961; 0,500795103142039
6730; 3; 0; 0; 1; 1; 1; 0; 1; 0
6739; 10; 0; 0; 1; 1; 1; 0; 1; 0
6749; 2; 1; 0; 0,975986590405877; 0,0240134095941235; 1; 0; 1; 0
6753; 2; 0; 0; 1; 1; 1; 0; 1; 0
6767; 22; 0; 1; 0,66451642948151; 0,33548357051849; 0; 0; 0,332132797202093; 0,667867202797907
6787; 20; 0; 0; 1; 1; 1; 0; 1; 0
6794; 2; 0; 0; 1; 1; 1; 0; 1; 0
6824; 2; 0; 0; 1; 1; 1; 0; 1; 0
6836; 40; 0; 0; 1; 1; 1; 0; 1; 0
6837; 2; 1; 0; 0,970589509026559; 0,0294104909734405; 1; 0; 1; 0
6863; 2; 0; 0; 0,872744145233845; 0,872744145233845; 1; 0; 1; 0
6866; 10; 0; 0; 0,98477663763692; 0,98477663763692; 1; 0; 1; 0
6898; 2; 0; 1; 1; 0; 0; 0; 0,37362349693995; 0,62637650306005
6900; 10; 3; 0; 0,71567707069172; 0; 1; 0; 1; 0
6901; 2; 0; 0; 1; 1; 1; 0; 1; 0
6903; 2; 0; 0; 0,928031819481546; 0,928031819481546; 1; 0; 1; 0
6907; 10; 0; 0; 0,999448309648026; 0,999448309648026; 1; 0; 1; 0
6909; 2; 0; 0; 0,894418475315092; 0,894418475315092; 1; 0; 1; 0
6912; 10; 0; 0; 1; 1; 1; 0; 1; 0
6918; 2; 0; 0; 1; 1; 1; 0; 1; 0
6923; 10; 0; 0; 0,988690609252691; 0,988690609252691; 1; 0; 1; 0
6936; 18; 0; 1; 0,999664001052543; 0,000335998947457303; 0; 1; 0; 1
6937; 2; 0; 0; 1; 1; 1; 0; 1; 0
6942; 3; 0; 1; 0,532450266497034; 0,467549733502966; 0; 0; 0,428193131701094; 0,571806868298906
6960; 2; 0; 1; 0,928549708027252; 0,0714502919727476; 0; 0; 0,331599996738756; 0,668400003261244
6970; 16; 0; 0; 0,698223087349446; 0,698223087349446; 1; 0; 1; 0
6986; 10; 0; 0; 1; 1; 1; 0; 1; 0
6989; 16; 0; 0; 0,768477482480317; 0,768477482480317; 1; 0; 1; 0
7011; 16; 0; 0; 1; 1; 1; 0; 1; 0
7034; 2; 0; 0; 1; 1; 1; 0; 1; 0
7039; 2; 0; 1; 0,972080577843962; 0,027919422156038; 0; 1; 0; 1
7040; 16; 0; 0; 0,999996999018513; 0,999996999018513; 1; 0; 1; 0
7047; 2; 1; 1; 0,853012406238169; 0,853012406238169; 0; 0; 0,334321691806297; 0,665678308193703
7077; 11; 0; 0; 1; 1; 1; 0; 1; 0
7092; 10; 0; 0; 1; 1; 1; 0; 1; 0
7110; 2; 1; 1; 0,788541844103992; 0,788541844103992; 0; 1; 0; 1
7130; 11; 0; 0; 1; 1; 1; 0; 1; 0
7139; 11; 0; 0; 1; 1; 1; 0; 1; 0
7140; 2; 0; 0; 1; 1; 1; 0; 1; 0
7143; 16; 0; 0; 1; 1; 1; 0; 1; 0
7154; 2; 0; 0; 1; 1; 1; 0; 1; 0
7155; 10; 0; 0; 1; 1; 1; 0; 1; 0
7175; 16; 0; 0; 1; 1; 1; 0; 1; 0
7200; 16; 0; 0; 1; 1; 1; 0; 1; 0
7244; 2; 0; 0; 1; 1; 1; 0; 1; 0
7262; 10; 0; 0; 1; 1; 1; 0; 1; 0
7266; 10; 0; 0; 1; 1; 1; 0; 1; 0
7270; 2; 0; 0; 1; 1; 1; 0; 1; 0
7278; 10; 0; 0; 0,999996915379902; 0,999996915379902; 1; 0; 1; 0
7279; 10; 0; 0; 1; 1; 1; 0; 1; 0
7283; 2; 0; 0; 0,592585133311049; 0,592585133311049; 1; 0; 1; 0
7287; 18; 1; 2; 0,686991464895149; 0,0668270213485591; 0; 0; 0,500296553284424; 0,499703446715576
7303; 10; 0; 0; 1; 1; 1; 0; 1; 0
7314; 3; 0; 1; 0,550088584603526; 0,449911415396474; 0; 0; 0,333563697350795; 0,666436302649205
7316; 10; 0; 0; 0,999999356581136; 0,999999356581136; 1; 0; 1; 0
7332; 10; 0; 0; 1; 1; 1; 0; 1; 0
7334; 2; 0; 0; 1; 1; 1; 0; 1; 0
7335; 220; 0; 0; 1; 1; 1; 0; 1; 0
7344; 2; 0; 0; 1; 1; 1; 0; 1; 0
7345; 3; 0; 0; 1; 1; 1; 0; 1; 0
7364; 10; 0; 0; 0,929385990441829; 0,929385990441829; 1; 0; 1; 0
7383; 2; 0; 0; 1; 1; 1; 0; 1; 0
7415; 10; 0; 0; 1; 1; 1; 0; 1; 0
7418; 2; 0; 0; 1; 1; 1; 0; 1; 0
7437; 10; 0; 0; 1; 1; 1; 0; 1; 0
7449; 16; 0; 0; 1; 1; 1; 0; 1; 0
7454; 10; 0; 0; 1; 1; 1; 0; 1; 0
7473; 10; 0; 0; 1; 1; 1; 0; 1; 0
7497; 3; 0; 0; 1; 1; 1; 0; 1; 0
7522; 16; 0; 0; 1; 1; 1; 0; 1; 0
7528; 2; 0; 0; 1; 1; 1; 0; 1; 0
7532; 10; 0; 0; 1; 1; 1; 0; 1; 0
7538; 2; 1; 0; 0,885465904962907; 0,114534095037093; 1; 0; 1; 0
7550; 2; 0; 0; 0,9402296682352; 0,9402296682352; 1; 0; 1; 0
7552; 176; 0; 0; 1; 1; 1; 0; 1; 0
7571; 10; 0; 0; 0,999887342610962; 0,999887342610962; 1; 0; 1; 0
7580; 16; 0; 0; 1; 1; 1; 0; 1; 0
7582; 13; 0; 0; 1; 1; 1; 0; 1; 0
7584; 2; 0; 0; 0,999049596631486; 0,999049596631486; 1; 0; 1; 0
7617; 10; 0; 0; 1; 1; 1; 0; 1; 0
7624; 10; 0; 0; 1; 1; 1; 0; 1; 0
7626; 2; 0; 0; 1; 1; 1; 0; 1; 0
7646; 18; 0; 2; 0,992647769071713; 0; 0; 0; 0,334384756660017; 0,665615243339983
7651; 2; 0; 0; 1; 1; 1; 0; 1; 0
7662; 20; 0; 0; 0,956812257493939; 0,956812257493939; 1; 0; 1; 0
7663; 4; 0; 0; 1; 1; 1; 0; 1; 0
7668; 3; 0; 0; 1; 1; 1; 0; 1; 0
7685; 3; 0; 0; 1; 1; 1; 0; 1; 0
7700; 2; 0; 1; 0,541196168925468; 0,458803831074532; 0; 1; 0; 1
7701; 10; 0; 0; 1; 1; 1; 0; 1; 0
7702; 20; 0; 0; 1; 1; 1; 0; 1; 0
7703; 16; 0; 0; 1; 1; 1; 0; 1; 0
7712; 11; 0; 0; 1; 1; 1; 0; 1; 0
7721; 2; 0; 0; 1; 1; 1; 0; 1; 0
7724; 16; 0; 0; 1; 1; 1; 0; 1; 0
7731; 2; 0; 0; 1; 1; 1; 0; 1; 0
7739; 10; 0; 0; 1; 1; 1; 0; 1; 0
7748; 10; 1; 1; 1; 1; 0; 0; 0,49981868512858; 0,50018131487142
7752; 2; 0; 1; 0,71080392064577; 0,28919607935423; 0; 0; 0,200934938820447; 0,799065061179553
7754; 3; 0; 0; 1; 1; 1; 0; 1; 0
7784; 10; 0; 0; 0,974151357369065; 0,974151357369065; 1; 0; 1; 0
7796; 10; 0; 0; 1; 1; 1; 0; 1; 0
7820; 3; 0; 0; 1; 1; 1; 0; 1; 0
7832; 3; 0; 0; 1; 1; 1; 0; 1; 0
7839; 2; 0; 0; 0,928549708027252; 0,928549708027252; 1; 0; 1; 0
7841; 176; 0; 0; 1; 1; 1; 0; 1; 0
7843; 2; 0; 0; 0,72690104028793; 0,72690104028793; 1; 0; 1; 0
7869; 40; 20; 0; 1; 0; 1; 0; 1; 0
7884; 10; 0; 0; 1; 1; 1; 0; 1; 0
7886; 2; 0; 0; 1; 1; 1; 0; 1; 0
7921; 10; 0; 0; 1; 1; 1; 0; 1; 0
7937; 3; 0; 0; 1; 1; 1; 0; 1; 0
7939; 2; 0; 0; 1; 1; 1; 0; 1; 0
7959; 2; 0; 0; 1; 1; 1; 0; 1; 0
7966; 10; 1; 2; 1; 0; 0; 0; 0,249836158183357; 0,750163841816643
7974; 2; 0; 0; 1; 1; 1; 0; 1; 0
7983; 10; 0; 0; 0,99998359274288; 0,99998359274288; 1; 0; 1; 0
7989; 10; 0; 0; 1; 1; 1; 0; 1; 0
8007; 10; 0; 0; 1; 1; 1; 0; 1; 0
8012; 3; 0; 0; 1; 1; 1; 0; 1; 0
8019; 10; 0; 0; 1; 1; 1; 0; 1; 0
8041; 10; 0; 0; 1; 1; 1; 0; 1; 0
8050; 3; 0; 0; 1; 1; 1; 0; 1; 0
8090; 3; 0; 0; 1; 1; 1; 0; 1; 0
8125; 10; 0; 0; 0,941251599499009; 0,941251599499009; 1; 0; 1; 0
8130; 4; 0; 1; 0,968541476871415; 0,0314585231285854; 0; 0; 0,500296553284424; 0,499703446715576
8136; 10; 0; 0; 1; 1; 1; 0; 1; 0
8140; 2; 0; 0; 0,99776502890253; 0,99776502890253; 1; 0; 1; 0
8183; 2; 0; 0; 1; 1; 1; 0; 1; 0
8194; 17; 0; 0; 1; 1; 1; 0; 1; 0
8197; 2; 1; 1; 1; 1; 0; 1; 0; 1
8206; 6; 0; 0; 1; 1; 1; 0; 1; 0
8209; 19; 0; 2; 1; 0; 0; 1; 0; 1
8214; 100; 0; 0; 0,960067392024668; 0,960067392024668; 1; 0; 1; 0
8215; 10; 0; 0; 1; 1; 1; 0; 1; 0
8224; 16; 0; 0; 1; 1; 1; 0; 1; 0
8253; 3; 0; 0; 1; 1; 1; 0; 1; 0
8286; 20; 0; 0; 1; 1; 1; 0; 1; 0
8304; 2; 0; 0; 1; 1; 1; 0; 1; 0
8307; 2; 1; 0; 1; 0; 1; 0; 1; 0
8312; 2; 0; 0; 1; 1; 1; 0; 1; 0
8336; 3; 0; 0; 1; 1; 1; 0; 1; 0
8357; 3; 0; 0; 1; 1; 1; 0; 1; 0
8359; 3; 0; 0; 1; 1; 1; 0; 1; 0
8366; 2; 0; 0; 1; 1; 1; 0; 1; 0
8369; 2; 0; 0; 1; 1; 1; 0; 1; 0
8373; 3; 0; 0; 1; 1; 1; 0; 1; 0
8375; 10; 0; 0; 1; 1; 1; 0; 1; 0
8389; 2; 0; 0; 1; 1; 1; 0; 1; 0
8400; 2; 0; 0; 1; 1; 1; 0; 1; 0
8408; 3; 0; 0; 1; 1; 1; 0; 1; 0
8413; 16; 0; 0; 0,999999930955877; 0,999999930955877; 1; 0; 1; 0
8436; 2; 0; 0; 1; 1; 1; 0; 1; 0
8445; 3; 0; 0; 1; 1; 1; 0; 1; 0
8451; 10; 1; 0; 0,929719261608145; 0,0702807383918549; 1; 0; 1; 0
8456; 2; 0; 0; 1; 1; 1; 0; 1; 0
8462; 2; 1; 1; 0,997914465948456; 0,997914465948456; 0; 0; 0,500599967389935; 0,499400032610065
8489; 16; 0; 0; 1; 1; 1; 0; 1; 0
8496; 2; 0; 0; 1; 1; 1; 0; 1; 0
8505; 2; 0; 0; 1; 1; 1; 0; 1; 0
8508; 19; 2; 0; 0,866546862591405; 0; 1; 0; 1; 0
8512; 2; 0; 0; 1; 1; 1; 0; 1; 0
8530; 3; 0; 0; 1; 1; 1; 0; 1; 0
8536; 2; 0; 0; 1; 1; 1; 0; 1; 0
8545; 16; 0; 0; 0,999993436817031; 0,999993436817031; 1; 0; 1; 0
8548; 19; 0; 2; 1; 0; 0; 0; 0,500256624585928; 0,499743375414072
8550; 2; 0; 0; 1; 1; 1; 0; 1; 0
8565; 10; 1; 2; 1; 0; 0; 0; 0,249836158183357; 0,750163841816643
8600; 10; 0; 0; 1; 1; 1; 0; 1; 0
8605; 10; 0; 0; 1; 1; 1; 0; 1; 0
8606; 2; 0; 0; 1; 1; 1; 0; 1; 0
8608; 2; 0; 0; 0,978203336612737; 0,978203336612737; 1; 0; 1; 0
8609; 2; 0; 1; 1; 0; 0; 0; 0,500984484812199; 0,499015515187801
8623; 16; 0; 0; 0,999999589312923; 0,999999589312923; 1; 0; 1; 0
8625; 10; 0; 0; 1; 1; 1; 0; 1; 0
8627; 18; 0; 2; 0,456572174398258; 0,287004496711395; 0; 0; 0,249836158183357; 0,750163841816643
8650; 10; 0; 0; 1; 1; 1; 0; 1; 0
8655; 8; 3; 0; 0,389967759519817; 0; 1; 0; 1; 0
8674; 3; 0; 0; 1; 1; 1; 0; 1; 0
8701; 10; 0; 0; 1; 1; 1; 0; 1; 0
8703; 2; 0; 0; 0,98613049572552; 0,98613049572552; 1; 0; 1; 0
8705; 2; 0; 0; 1; 1; 1; 0; 1; 0
8713; 4; 0; 0; 1; 1; 1; 0; 1; 0
8724; 2; 0; 0; 1; 1; 1; 0; 1; 0
8728; 2; 0; 0; 1; 1; 1; 0; 1; 0
8754; 2; 0; 0; 0,998269632888227; 0,998269632888227; 1; 0; 1; 0
8757; 2; 0; 0; 1; 1; 1; 0; 1; 0
8793; 3; 0; 0; 1; 1; 1; 0; 1; 0
8796; 10; 0; 0; 1; 1; 1; 0; 1; 0
8803; 2; 0; 0; 1; 1; 1; 0; 1; 0
8810; 16; 0; 0; 0,996640839275219; 0,996640839275219; 1; 0; 1; 0
8820; 4; 2; 2; 0,726160418018611; 0,726160418018611; 0; 0; 0,401050177253079; 0,598949822746921
8823; 16; 0; 0; 0,999999922623682; 0,999999922623682; 1; 0; 1; 0
8827; 2; 1; 1; 0,99277211450856; 0,99277211450856; 0; 0; 0,248721534951423; 0,751278465048577
8831; 10; 0; 0; 0,999934617366126; 0,999934617366126; 1; 0; 1; 0
8834; 2; 1; 1; 0,67138675626596; 0,67138675626596; 0; 0; 0,199332582175966; 0,800667417824035
8839; 2; 0; 0; 1; 1; 1; 0; 1; 0
8865; 3; 2; 2; 0,58288158641345; 0,58288158641345; 0; 0; 0,499830914844845; 0,500169085155155
8889; 3; 0; 0; 1; 1; 1; 0; 1; 0
8902; 2; 0; 0; 1; 1; 1; 0; 1; 0
8903; 2; 0; 0; 1; 1; 1; 0; 1; 0
8904; 2; 0; 0; 1; 1; 1; 0; 1; 0
8909; 16; 0; 0; 0,99999694051702; 0,99999694051702; 1; 0; 1; 0
8922; 10; 0; 0; 1; 1; 1; 0; 1; 0
8926; 20; 0; 0; 1; 1; 1; 0; 1; 0
8935; 22; 0; 0; 0,996244338979517; 0,996244338979517; 1; 0; 1; 0
8936; 2; 0; 0; 1; 1; 1; 0; 1; 0
8948; 2; 0; 0; 1; 1; 1; 0; 1; 0
8949; 3; 0; 0; 1; 1; 1; 0; 1; 0
8951; 16; 0; 0; 1; 1; 1; 0; 1; 0
8956; 3; 0; 0; 1; 1; 1; 0; 1; 0
8961; 16; 0; 0; 1; 1; 1; 0; 1; 0
8962; 3; 0; 0; 1; 1; 1; 0; 1; 0
8975; 100; 0; 0; 0,645760487799018; 0,645760487799018; 1; 0; 1; 0
8978; 2; 0; 0; 1; 1; 1; 0; 1; 0
8994; 2; 0; 0; 1; 1; 1; 0; 1; 0
9010; 10; 0; 0; 1; 1; 1; 0; 1; 0
9018; 2; 0; 0; 1; 1; 1; 0; 1; 0
9039; 2; 0; 0; 1; 1; 1; 0; 1; 0
9040; 16; 0; 0; 1; 1; 1; 0; 1; 0
9060; 16; 0; 0; 0,987659241991299; 0,987659241991299; 1; 0; 1; 0
9069; 3; 0; 0; 1; 1; 1; 0; 1; 0
9088; 2; 1; 1; 0,904039232756734; 0,904039232756734; 0; 0; 0,199321718519391; 0,800678281480609
9089; 2; 0; 0; 1; 1; 1; 0; 1; 0
9090; 10; 0; 0; 1; 1; 1; 0; 1; 0
9117; 2; 1; 1; 0,829220302358414; 0,829220302358414; 0; 0; 0,50057903542205; 0,49942096457795
9123; 3; 0; 0; 1; 1; 1; 0; 1; 0
9172; 3; 2; 2; 1; 1; 0; 0; 0,124080736305665; 0,875919263694335
9178; 2; 0; 0; 1; 1; 1; 0; 1; 0
9198; 20; 0; 0; 1; 1; 1; 0; 1; 0
9203; 10; 0; 0; 1; 1; 1; 0; 1; 0
9204; 2; 0; 0; 1; 1; 1; 0; 1; 0
9205; 20; 0; 0; 1; 1; 1; 0; 1; 0
9213; 20; 0; 0; 1; 1; 1; 0; 1; 0
9253; 4; 0; 1; 0,99788486397673; 0,00211513602327017; 0; 0; 0,500296553284424; 0,499703446715576
9258; 3; 0; 0; 1; 1; 1; 0; 1; 0
9260; 16; 0; 0; 1; 1; 1; 0; 1; 0
9287; 16; 0; 0; 1; 1; 1; 0; 1; 0
9298; 16; 0; 0; 1; 1; 1; 0; 1; 0
9314; 10; 0; 0; 1; 1; 1; 0; 1; 0
9318; 2; 0; 0; 1; 1; 1; 0; 1; 0
9331; 16; 0; 0; 1; 1; 1; 0; 1; 0
9360; 2; 0; 0; 1; 1; 1; 0; 1; 0
9371; 2; 0; 0; 1; 1; 1; 0; 1; 0
9389; 2; 0; 0; 1; 1; 1; 0; 1; 0
9419; 3; 2; 1; 0,590521708235812; 0,219470629883488; 0; 1; 0; 1
9421; 3; 0; 0; 1; 1; 1; 0; 1; 0
9423; 2; 0; 0; 1; 1; 1; 0; 1; 0
9436; 10; 0; 0; 1; 1; 1; 0; 1; 0
9446; 2; 0; 0; 1; 1; 1; 0; 1; 0
9451; 3; 0; 0; 1; 1; 1; 0; 1; 0
9456; 18; 0; 1; 0,907072216593521; 0,038427035336878; 0; 1; 0; 1
9462; 16; 0; 0; 1; 1; 1; 0; 1; 0
9464; 2; 0; 0; 1; 1; 1; 0; 1; 0
9472; 2; 0; 0; 1; 1; 1; 0; 1; 0
9477; 2; 1; 1; 1; 1; 0; 0; 0,167385047325938; 0,832614952674062
9495; 10; 0; 0; 1; 1; 1; 0; 1; 0
9509; 11; 0; 0; 0,999999919042322; 0,999999919042322; 1; 0; 1; 0
9523; 18; 1; 1; 1; 1; 0; 0; 0,250781242289067; 0,749218757710933
9536; 22; 0; 0; 0,996199280039526; 0,996199280039526; 1; 0; 1; 0
9560; 10; 0; 0; 1; 1; 1; 0; 1; 0
9609; 3; 0; 0; 1; 1; 1; 0; 1; 0
9615; 13; 1; 2; 1; 0; 0; 1; 0; 1
9620; 16; 0; 0; 1; 1; 1; 0; 1; 0
9662; 2; 0; 0; 1; 1; 1; 0; 1; 0
9671; 100; 0; 0; 1; 1; 1; 0; 1; 0
9726; 22; 0; 0; 0,964024730293545; 0,964024730293545; 1; 0; 1; 0
9738; 3; 0; 0; 1; 1; 1; 0; 1; 0
9746; 10; 0; 0; 1; 1; 1; 0; 1; 0
9752; 2; 0; 1; 0,670486308897383; 0,329513691102617; 0; 0; 0,333430975862548; 0,666569024137453
9758; 2; 0; 0; 1; 1; 1; 0; 1; 0
9772; 2; 0; 0; 1; 1; 1; 0; 1; 0
9773; 10; 0; 0; 1; 1; 1; 0; 1; 0
9774; 16; 2; 0; 0,879029065737263; 0; 1; 0; 1; 0
9777; 2; 0; 1; 1; 0; 0; 1; 0; 1
9787; 10; 0; 0; 1; 1; 1; 0; 1; 0
9807; 3; 0; 0; 1; 1; 1; 0; 1; 0
9808; 3; 1; 2; 0,930201489913564; 0,0537156822839992; 0; 0; 0,499830914844845; 0,500169085155155
9826; 26; 1; 2; 1; 0; 0; 0; 0,400908225045092; 0,599091774954908
9833; 2; 0; 0; 1; 1; 1; 0; 1; 0
9834; 4; 1; 1; 0,967885019700685; 0,967885019700685; 0; 0; 0,499871699868275; 0,500128300131725
9841; 2; 0; 0; 1; 1; 1; 0; 1; 0
9842; 2; 1; 1; 0,976635373779598; 0,976635373779598; 0; 0; 0,200412394553236; 0,799587605446764
9881; 13; 0; 0; 1; 1; 1; 0; 1; 0
9884; 2; 0; 0; 1; 1; 1; 0; 1; 0
9913; 2; 1; 0; 0,981509540989177; 0,0184904590108233; 1; 0; 1; 0
9917; 2; 1; 1; 0,944179134329069; 0,944179134329069; 0; 1; 0; 1
9923; 18; 0; 1; 0,835149463749188; 0,129818984311252; 0; 1; 0; 1
9928; 2; 0; 0; 1; 1; 1; 0; 1; 0
9953; 2; 0; 0; 1; 1; 1; 0; 1; 0
9981; 18; 0; 0; 0,882517654161777; 0,882517654161777; 1; 0; 1; 0
9984; 2; 0; 0; 1; 1; 1; 0; 1; 0
9988; 2; 0; 0; 1; 1; 1; 0; 1; 0
10008; 2; 0; 0; 1; 1; 1; 0; 1; 0
10022; 2; 1; 1; 1; 1; 0; 0; 0,167385047325938; 0,832614952674062
10058; 4; 2; 2; 0,900822526953225; 0,900822526953225; 0; 0; 0,25018242581366; 0,74981757418634
10061; 10; 0; 0; 1; 1; 1; 0; 1; 0
10067; 10; 0; 0; 1; 1; 1; 0; 1; 0
10084; 2; 0; 0; 1; 1; 1; 0; 1; 0
10124; 2; 0; 0; 1; 1; 1; 0; 1; 0
10131; 10; 0; 0; 0,727408959109517; 0,727408959109517; 1; 0; 1; 0
10133; 2; 0; 0; 0,885233933613121; 0,885233933613121; 1; 0; 1; 0
10135; 2; 0; 0; 1; 1; 1; 0; 1; 0
10161; 9; 0; 0; 1; 1; 1; 0; 1; 0
10172; 10; 3; 0; 0,435005390203975; 0; 1; 0; 1; 0
10199; 2; 1; 0; 0,796293208454493; 0,203706791545507; 1; 0; 1; 0
10200; 10; 0; 0; 1; 1; 1; 0; 1; 0
10211; 2; 1; 1; 0,578754323115986; 0,578754323115986; 0; 0; 0,332035938147038; 0,667964061852961
10221; 10; 0; 1; 0,929027134751508; 0,0709728652484914; 0; 0; 0,334208340751588; 0,665791659248412
10223; 3; 2; 2; 1; 1; 0; 0; 0,125174011812684; 0,874825988187316
10227; 2; 1; 0; 1; 0; 1; 0; 1; 0
10233; 20; 0; 0; 1; 1; 1; 0; 1; 0
10237; 16; 0; 0; 1; 1; 1; 0; 1; 0
10239; 18; 0; 0; 1; 1; 1; 0; 1; 0
10242; 2; 1; 1; 0,895995279078995; 0,895995279078995; 0; 0; 0,33314918551223; 0,66685081448777
10249; 16; 0; 0; 1; 1; 1; 0; 1; 0
10271; 2; 0; 0; 1; 1; 1; 0; 1; 0
10298; 3; 0; 0; 1; 1; 1; 0; 1; 0
10309; 10; 0; 0; 1; 1; 1; 0; 1; 0
10313; 3; 0; 0; 1; 1; 1; 0; 1; 0
10333; 2; 0; 0; 1; 1; 1; 0; 1; 0
10337; 10; 0; 0; 1; 1; 1; 0; 1; 0
10363; 10; 0; 0; 1; 1; 1; 0; 1; 0
10364; 2; 0; 0; 1; 1; 1; 0; 1; 0
10374; 3; 0; 0; 1; 1; 1; 0; 1; 0
10378; 10; 0; 0; 1; 1; 1; 0; 1; 0
10380; 2; 1; 0; 1; 0; 1; 0; 1; 0
10385; 18; 1; 1; 1; 1; 0; 1; 0; 1
10411; 100; 0; 0; 0,932596969190043; 0,932596969190043; 1; 0; 1; 0
10427; 16; 0; 0; 1; 1; 1; 0; 1; 0
10431; 16; 0; 0; 0,929398465817971; 0,929398465817971; 1; 0; 1; 0
10442; 18; 1; 1; 1; 1; 0; 0; 0,250781242289067; 0,749218757710933
10453; 10; 0; 0; 1; 1; 1; 0; 1; 0
10456; 10; 0; 0; 1; 1; 1; 0; 1; 0
10494; 10; 0; 0; 1; 1; 1; 0; 1; 0
10503; 10; 0; 0; 1; 1; 1; 0; 1; 0
10508; 2; 1; 1; 1; 1; 0; 0; 0,333918879743881; 0,666081120256119
10518; 11; 0; 0; 1; 1; 1; 0; 1; 0
10526; 3; 0; 0; 1; 1; 1; 0; 1; 0
10528; 2; 0; 0; 1; 1; 1; 0; 1; 0
10544; 4; 0; 0; 1; 1; 1; 0; 1; 0
10545; 4; 0; 0; 1; 1; 1; 0; 1; 0
10553; 3; 0; 0; 1; 1; 1; 0; 1; 0
10575; 3; 0; 0; 1; 1; 1; 0; 1; 0
10576; 10; 0; 0; 0,999940227779132; 0,999940227779132; 1; 0; 1; 0
10580; 16; 0; 0; 1; 1; 1; 0; 1; 0
10586; 10; 0; 0; 1; 1; 1; 0; 1; 0
10588; 2; 0; 0; 1; 1; 1; 0; 1; 0
10602; 2; 0; 0; 0,994994943517843; 0,994994943517843; 1; 0; 1; 0
10609; 10; 0; 0; 1; 1; 1; 0; 1; 0
10618; 3; 0; 0; 1; 1; 1; 0; 1; 0
10621; 2; 0; 0; 1; 1; 1; 0; 1; 0
10628; 10; 0; 0; 1; 1; 1; 0; 1; 0
10641; 32; 1; 1; 0,524684265066247; 0,524684265066247; 0; 0; 0,499975874235971; 0,500024125764029
10645; 2; 1; 1; 0,887109166027285; 0,887109166027285; 0; 0; 0,166235758316226; 0,833764241683774
10654; 10; 0; 0; 1; 1; 1; 0; 1; 0
10657; 11; 0; 0; 1; 1; 1; 0; 1; 0
10661; 2; 0; 0; 1; 1; 1; 0; 1; 0
10662; 3; 0; 0; 1; 1; 1; 0; 1; 0
10670; 11; 0; 0; 1; 1; 1; 0; 1; 0
10672; 2; 0; 0; 1; 1; 1; 0; 1; 0
10677; 18; 0; 0; 1; 1; 1; 0; 1; 0
10678; 160; 0; 0; 1; 1; 1; 0; 1; 0
10687; 10; 0; 0; 1; 1; 1; 0; 1; 0
10694; 16; 2; 0; 0,845283756569557; 0; 1; 0; 1; 0
10696; 2; 0; 0; 1; 1; 1; 0; 1; 0
10699; 3; 0; 0; 1; 1; 1; 0; 1; 0
10709; 10; 0; 0; 1; 1; 1; 0; 1; 0
10714; 3; 0; 0; 1; 1; 1; 0; 1; 0
10731; 16; 0; 0; 1; 1; 1; 0; 1; 0
10767; 10; 0; 0; 1; 1; 1; 0; 1; 0
10777; 2; 0; 0; 1; 1; 1; 0; 1; 0
10784; 2; 0; 0; 1; 1; 1; 0; 1; 0
10833; 2; 0; 0; 1; 1; 1; 0; 1; 0
10852; 3; 0; 0; 1; 1; 1; 0; 1; 0
10858; 10; 0; 0; 1; 1; 1; 0; 1; 0
10868; 2; 1; 0; 1; 0; 1; 0; 1; 0
10919; 2; 1; 1; 0,964200319458759; 0,964200319458759; 0; 0; 0,166235758316226; 0,833764241683774
10921; 3; 0; 0; 1; 1; 1; 0; 1; 0
10934; 10; 0; 0; 1; 1; 1; 0; 1; 0
10953; 13; 0; 0; 1; 1; 1; 0; 1; 0
10964; 2; 0; 0; 1; 1; 1; 0; 1; 0
10975; 19; 2; 0; 0,481918607570846; 0,203471844889178; 1; 0; 1; 0
10976; 10; 0; 0; 1; 1; 1; 0; 1; 0
10984; 2; 1; 0; 1; 0; 1; 0; 1; 0
10990; 3; 2; 1; 0,497406205923733; 0,284575748788721; 0; 1; 0; 1
10993; 2; 0; 0; 1; 1; 1; 0; 1; 0
11009; 20; 0; 0; 1; 1; 1; 0; 1; 0
11020; 18; 1; 0; 0,827158202213294; 0,171573733423221; 1; 0; 1; 0
11025; 10; 0; 0; 0,999968881619455; 0,999968881619455; 1; 0; 1; 0
11028; 10; 0; 0; 1; 1; 1; 0; 1; 0
11044; 2; 1; 0; 0,828834904018869; 0,171165095981131; 1; 0; 1; 0
11050; 19; 0; 0; 0,839629281633438; 0,839629281633438; 1; 0; 1; 0
11055; 2; 0; 1; 0,945954308024544; 0,0540456919754562; 0; 0; 0,334208340751588; 0,665791659248412
11097; 10; 0; 0; 0,861316386787349; 0,861316386787349; 1; 0; 1; 0
11138; 20; 0; 0; 1; 1; 1; 0; 1; 0
11151; 10; 0; 0; 1; 1; 1; 0; 1; 0
11152; 16; 0; 0; 1; 1; 1; 0; 1; 0
11158; 100; 0; 0; 1; 1; 1; 0; 1; 0
11196; 2; 0; 0; 1; 1; 1; 0; 1; 0
11229; 2; 1; 1; 0,994144040012552; 0,994144040012552; 0; 0; 0,200934938820447; 0,799065061179553
11251; 22; 0; 0; 0,999343824228892; 0,999343824228892; 1; 0; 1; 0
11255; 11; 0; 0; 0,999999919042322; 0,999999919042322; 1; 0; 1; 0
11290; 3; 0; 0; 1; 1; 1; 0; 1; 0
11295; 3; 0; 0; 1; 1; 1; 0; 1; 0
11297; 2; 0; 0; 1; 1; 1; 0; 1; 0
11306; 4; 0; 0; 1; 1; 1; 0; 1; 0
11317; 2; 1; 0; 1; 0; 1; 0; 1; 0
11320; 2; 0; 0; 1; 1; 1; 0; 1; 0
11329; 3; 0; 0; 1; 1; 1; 0; 1; 0
11352; 10; 0; 0; 0,704023823819287; 0,704023823819287; 1; 0; 1; 0
11366; 10; 0; 0; 1; 1; 1; 0; 1; 0
11373; 3; 2; 1; 1; 0; 0; 1; 0; 1
11379; 16; 0; 0; 1; 1; 1; 0; 1; 0
11381; 3; 0; 0; 1; 1; 1; 0; 1; 0
11406; 3; 0; 0; 1; 1; 1; 0; 1; 0
11412; 2; 0; 0; 0,997108113759079; 0,997108113759079; 1; 0; 1; 0
11414; 2; 1; 0; 1; 0; 1; 0; 1; 0
11425; 2; 0; 0; 1; 1; 1; 0; 1; 0
11428; 2; 0; 0; 1; 1; 1; 0; 1; 0
11453; 3; 0; 0; 1; 1; 1; 0; 1; 0
11479; 11; 0; 0; 0,999457087077169; 0,999457087077169; 1; 0; 1; 0
11496; 2; 0; 0; 1; 1; 1; 0; 1; 0
11508; 2; 0; 0; 1; 1; 1; 0; 1; 0
11512; 10; 0; 0; 0,999956503027599; 0,999956503027599; 1; 0; 1; 0
11513; 2; 0; 1; 0,529642659523508; 0,470357340476492; 0; 0; 0,333212359042951; 0,666787640957049
11522; 2; 1; 0; 0,557362215560312; 0,442637784439688; 1; 0; 1; 0
11528; 18; 5; 1; 0,460573789150613; 0; 0; 0; 0,250781242289067; 0,749218757710933
11534; 18; 0; 1; 0,88428778091439; 0; 0; 1; 0; 1
11556; 10; 0; 0; 1; 1; 1; 0; 1; 0
11573; 2; 1; 1; 1; 1; 0; 0; 0,428950995718092; 0,571049004281908
11591; 11; 0; 0; 1; 1; 1; 0; 1; 0
11599; 10; 0; 0; 1; 1; 1; 0; 1; 0
11604; 10; 0; 0; 1; 1; 1; 0; 1; 0
11613; 14; 6; 10; 0,154946821687321; 0; 0; 1; 0; 1
11657; 3; 0; 0; 1; 1; 1; 0; 1; 0
11658; 2; 0; 0; 1; 1; 1; 0; 1; 0
11663; 4; 1; 0; 0,637358108141007; 0,362641891858993; 1; 0; 1; 0
11685; 16; 0; 0; 1; 1; 1; 0; 1; 0
11694; 2; 0; 0; 1; 1; 1; 0; 1; 0
11697; 2; 1; 0; 1; 0; 1; 0; 1; 0
11727; 3; 0; 0; 1; 1; 1; 0; 1; 0
11737; 4; 3; 1; 1; 0; 0; 0; 0,500296553284424; 0,499703446715576
11806; 2; 1; 1; 1; 1; 0; 0; 0,500296553284424; 0,499703446715576
11848; 2; 1; 1; 0,899969885281552; 0,899969885281552; 0; 0; 0,500599967389935; 0,499400032610065
11866; 2; 1; 0; 0,511356017470295; 0,488643982529705; 1; 0; 1; 0
11868; 16; 0; 0; 1; 1; 1; 0; 1; 0
11888; 2; 1; 1; 0,79511535248822; 0,79511535248822; 0; 0; 0,200934938820447; 0,799065061179553
11904; 13; 0; 0; 1; 1; 1; 0; 1; 0
11910; 34; 0; 0; 0,522360010051102; 0,522360010051102; 1; 0; 1; 0
11935; 3; 0; 0; 1; 1; 1; 0; 1; 0
11942; 2; 0; 0; 1; 1; 1; 0; 1; 0
11950; 3; 0; 0; 1; 1; 1; 0; 1; 0
11967; 10; 0; 0; 1; 1; 1; 0; 1; 0
11973; 18; 13; 2; 0,426125710073562; 0; 0; 0; 0,500296553284424; 0,499703446715576
11980; 10; 0; 0; 1; 1; 1; 0; 1; 0
11987; 4; 0; 0; 1; 1; 1; 0; 1; 0
12005; 3; 0; 0; 1; 1; 1; 0; 1; 0
12014; 10; 0; 0; 1; 1; 1; 0; 1; 0
12024; 2; 0; 0; 1; 1; 1; 0; 1; 0
12082; 2; 1; 1; 0,81021572543259; 0,81021572543259; 0; 0; 0,332035938147038; 0,667964061852961
12101; 10; 0; 0; 1; 1; 1; 0; 1; 0
12105; 10; 0; 0; 1; 1; 1; 0; 1; 0
12113; 2; 0; 0; 0,999877659030619; 0,999877659030619; 1; 0; 1; 0
12137; 2; 0; 0; 0,989648301984177; 0,989648301984177; 1; 0; 1; 0
12150; 2; 0; 1; 1; 0; 0; 0; 0,167385047325938; 0,832614952674062
12160; 16; 0; 0; 0,999106689775017; 0,999106689775017; 1; 0; 1; 0
12162; 10; 0; 0; 1; 1; 1; 0; 1; 0
12163; 2; 0; 0; 1; 1; 1; 0; 1; 0
12181; 10; 0; 0; 1; 1; 1; 0; 1; 0
12195; 10; 0; 0; 1; 1; 1; 0; 1; 0
12213; 2; 1; 1; 1; 1; 0; 0; 0,334384756660017; 0,665615243339983
12223; 10; 0; 0; 1; 1; 1; 0; 1; 0
12226; 2; 0; 1; 0,873941663470173; 0,126058336529827; 0; 0; 0,200412394553236; 0,799587605446764
12227; 4; 0; 0; 1; 1; 1; 0; 1; 0
12228; 4; 1; 1; 0,986547147006805; 0,986547147006805; 0; 0; 0,334791303513529; 0,665208696486471
12236; 2; 0; 0; 1; 1; 1; 0; 1; 0
12237; 10; 1; 0; 0,49901993286694; 0; 1; 0; 1; 0
12248; 3; 0; 0; 1; 1; 1; 0; 1; 0
12255; 16; 0; 0; 0,988731323296277; 0,988731323296277; 1; 0; 1; 0
12258; 3; 0; 0; 1; 1; 1; 0; 1; 0
12273; 2; 0; 0; 1; 1; 1; 0; 1; 0
12274; 2; 0; 0; 1; 1; 1; 0; 1; 0
12301; 10; 0; 0; 1; 1; 1; 0; 1; 0
12305; 10; 0; 0; 1; 1; 1; 0; 1; 0
12345; 32; 1; 1; 1; 1; 0; 0; 0,500984484812199; 0,499015515187801
12360; 2; 0; 0; 1; 1; 1; 0; 1; 0
12365; 100; 0; 0; 0,996170386231994; 0,996170386231994; 1; 0; 1; 0
12372; 10; 1; 0; 0,831575896595721; 0,168424103404279; 1; 0; 1; 0
12383; 48; 0; 0; 0,998108549531013; 0,998108549531013; 1; 0; 1; 0
12393; 2; 0; 0; 1; 1; 1; 0; 1; 0
12400; 8; 0; 0; 1; 1; 1; 0; 1; 0
12431; 10; 0; 0; 1; 1; 1; 0; 1; 0
12434; 18; 14; 2; 0,338955276512857; 0,120108556961863; 0; 0; 0,249836158183357; 0,750163841816643
12445; 10; 4; 0; 0,383549614706871; 0; 1; 0; 1; 0
12453; 2; 0; 0; 1; 1; 1; 0; 1; 0
12462; 2; 0; 0; 1; 1; 1; 0; 1; 0
12486; 10; 0; 0; 1; 1; 1; 0; 1; 0
12489; 10; 0; 0; 1; 1; 1; 0; 1; 0
12513; 8; 0; 0; 1; 1; 1; 0; 1; 0
12514; 10; 0; 0; 1; 1; 1; 0; 1; 0
12515; 10; 0; 0; 0,805678963131588; 0,805678963131588; 1; 0; 1; 0
12535; 3; 2; 2; 0,571319728483874; 0,571319728483874; 0; 1; 0; 1
12544; 2; 0; 0; 1; 1; 1; 0; 1; 0
12551; 4; 0; 0; 1; 1; 1; 0; 1; 0
12552; 10; 0; 0; 1; 1; 1; 0; 1; 0
12556; 4; 0; 0; 1; 1; 1; 0; 1; 0
12568; 2; 0; 0; 0,999903653307863; 0,999903653307863; 1; 0; 1; 0
12583; 3; 0; 0; 1; 1; 1; 0; 1; 0
12593; 16; 0; 0; 0,998495043950914; 0,998495043950914; 1; 0; 1; 0
12625; 20; 0; 0; 0,999998352372441; 0,999998352372441; 1; 0; 1; 0
12639; 3; 1; 0; 0,515463039121212; 0,117907111260872; 1; 0; 1; 0
12648; 10; 0; 0; 1; 1; 1; 0; 1; 0
12661; 10; 0; 0; 1; 1; 1; 0; 1; 0
12670; 18; 14; 2; 0,296788893352093; 0,25817594772037; 0; 0; 0,249836158183357; 0,750163841816643
12675; 2; 0; 0; 1; 1; 1; 0; 1; 0
12745; 3; 0; 0; 1; 1; 1; 0; 1; 0
12750; 2; 0; 0; 1; 1; 1; 0; 1; 0
12765; 11; 0; 0; 1; 1; 1; 0; 1; 0
12780; 100; 0; 0; 1; 1; 1; 0; 1; 0
12840; 10; 0; 0; 1; 1; 1; 0; 1; 0
12850; 2; 1; 1; 1; 1; 0; 1; 0; 1
12867; 2; 0; 0; 1; 1; 1; 0; 1; 0
12874; 2; 0; 1; 0,894500349468186; 0,105499650531814; 0; 0; 0,19881132297054; 0,80118867702946
12879; 18; 0; 0; 1; 1; 1; 0; 1; 0
12911; 16; 0; 0; 1; 1; 1; 0; 1; 0
12916; 2; 0; 1; 1; 0; 0; 0; 0,167385047325938; 0,832614952674062
12920; 10; 0; 0; 0,797719586127625; 0,797719586127625; 1; 0; 1; 0
12950; 2; 0; 0; 1; 1; 1; 0; 1; 0
12963; 4; 0; 0; 1; 1; 1; 0; 1; 0
12965; 10; 0; 0; 1; 1; 1; 0; 1; 0
12991; 10; 0; 0; 1; 1; 1; 0; 1; 0
12993; 2; 1; 1; 1; 1; 0; 0; 0,499954889917529; 0,500045110082471
13025; 2; 0; 0; 1; 1; 1; 0; 1; 0
13029; 10; 0; 0; 1; 1; 1; 0; 1; 0
13047; 2; 0; 0; 0,50278020279648; 0,50278020279648; 1; 0; 1; 0
13055; 10; 0; 0; 1; 1; 1; 0; 1; 0
13058; 8; 0; 0; 1; 1; 1; 0; 1; 0
13070; 2; 0; 0; 1; 1; 1; 0; 1; 0
13099; 16; 0; 0; 1; 1; 1; 0; 1; 0
13100; 2; 0; 0; 1; 1; 1; 0; 1; 0
13108; 16; 0; 0; 1; 1; 1; 0; 1; 0
13112; 180; 0; 0; 0,888179903476208; 0,888179903476208; 1; 0; 1; 0
13121; 3; 0; 0; 1; 1; 1; 0; 1; 0
13128; 10; 0; 0; 0,829741093761132; 0,829741093761132; 1; 0; 1; 0
13150; 2; 0; 0; 1; 1; 1; 0; 1; 0
13151; 10; 0; 0; 1; 1; 1; 0; 1; 0
13154; 8; 0; 0; 1; 1; 1; 0; 1; 0
13167; 2; 0; 0; 1; 1; 1; 0; 1; 0
13170; 10; 0; 0; 1; 1; 1; 0; 1; 0
13175; 2; 0; 0; 0,975499253048103; 0,975499253048103; 1; 0; 1; 0
13179; 16; 0; 0; 0,999634611675733; 0,999634611675733; 1; 0; 1; 0
13209; 2; 0; 0; 0,726371437362367; 0,726371437362367; 1; 0; 1; 0
13212; 10; 0; 0; 0,999985405998108; 0,999985405998108; 1; 0; 1; 0
13216; 2; 1; 0; 0,997745147641713; 0,00225485235828668; 1; 0; 1; 0
13236; 10; 0; 0; 0,835108652207014; 0,835108652207014; 1; 0; 1; 0
13237; 10; 0; 0; 1; 1; 1; 0; 1; 0
13249; 2; 1; 1; 0,99999950193218; 0,99999950193218; 0; 0; 0,33314918551223; 0,66685081448777
13301; 2; 0; 0; 1; 1; 1; 0; 1; 0
13312; 3; 0; 0; 1; 1; 1; 0; 1; 0
13325; 10; 0; 0; 0,999421175933802; 0,999421175933802; 1; 0; 1; 0
13328; 4; 0; 0; 1; 1; 1; 0; 1; 0
13363; 20; 0; 0; 1; 1; 1; 0; 1; 0
13373; 2; 0; 0; 0,63223055635477; 0,63223055635477; 1; 0; 1; 0
13393; 3; 0; 0; 1; 1; 1; 0; 1; 0
13395; 22; 0; 0; 0,999826382880334; 0,999826382880334; 1; 0; 1; 0
13400; 19; 0; 0; 1; 1; 1; 0; 1; 0
13405; 2; 1; 0; 0,970182255237135; 0,0298177447628651; 1; 0; 1; 0
13418; 3; 0; 0; 1; 1; 1; 0; 1; 0
13422; 2; 1; 1; 1; 1; 0; 1; 0; 1
13424; 10; 3; 0; 0,321408906157448; 0,316051202963138; 1; 0; 1; 0
13426; 2; 1; 1; 1; 1; 0; 0; 0,333918879743881; 0,666081120256119
13441; 2; 1; 1; 1; 1; 0; 0; 0,500256624585928; 0,499743375414072
13469; 2; 0; 0; 0,879171948087744; 0,879171948087744; 1; 0; 1; 0
13470; 2; 0; 0; 1; 1; 1; 0; 1; 0
13472; 2; 0; 0; 1; 1; 1; 0; 1; 0
13494; 10; 0; 0; 1; 1; 1; 0; 1; 0
13503; 16; 0; 0; 1; 1; 1; 0; 1; 0
13513; 2; 0; 0; 1; 1; 1; 0; 1; 0
13515; 16; 2; 0; 0,619434766752818; 0; 1; 0; 1; 0
13523; 2; 0; 0; 1; 1; 1; 0; 1; 0
13540; 2; 1; 1; 1; 1; 0; 0; 0,331599996738756; 0,668400003261244
13571; 2; 1; 0; 1; 0; 1; 0; 1; 0
13572; 2; 0; 0; 1; 1; 1; 0; 1; 0
13583; 2; 1; 1; 0,719957543905553; 0,719957543905553; 0; 0; 0,165993405968281; 0,834006594031719
13603; 10; 0; 0; 1; 1; 1; 0; 1; 0
13626; 10; 0; 0; 1; 1; 1; 0; 1; 0
13645; 32; 0; 1; 1; 0; 0; 0; 0,500599967389935; 0,499400032610065
13660; 10; 0; 0; 1; 1; 1; 0; 1; 0
13684; 18; 0; 0; 0,491388141689596; 0,491388141689596; 1; 0; 1; 0
13689; 2; 0; 0; 0,999303869959599; 0,999303869959599; 1; 0; 1; 0
13720; 3; 0; 0; 1; 1; 1; 0; 1; 0
13723; 4; 0; 0; 1; 1; 1; 0; 1; 0
13737; 20; 0; 0; 1; 1; 1; 0; 1; 0
13745; 2; 0; 0; 0,78196522787097; 0,78196522787097; 1; 0; 1; 0
13746; 180; 0; 0; 0,767562795046159; 0,767562795046159; 1; 0; 1; 0
13750; 18; 0; 0; 0,999824496463689; 0,999824496463689; 1; 0; 1; 0
13777; 2; 0; 0; 1; 1; 1; 0; 1; 0
13803; 10; 4; 2; 0,282161595290044; 0,0563431009502607; 0; 0; 0,249836158183357; 0,750163841816643
13846; 2; 1; 0; 0,998117281227257; 0,00188271877274332; 1; 0; 1; 0
13879; 3; 0; 0; 1; 1; 1; 0; 1; 0
13894; 2; 0; 0; 1; 1; 1; 0; 1; 0
13898; 8; 0; 0; 1; 1; 1; 0; 1; 0
13905; 10; 0; 0; 1; 1; 1; 0; 1; 0
13907; 4; 0; 0; 1; 1; 1; 0; 1; 0
13927; 3; 0; 0; 1; 1; 1; 0; 1; 0
13951; 10; 0; 0; 1; 1; 1; 0; 1; 0
13985; 16; 0; 0; 1; 1; 1; 0; 1; 0
13996; 2; 0; 1; 1; 0; 0; 0; 0,428950995718092; 0,571049004281908
14006; 2; 0; 0; 1; 1; 1; 0; 1; 0
14022; 2; 0; 0; 1; 1; 1; 0; 1; 0
14029; 2; 1; 0; 0,776646839455026; 0,223353160544974; 1; 0; 1; 0
14072; 2; 0; 0; 1; 1; 1; 0; 1; 0
14085; 2; 0; 0; 1; 1; 1; 0; 1; 0
14108; 2; 0; 0; 1; 1; 1; 0; 1; 0
14112; 19; 11; 0; 0,478083374028761; 0; 1; 0; 1; 0
14128; 2; 0; 0; 1; 1; 1; 0; 1; 0
14139; 10; 0; 0; 1; 1; 1; 0; 1; 0
14143; 16; 0; 0; 1; 1; 1; 0; 1; 0
14148; 2; 0; 0; 1; 1; 1; 0; 1; 0
14152; 2; 0; 0; 1; 1; 1; 0; 1; 0
14196; 2; 0; 0; 1; 1; 1; 0; 1; 0
14198; 2; 0; 0; 1; 1; 1; 0; 1; 0
14201; 2; 1; 1; 0,713806810939565; 0,713806810939565; 0; 0; 0,334321691806297; 0,665678308193703
14206; 8; 0; 0; 1; 1; 1; 0; 1; 0
14214; 2; 0; 0; 1; 1; 1; 0; 1; 0
14218; 3; 0; 0; 0,973304081708142; 0,973304081708142; 1; 0; 1; 0
14219; 2; 0; 0; 1; 1; 1; 0; 1; 0
14222; 3; 0; 0; 1; 1; 1; 0; 1; 0
14225; 16; 0; 0; 1; 1; 1; 0; 1; 0
14236; 2; 0; 0; 1; 1; 1; 0; 1; 0
14247; 2; 0; 0; 1; 1; 1; 0; 1; 0
14256; 14; 2; 10; 1; 0; 0; 1; 0; 1
14264; 11; 0; 0; 1; 1; 1; 0; 1; 0
14291; 16; 0; 0; 0,925346102021564; 0,925346102021564; 1; 0; 1; 0
14311; 48; 0; 0; 1; 1; 1; 0; 1; 0
14324; 4; 0; 0; 1; 1; 1; 0; 1; 0
14326; 4; 0; 0; 1; 1; 1; 0; 1; 0
14332; 3; 0; 2; 0,853331428271089; 0,14666237739164; 0; 1; 0; 1
14333; 2; 0; 1; 1; 0; 0; 0; 0,33314918551223; 0,66685081448777
14350; 2; 0; 0; 1; 1; 1; 0; 1; 0
14364; 2; 0; 0; 1; 1; 1; 0; 1; 0
14370; 2; 0; 0; 0,90560003903755; 0,90560003903755; 1; 0; 1; 0
14371; 13; 0; 0; 0,617652273754593; 0,617652273754593; 1; 0; 1; 0
14390; 2; 1; 1; 0,959283267002023; 0,959283267002023; 0; 0; 0,16770376453751; 0,83229623546249
14427; 16; 0; 0; 1; 1; 1; 0; 1; 0
14431; 10; 0; 2; 1; 0; 0; 1; 0; 1
14444; 3; 0; 0; 1; 1; 1; 0; 1; 0
14445; 10; 0; 0; 1; 1; 1; 0; 1; 0
14457; 2; 0; 0; 1; 1; 1; 0; 1; 0
14468; 19; 0; 1; 1; 0; 0; 0; 0,334175033414952; 0,665824966585048
14477; 2; 0; 1; 0,781204314147403; 0,218795685852597; 0; 0; 0,500215875216579; 0,499784124783421
14491; 4; 0; 0; 1; 1; 1; 0; 1; 0
14524; 3; 0; 0; 1; 1; 1; 0; 1; 0
14535; 10; 0; 0; 1; 1; 1; 0; 1; 0
14545; 10; 0; 0; 0,999999370369385; 0,999999370369385; 1; 0; 1; 0
14555; 2; 0; 1; 0,507241990694199; 0,492758009305801; 0; 0; 0,500256624585928; 0,499743375414072
14569; 10; 0; 0; 1; 1; 1; 0; 1; 0
14573; 2; 0; 0; 0,907568761251522; 0,907568761251522; 1; 0; 1; 0
14576; 100; 0; 0; 1; 1; 1; 0; 1; 0
14586; 10; 0; 0; 1; 1; 1; 0; 1; 0
14618; 2; 0; 0; 1; 1; 1; 0; 1; 0
14632; 2; 0; 0; 1; 1; 1; 0; 1; 0
14634; 2; 0; 0; 0,908988833475542; 0,908988833475542; 1; 0; 1; 0
14643; 10; 0; 0; 1; 1; 1; 0; 1; 0
14649; 10; 0; 0; 1; 1; 1; 0; 1; 0
14650; 2; 0; 0; 1; 1; 1; 0; 1; 0
14656; 10; 0; 0; 1; 1; 1; 0; 1; 0
14665; 2; 0; 0; 0,996619440754189; 0,996619440754189; 1; 0; 1; 0
14674; 16; 0; 0; 1; 1; 1; 0; 1; 0
14677; 2; 0; 0; 0,999949761633806; 0,999949761633806; 1; 0; 1; 0
14681; 10; 2; 0; 1; 0; 1; 0; 1; 0
14682; 3; 0; 0; 1; 1; 1; 0; 1; 0
14706; 10; 0; 0; 1; 1; 1; 0; 1; 0
14719; 2; 1; 0; 0,955998483099778; 0,0440015169002222; 1; 0; 1; 0
14721; 3; 0; 0; 1; 1; 1; 0; 1; 0
14724; 40; 0; 0; 1; 1; 1; 0; 1; 0
14740; 2; 0; 0; 1; 1; 1; 0; 1; 0
14764; 2; 0; 0; 1; 1; 1; 0; 1; 0
14803; 10; 0; 0; 1; 1; 1; 0; 1; 0
14811; 2; 1; 0; 0,606632235726744; 0,393367764273256; 1; 0; 1; 0
14817; 2; 0; 0; 1; 1; 1; 0; 1; 0
14826; 2; 0; 0; 1; 1; 1; 0; 1; 0
14827; 16; 2; 0; 1; 0; 1; 0; 1; 0
14829; 4; 0; 0; 1; 1; 1; 0; 1; 0
14833; 2; 0; 0; 1; 1; 1; 0; 1; 0
14838; 10; 0; 0; 0,999995815809469; 0,999995815809469; 1; 0; 1; 0
14852; 20; 1; 0; 1; 0; 1; 0; 1; 0
14853; 4; 0; 0; 1; 1; 1; 0; 1; 0
14858; 18; 0; 2; 0,90107312907602; 0,0709090400487384; 0; 0; 0,249836158183357; 0,750163841816643
14862; 4; 0; 0; 1; 1; 1; 0; 1; 0
14867; 4; 0; 0; 0,947018271554348; 0,947018271554348; 1; 0; 1; 0
14872; 2; 0; 0; 0,921175019716112; 0,921175019716112; 1; 0; 1; 0
14874; 2; 0; 1; 0,627703723366865; 0,372296276633135; 0; 0; 0,499975874235971; 0,500024125764029
14875; 16; 0; 0; 1; 1; 1; 0; 1; 0
14919; 2; 0; 0; 1; 1; 1; 0; 1; 0
14921; 2; 0; 0; 1; 1; 1; 0; 1; 0
14931; 10; 0; 0; 1; 1; 1; 0; 1; 0
14939; 2; 0; 0; 1; 1; 1; 0; 1; 0
14942; 11; 0; 0; 1; 1; 1; 0; 1; 0
14954; 10; 0; 0; 1; 1; 1; 0; 1; 0
14972; 16; 2; 0; 0,916739887460783; 0,0531148772526383; 1; 0; 1; 0
14973; 4; 0; 0; 1; 1; 1; 0; 1; 0
14978; 2; 1; 0; 1; 0; 1; 0; 1; 0
14980; 2; 0; 0; 1; 1; 1; 0; 1; 0
14998; 10; 2; 1; 0,476834431687573; 0,353647034975175; 0; 1; 0; 1
15010; 16; 0; 0; 1; 1; 1; 0; 1; 0
15018; 20; 0; 0; 0,999974742965278; 0,999974742965278; 1; 0; 1; 0
15019; 2; 1; 0; 0,566296259338795; 0,433703740661205; 1; 0; 1; 0
15033; 11; 0; 0; 1; 1; 1; 0; 1; 0
15037; 18; 0; 1; 0,984699454764331; 0; 0; 0; 0,249409700779955; 0,750590299220045
15038; 10; 0; 0; 1; 1; 1; 0; 1; 0
15050; 2; 0; 1; 1; 0; 0; 0; 0,500599967389935; 0,499400032610065
15054; 16; 0; 0; 1; 1; 1; 0; 1; 0
15057; 3; 0; 0; 0,998044136126546; 0,998044136126546; 1; 0; 1; 0
15060; 18; 0; 1; 0,985499572968893; 0; 0; 0; 0,249409700779955; 0,750590299220045
15067; 10; 0; 0; 1; 1; 1; 0; 1; 0
15071; 3; 0; 0; 1; 1; 1; 0; 1; 0
15075; 3; 0; 0; 1; 1; 1; 0; 1; 0
15083; 17; 0; 0; 1; 1; 1; 0; 1; 0
15086; 11; 0; 0; 0,998860149225951; 0,998860149225951; 1; 0; 1; 0
15111; 2; 1; 0; 0,647548716921647; 0,352451283078353; 1; 0; 1; 0
15127; 2; 0; 0; 1; 1; 1; 0; 1; 0
15134; 10; 0; 0; 1; 1; 1; 0; 1; 0
15144; 2; 0; 0; 1; 1; 1; 0; 1; 0
15165; 10; 0; 0; 0,99999999992076; 0,99999999992076; 1; 0; 1; 0
15166; 16; 0; 0; 0,796833596641378; 0,796833596641378; 1; 0; 1; 0
15167; 2; 0; 1; 1; 0; 0; 0; 0,37453846769788; 0,62546153230212
15174; 6; 0; 0; 1; 1; 1; 0; 1; 0
15182; 10; 1; 0; 1; 0; 1; 0; 1; 0
15185; 10; 0; 0; 0,999999999905232; 0,999999999905232; 1; 0; 1; 0
15187; 2; 0; 0; 1; 1; 1; 0; 1; 0
15194; 2; 0; 1; 1; 0; 0; 0; 0,500256624585928; 0,499743375414072
15208; 2; 0; 1; 1; 0; 0; 0; 0,499975874235971; 0,500024125764029
15213; 3; 2; 0; 0,99704112677779; 0,00295887322221041; 1; 0; 1; 0
15216; 16; 0; 0; 1; 1; 1; 0; 1; 0
15217; 48; 0; 0; 1; 1; 1; 0; 1; 0
15224; 2; 0; 0; 1; 1; 1; 0; 1; 0
15267; 2; 0; 1; 0,709267935967829; 0,290732064032171; 0; 1; 0; 1
15272; 3; 0; 0; 0,817235723267845; 0,817235723267845; 1; 0; 1; 0
15281; 10; 0; 0; 1; 1; 1; 0; 1; 0
15283; 11; 0; 0; 1; 1; 1; 0; 1; 0
15284; 22; 0; 0; 0,999999894230207; 0,999999894230207; 1; 0; 1; 0
15286; 3; 0; 1; 0,805015844081273; 0,194984155918727; 0; 0; 0,428950995718092; 0,571049004281908
15287; 2; 0; 0; 1; 1; 1; 0; 1; 0
15288; 3; 0; 0; 0,998049231141914; 0,998049231141914; 1; 0; 1; 0
15295; 16; 0; 0; 0,999999997972321; 0,999999997972321; 1; 0; 1; 0
15299; 22; 0; 0; 0,999959344793234; 0,999959344793234; 1; 0; 1; 0
15301; 17; 0; 0; 1; 1; 1; 0; 1; 0
15302; 16; 0; 0; 0,986881005296984; 0,986881005296984; 1; 0; 1; 0
15311; 2; 0; 0; 1; 1; 1; 0; 1; 0
15317; 2; 0; 0; 1; 1; 1; 0; 1; 0
15331; 2; 0; 1; 1; 0; 0; 0; 0,19881132297054; 0,80118867702946
15339; 11; 0; 0; 0,999999997912484; 0,999999997912484; 1; 0; 1; 0
15350; 2; 0; 0; 1; 1; 1; 0; 1; 0
15374; 10; 0; 0; 0,999999992521367; 0,999999992521367; 1; 0; 1; 0
15393; 10; 1; 0; 1; 0; 1; 0; 1; 0
15419; 3; 0; 0; 0,999369120778134; 0,999369120778134; 1; 0; 1; 0
15424; 3; 0; 0; 1; 1; 1; 0; 1; 0
15431; 6; 0; 0; 1; 1; 1; 0; 1; 0
15432; 2; 0; 0; 0,777277811681582; 0,777277811681582; 1; 0; 1; 0
15458; 40; 0; 0; 0,999999999007854; 0,999999999007854; 1; 0; 1; 0
15462; 4; 0; 0; 1; 1; 1; 0; 1; 0
15466; 2; 0; 0; 1; 1; 1; 0; 1; 0
15468; 10; 0; 0; 1; 1; 1; 0; 1; 0
15472; 2; 1; 0; 1; 0; 1; 0; 1; 0
15485; 22; 0; 0; 0,999990950095332; 0,999990950095332; 1; 0; 1; 0
15496; 2; 0; 1; 1; 0; 0; 1; 0; 1
15497; 10; 0; 0; 1; 1; 1; 0; 1; 0
15507; 3; 0; 0; 1; 1; 1; 0; 1; 0
15512; 2; 1; 0; 1; 0; 1; 0; 1; 0
15518; 2; 0; 0; 1; 1; 1; 0; 1; 0
15522; 2; 0; 0; 0,9955633952897; 0,9955633952897; 1; 0; 1; 0
15523; 3; 0; 0; 1; 1; 1; 0; 1; 0
15530; 2; 0; 1; 1; 0; 0; 0; 0,334321691806297; 0,665678308193703
15531; 2; 0; 0; 1; 1; 1; 0; 1; 0
15541; 19; 2; 0; 0,635268218783368; 0; 1; 0; 1; 0
15545; 3; 2; 0; 0,918705087730066; 0,0812949122699345; 1; 0; 1; 0
15546; 16; 0; 0; 1; 1; 1; 0; 1; 0
15562; 18; 0; 2; 0,903789147085751; 0,0685983307182173; 0; 0; 0,249836158183357; 0,750163841816643
15587; 10; 1; 0; 1; 0; 1; 0; 1; 0
15620; 3; 0; 0; 0,999572797870624; 0,999572797870624; 1; 0; 1; 0
15622; 2; 0; 0; 0,927543048558434; 0,927543048558434; 1; 0; 1; 0
15627; 11; 0; 0; 1; 1; 1; 0; 1; 0
15630; 10; 0; 0; 0,701605691533951; 0,701605691533951; 1; 0; 1; 0
15641; 2; 0; 1; 1; 0; 0; 0; 0,334321691806297; 0,665678308193703
15646; 10; 0; 0; 1; 1; 1; 0; 1; 0
15650; 11; 0; 0; 0,995493383244013; 0,995493383244013; 1; 0; 1; 0
15655; 2; 1; 0; 1; 0; 1; 0; 1; 0
15659; 10; 0; 0; 1; 1; 1; 0; 1; 0
15671; 2; 0; 0; 1; 1; 1; 0; 1; 0
15686; 2; 0; 0; 1; 1; 1; 0; 1; 0
15689; 2; 0; 0; 1; 1; 1; 0; 1; 0
15699; 2; 0; 0; 0,832109072597819; 0,832109072597819; 1; 0; 1; 0
15703; 2; 0; 0; 1; 1; 1; 0; 1; 0
15726; 10; 0; 0; 0,99962019916228; 0,99962019916228; 1; 0; 1; 0
15735; 18; 1; 1; 0,504289228709788; 0,504289228709788; 0; 1; 0; 1
15736; 2; 1; 0; 1; 0; 1; 0; 1; 0
15740; 2; 0; 1; 1; 0; 0; 0; 0,428950995718092; 0,571049004281908
15746; 2; 0; 0; 1; 1; 1; 0; 1; 0
15748; 20; 0; 0; 0,999997712100956; 0,999997712100956; 1; 0; 1; 0
15750; 10; 0; 0; 1; 1; 1; 0; 1; 0
15754; 3; 2; 2; 0,728359092178976; 0,728359092178976; 0; 0; 0,428139817652065; 0,571860182347935
15798; 2; 0; 0; 1; 1; 1; 0; 1; 0
15810; 10; 0; 0; 1; 1; 1; 0; 1; 0
15829; 8; 0; 0; 1; 1; 1; 0; 1; 0
15830; 22; 0; 0; 1; 1; 1; 0; 1; 0
15834; 2; 0; 0; 0,999965629088816; 0,999965629088816; 1; 0; 1; 0
15840; 20; 0; 0; 0,999912749247736; 0,999912749247736; 1; 0; 1; 0
15858; 2; 1; 0; 1; 0; 1; 0; 1; 0
15863; 10; 0; 0; 0,9993264639196; 0,9993264639196; 1; 0; 1; 0
15875; 16; 2; 0; 0,94287043459308; 0,00751397991336918; 1; 0; 1; 0
15900; 4; 0; 0; 1; 1; 1; 0; 1; 0
15912; 2; 0; 0; 1; 1; 1; 0; 1; 0
