MAC; alternativas; MasProb; Elección; MaxProb; ElecProb; velocidad
21; 2; 0; 0; 0,968418018810822; 0,968418018810822; 7,18662187018728
32; 10; 0; 0; 0,9998882854139; 0,9998882854139; 15,0412066868166
54; 20; 0; 0; 0,88491098563214; 0,88491098563214; 7,29071226725866
68; 3; 0; 0; 0,608284638905531; 0,608284638905531; 9,83621879917119
69; 2; 0; 0; 1; 1; 20,5644581680809
77; 16; 2; 0; 0,389935328041604; 0,11780492720979; 5,78424540761481
89; 11; 0; 0; 1; 1; 20,3377584981459
92; 10; 0; 0; 0,484319363711423; 0,484319363711423; 6,99069187577033
108; 10; 0; 0; 0,908086124757672; 0,908086124757672; 7,98693549391325
113; 10; 0; 0; 0,999935580880435; 0,999935580880435; 16,1155785930178
148; 10; 0; 0; 0,998673148504381; 0,998673148504381; 16,1128850570299
158; 10; 0; 0; 0,986377029196992; 0,986377029196992; 12,0929501493199
164; 10; 0; 0; 0,753716862190366; 0,753716862190366; 7,9261119364287
172; 2; 0; 0; 0,999910702997158; 0,999910702997158; 8,67884750756961
191; 10; 0; 0; 0,717944871068081; 0,717944871068081; 10,5245620579881
199; 11; 0; 0; 1; 1; 17,2088725753542
207; 10; 0; 0; 0,996168831288442; 0,996168831288442; 13,9771371143482
230; 10; 0; 0; 0,339407481683854; 0,339407481683854; 6,04600378445001
231; 20; 0; 0; 0,775505997762828; 0,775505997762828; 6,27811334125051
235; 16; 0; 0; 0,964842166747604; 0,964842166747604; 9,82661686511614
244; 20; 0; 0; 0,962966442104593; 0,962966442104593; 9,61753533127738
244; 2; 1; 0; 0,755254068025491; 0,244745931974509; 6,3908993396173
257; 2; 0; 0; 1; 1; 15,9830014314824
302; 3; 0; 0; 0,807305574465244; 0,807305574465244; 16,941919307166
321; 10; 0; 0; 0,99971865649481; 0,99971865649481; 13,6738242607424
329; 20; 0; 0; 0,989595806937368; 0,989595806937368; 10,7624800135723
333; 3; 0; 0; 0,579067592889718; 0,579067592889718; 8,22665572294318
363; 3; 0; 0; 0,779791385959529; 0,779791385959529; 15,4017448246964
368; 16; 0; 0; 0,999984558106177; 0,999984558106177; 16,1437277069765
372; 10; 0; 0; 0,984595187100486; 0,984595187100486; 12,7790967902612
377; 2; 0; 0; 0,999999942753121; 0,999999942753121; 12,4312233355974
379; 4; 0; 0; 0,966251737486361; 0,966251737486361; 12,8146554615334
379; 2; 0; 0; 0,999617248478824; 0,999617248478824; 11,3104519924445
386; 10; 3; 0; 0,297698623222878; 0,0133292505468062; 5,85714758009772
400; 2; 0; 0; 1; 1; 10,5765378466907
402; 2; 1; 0; 0,705453305568227; 0,294546694431773; 14,066509878026
402; 13; 0; 0; 0,999914891181491; 0,999914891181491; 13,4731192257973
416; 2; 0; 0; 1; 1; 18,8507533207409
428; 16; 2; 0; 0,426317231590672; 0,18040688318296; 5,93646239202573
429; 3; 2; 0; 0,592450370862839; 0,407330325199662; 8,26435088154441
434; 10; 0; 0; 0,988253952350497; 0,988253952350497; 12,4241218794206
468; 2; 0; 0; 0,999999957189808; 0,999999957189808; 12,9093473100435
473; 4; 0; 0; 1; 1; 12,9432790153156
482; 4; 0; 0; 1; 1; 16,0250121142002
493; 2; 0; 0; 0,999999953117791; 0,999999953117791; 12,4312233355974
528; 2; 0; 0; 1; 1; 7,62413497951286
543; 20; 0; 0; 0,982059536728427; 0,982059536728427; 10,5121897806985
546; 10; 0; 0; 0,891573427132937; 0,891573427132937; 7,09949821681177
565; 2; 0; 0; 1; 1; 15,0806026565927
570; 16; 0; 0; 0,99998476617193; 0,99998476617193; 16,7416435479757
574; 2; 1; 0; 0,954028288158263; 0,0459717118417364; 16,0438854671582
583; 10; 0; 0; 0,482654821979567; 0,482654821979567; 6,88314276998924
620; 22; 0; 0; 0,956855297391539; 0,956855297391539; 9,95664024339634
630; 10; 0; 0; 0,998520748574156; 0,998520748574156; 12,8924628744142
651; 2; 0; 0; 0,999999927572273; 0,999999927572273; 12,4312233355974
673; 10; 0; 0; 0,994717315174194; 0,994717315174194; 13,5535875048225
684; 18; 11; 0; 0,2841832047232; 0,0789375067257544; 5,16335595885457
718; 2; 0; 0; 1; 1; 11,7538747600823
787; 20; 0; 0; 0,943279593776429; 0,943279593776429; 8,07186001017923
817; 20; 0; 0; 0,970807408166426; 0,970807408166426; 9,41717001187576
818; 3; 0; 0; 0,857590889240094; 0,857590889240094; 19,9316697731365
825; 11; 0; 0; 1; 1; 17,2088725753542
826; 16; 0; 0; 0,756178066197134; 0,756178066197134; 17,3527362228444
827; 10; 0; 0; 0,538313159395037; 0,538313159395037; 14,4031937359666
828; 16; 0; 0; 0,432037831952696; 0,432037831952696; 12,9257037857632
875; 16; 0; 0; 0,424953496912037; 0,424953496912037; 13,1791489580331
881; 22; 0; 0; 0,957272542967315; 0,957272542967315; 9,67216480787073
886; 4; 0; 0; 0,873372692793001; 0,873372692793001; 8,30579520654941
886; 16; 0; 0; 0,999917910654323; 0,999917910654323; 14,7049195829404
919; 4; 0; 0; 0,983984966064269; 0,983984966064269; 11,2128235288417
919; 16; 0; 0; 0,999978120670566; 0,999978120670566; 15,3733250185286
928; 11; 0; 0; 1; 1; 18,642945289967
935; 2; 0; 0; 0,985104115951504; 0,985104115951504; 6,79742154799942
960; 10; 0; 0; 0,850880530479121; 0,850880530479121; 14,9134760016434
969; 10; 0; 0; 0,997331630231959; 0,997331630231959; 11,2160918047034
991; 3; 0; 0; 0,613066157706954; 0,613066157706954; 9,626937548125
1051; 2; 0; 0; 1; 1; 18,6468350033961
1054; 4; 0; 0; 0,999851159363622; 0,999851159363622; 14,4681593920538
1061; 10; 0; 0; 0,470695851718143; 0,470695851718143; 6,77885272801971
1063; 10; 0; 0; 0,485684715292392; 0,485684715292392; 6,99069187577033
1070; 16; 0; 0; 0,643442381668289; 0,643442381668289; 15,0390380597985
1093; 2; 0; 0; 0,999999998450373; 0,999999998450373; 13,9851262525471
1097; 2; 1; 0; 0,697550953419903; 0,302449046580097; 12,0929444675073
1098; 10; 0; 0; 0,999887794522253; 0,999887794522253; 15,0412066868166
1102; 2; 0; 0; 0,999999958175257; 0,999999958175257; 13,4257212024452
1127; 2; 0; 0; 0,999999904608791; 0,999999904608791; 12,4312233355974
1145; 10; 0; 0; 0,459645378774841; 0,459645378774841; 8,77263294214315
1208; 16; 0; 0; 0,999965678640345; 0,999965678640345; 16,1053881146491
1209; 3; 2; 0; 0,707126129114684; 0,102805318519348; 6,39776682696593
1211; 10; 0; 0; 0,797181065399823; 0,797181065399823; 12,4735550316896
1236; 10; 0; 0; 0,999995812973076; 0,999995812973076; 17,3552384847884
1244; 2; 1; 0; 0,676607538501153; 0,323392461498847; 6,60059804539991
1249; 10; 0; 0; 0,475657120326315; 0,475657120326315; 6,88314276998924
1250; 3; 0; 0; 0,566123700815396; 0,566123700815396; 11,294612871444
1271; 2; 0; 0; 1; 1; 13,2575376706982
1273; 3; 0; 0; 0,617710346455334; 0,617710346455334; 9,42637634920573
1315; 3; 0; 0; 0,695220584510665; 0,695220584510665; 14,118266089305
1331; 10; 0; 0; 0,99377383464095; 0,99377383464095; 14,9089462553047
1331; 2; 0; 0; 1; 1; 12,8787508801069
1342; 2; 1; 0; 0,589776308144657; 0,410223691855343; 12,2317477200226
1347; 10; 0; 0; 0,894238769242821; 0,894238769242821; 6,88105211783295
1364; 16; 2; 0; 0,426717717886303; 0,180546183677326; 5,93646239202573
1370; 2; 0; 0; 0,999999615053501; 0,999999615053501; 11,1881010020377
1376; 2; 0; 0; 1; 1; 7,94628152794298
1384; 2; 0; 0; 1; 1; 12,456811241658
1395; 2; 1; 0; 0,860719182394996; 0,139280817605004; 6,64863330566698
1415; 2; 0; 0; 0,997181487472489; 0,997181487472489; 18,6432893874071
1437; 11; 0; 0; 1; 1; 17,2088725753542
1471; 2; 0; 0; 1; 1; 8,17660852875293
1478; 3; 2; 0; 0,595638173323998; 0,329283610817982; 7,2232851272196
1484; 3; 0; 0; 0,507566259381551; 0,507566259381551; 10,5886995669788
1504; 2; 1; 0; 0,580226863044948; 0,419773136955052; 12,2317477200226
1504; 13; 0; 0; 0,998320845982945; 0,998320845982945; 10,5258743951541
1540; 3; 0; 0; 0,491869459526095; 0,491869459526095; 5,21289824835878
1553; 22; 0; 0; 0,812868770174914; 0,812868770174914; 7,52279485056612
1587; 2; 0; 0; 0,992100442447761; 0,992100442447761; 6,82964061823848
1588; 2; 0; 0; 0,997598013142401; 0,997598013142401; 8,05892982845749
1620; 2; 1; 0; 0,612087537642834; 0,387912462357166; 11,7220915650217
1649; 22; 0; 0; 0,84350910945268; 0,84350910945268; 7,96531219471707
1675; 2; 0; 0; 0,645382914512099; 0,645382914512099; 8,65811355237529
1684; 2; 1; 0; 0,67851357712374; 0,32148642287626; 7,92071765447989
1687; 2; 0; 0; 0,856815531981505; 0,856815531981505; 5,63445351004675
1691; 3; 0; 0; 0,627999595227431; 0,627999595227431; 6,51612281044847
1691; 16; 0; 0; 0,999978310649675; 0,999978310649675; 15,3733250185286
1692; 2; 1; 0; 0,983021381432384; 0,0169786185676161; 4,70154990403293
1703; 10; 0; 0; 0,387917077918847; 0,387917077918847; 5,53829320380036
1716; 22; 0; 0; 0,879913922180408; 0,879913922180408; 8,2567260554994
1742; 2; 0; 0; 1; 1; 20,5644581680809
1753; 3; 0; 0; 0,60842149724816; 0,60842149724816; 6,64388992437884
1771; 4; 0; 0; 1; 1; 12,4638983110446
1776; 11; 0; 0; 1; 1; 17,2088725753542
1808; 22; 0; 0; 0,957069932568977; 0,957069932568977; 9,53593713452044
1809; 3; 0; 0; 0,537411644119258; 0,537411644119258; 7,05913304465251
1809; 16; 0; 0; 0,999978519112557; 0,999978519112557; 15,3733250185286
1810; 10; 0; 0; 0,606457452640062; 0,606457452640062; 6,76741172395255
1811; 22; 0; 0; 0,95795017765758; 0,95795017765758; 9,67216480787073
1812; 2; 0; 0; 0,999963578799842; 0,999963578799842; 14,0637948049729
1842; 2; 1; 0; 1; 0; 5,47366667179505
1884; 10; 0; 0; 0,973222247755886; 0,973222247755886; 10,9089850648571
1898; 10; 0; 0; 0,995057706610948; 0,995057706610948; 13,5535875048225
1944; 2; 0; 0; 0,993991265632451; 0,993991265632451; 18,0842825914142
1946; 16; 0; 0; 0,941018102448046; 0,941018102448046; 8,86322305481064
1956; 2; 0; 0; 1; 1; 20,9776893788206
1974; 20; 0; 0; 0,953281125333944; 0,953281125333944; 8,07186001017923
1980; 2; 0; 0; 0,994837891081203; 0,994837891081203; 18,8377943660565
1984; 2; 0; 0; 0,926797558328385; 0,926797558328385; 6,35768293513755
1996; 2; 1; 0; 0,60679061284436; 0,39320938715564; 8,51354461662515
2008; 22; 0; 0; 0,99361112644232; 0,99361112644232; 11,8780971324728
2031; 10; 0; 0; 0,851209136756322; 0,851209136756322; 8,2569443283679
2058; 4; 0; 0; 1; 1; 12,4638983110446
2075; 16; 2; 0; 0,2628459332674; 0,161905596360922; 7,90748937481985
2126; 16; 0; 0; 0,999954537294749; 0,999954537294749; 14,7049195829404
2133; 3; 0; 0; 0,596572478858559; 0,596572478858559; 6,91506910496573
2175; 20; 0; 0; 0,797587213260014; 0,797587213260014; 6,74662926223935
2177; 20; 0; 0; 0,789975506721588; 0,789975506721588; 6,27811334125051
2230; 16; 0; 0; 0,999995270847392; 0,999995270847392; 17,3855529152055
2246; 10; 0; 0; 0,481827738204958; 0,481827738204958; 6,88314276998924
2248; 11; 0; 0; 1; 1; 18,642945289967
2264; 3; 0; 0; 0,636480220941769; 0,636480220941769; 12,54956985716
2278; 4; 0; 0; 0,749126497020082; 0,749126497020082; 8,00915966345835
2281; 2; 0; 0; 1; 1; 13,9851262525471
2281; 18; 0; 0; 0,613515959848717; 0,613515959848717; 10,6736612384465
2283; 4; 0; 0; 0,576027434722734; 0,576027434722734; 7,2340796960269
2299; 4; 0; 0; 0,967698028275623; 0,967698028275623; 11,8029721356228
2299; 16; 0; 0; 0,93109330296061; 0,93109330296061; 8,05269405732453
2316; 10; 0; 0; 0,995888982846425; 0,995888982846425; 12,0883348015984
2329; 22; 0; 0; 0,785879081003132; 0,785879081003132; 8,06013733989227
2350; 16; 0; 0; 0,974180265180338; 0,974180265180338; 8,86322305481064
2364; 2; 0; 0; 0,99995398118328; 0,99995398118328; 11,9057389394153
2378; 2; 0; 0; 1; 1; 14,5405251872174
2413; 2; 0; 0; 0,999995247609817; 0,999995247609817; 16,157788560635
2417; 16; 0; 0; 0,999364720442033; 0,999364720442033; 12,2168750214957
2421; 2; 0; 0; 0,999986420866006; 0,999986420866006; 14,1380649905556
2423; 10; 0; 0; 0,410503869334927; 0,410503869334927; 6,30146873308875
2426; 16; 0; 0; 0,999950591408802; 0,999950591408802; 16,9106575203815
2440; 3; 0; 0; 0,546050372487662; 0,546050372487662; 7,66891635189618
2458; 2; 0; 0; 1; 1; 11,9267341675448
2459; 2; 0; 0; 1; 1; 12,5100783010858
2478; 2; 0; 0; 0,841263171795125; 0,841263171795125; 8,66443207460169
2496; 16; 0; 0; 0,632291008693884; 0,632291008693884; 13,671852781635
2499; 16; 0; 0; 0,842369157359037; 0,842369157359037; 17,3527362228444
2514; 16; 0; 0; 0,999902710073917; 0,999902710073917; 15,3733250185286
2525; 2; 0; 0; 0,999992928616071; 0,999992928616071; 10,4888446894103
2531; 16; 0; 0; 0,999359147002646; 0,999359147002646; 13,0081980926012
2532; 10; 0; 0; 0,992492042566001; 0,992492042566001; 12,4241218794206
2532; 2; 0; 0; 0,916816246445949; 0,916816246445949; 5,77892667697102
2542; 2; 1; 0; 0,546946269401105; 0,453053730598895; 8,21050000769257
2553; 2; 0; 0; 0,936014156883774; 0,936014156883774; 7,32709075953184
2554; 2; 0; 0; 0,986888365701869; 0,986888365701869; 16,5718127888063
2560; 2; 0; 0; 1; 1; 20,5644581680809
2567; 2; 0; 0; 1; 1; 13,0361978110374
2571; 3; 0; 0; 0,604293599929825; 0,604293599929825; 10,0548014391528
2616; 22; 0; 0; 0,813243501680501; 0,813243501680501; 8,46314420688689
2636; 16; 0; 0; 0,998963605220143; 0,998963605220143; 14,7049195829404
2666; 3; 0; 0; 0,614419836672762; 0,614419836672762; 9,23400132167091
2691; 10; 0; 0; 0,977644615362693; 0,977644615362693; 8,35122764907081
2695; 10; 0; 0; 0,912530294273494; 0,912530294273494; 7,58082012981596
2702; 2; 0; 0; 1; 1; 10,7799328052809
2717; 11; 0; 0; 1; 1; 12,4286301933114
2723; 3; 0; 0; 0,580346108135629; 0,580346108135629; 7,2093273647515
2748; 16; 0; 0; 0,99999659721493; 0,99999659721493; 17,3855529152055
2750; 10; 1; 0; 0,374935839878208; 0,268748474980751; 7,35163896889415
2766; 10; 0; 0; 0,99930322247266; 0,99930322247266; 13,5535875048225
2766; 2; 0; 0; 1; 1; 11,8620073895721
2776; 2; 0; 0; 0,999998089266767; 0,999998089266767; 17,4006953729916
2807; 11; 0; 0; 1; 1; 18,642945289967
2810; 16; 7; 0; 0,323735874520519; 0; 6,08484392509063
2814; 10; 1; 0; 0,37764539874259; 0,278982662402254; 7,04532067852356
2822; 2; 0; 0; 0,999780392524919; 0,999780392524919; 11,3104519924445
2824; 10; 0; 0; 0,644289554058; 0,644289554058; 12,0920075689
2845; 2; 0; 0; 0,999984769513343; 0,999984769513343; 12,5671688804939
2856; 2; 0; 0; 1; 1; 11,7538747600823
2858; 4; 0; 0; 0,999662601865912; 0,999662601865912; 14,4681593920538
2875; 3; 0; 0; 0,750720698581937; 0,750720698581937; 12,10137093369
2877; 10; 0; 0; 0,361234750451407; 0,361234750451407; 6,04600378445001
2883; 3; 0; 0; 0,746913432685079; 0,746913432685079; 12,54956985716
2898; 3; 0; 0; 0,537456683404323; 0,537456683404323; 7,41747647150615
2901; 11; 0; 0; 1; 1; 18,642945289967
2903; 3; 0; 0; 0,952985114380472; 0,952985114380472; 17,8335992707011
2936; 20; 0; 0; 0,99472744078009; 0,99472744078009; 11,0249795260985
2936; 2; 0; 0; 0,959908333386267; 0,959908333386267; 5,50234475510049
2940; 13; 0; 0; 0,998354056312767; 0,998354056312767; 10,8654187304817
2957; 2; 0; 0; 0,974138666026552; 0,974138666026552; 6,47994606850558
2963; 3; 0; 0; 0,578777861436984; 0,578777861436984; 6,16069792987856
3011; 2; 0; 0; 0,999975639375111; 0,999975639375111; 10,1710009109433
3060; 2; 0; 0; 1; 1; 13,659281236477
3066; 3; 1; 0; 0,563005370614642; 0,2564412948075; 10,8236623131984
3082; 3; 2; 0; 0,553202157013722; 0,428023796488295; 5,95350085212993
3095; 3; 0; 0; 0,788655855550697; 0,788655855550697; 12,10137093369
3143; 2; 0; 0; 0,999573991732725; 0,999573991732725; 10,2822290840405
3148; 2; 0; 0; 0,999544027375546; 0,999544027375546; 20,550321126607
3152; 3; 0; 0; 0,626606141804782; 0,626606141804782; 9,0493212952375
3158; 2; 0; 0; 0,996470769486749; 0,996470769486749; 18,0842825914142
3160; 2; 1; 0; 1; 0; 5,47366667179505
3185; 10; 0; 0; 0,99873877028196; 0,99873877028196; 13,5535875048225
3212; 22; 0; 0; 0,999416848189138; 0,999416848189138; 14,4053518415096
3214; 3; 0; 0; 0,952197982535492; 0,952197982535492; 10,2021412269841
3220; 11; 0; 0; 0,996661257583739; 0,996661257583739; 12,2230812634013
3229; 10; 0; 0; 0,998427138565284; 0,998427138565284; 13,1549525782101
3312; 3; 0; 0; 0,948221256803591; 0,948221256803591; 16,941919307166
3321; 16; 2; 0; 0,4360871038016; 0,245793299485957; 5,63963927242444
3323; 10; 0; 0; 0,862230267488592; 0,862230267488592; 5,17665775601695
3332; 16; 0; 0; 0,999995889062061; 0,999995889062061; 17,3855529152055
3336; 3; 0; 0; 0,600584131287289; 0,600584131287289; 5,17660514159879
3345; 18; 5; 0; 0,2427504634464; 0,188593760567343; 12,0785648323205
3347; 2; 0; 0; 0,886518769480246; 0,886518769480246; 8,34352718294977
3369; 10; 0; 0; 0,59704209293377; 0,59704209293377; 6,88314276998924
3395; 3; 0; 0; 0,591610115105074; 0,591610115105074; 6,64388992437884
3395; 16; 0; 0; 0,999805818418847; 0,999805818418847; 14,7049195829404
3402; 2; 1; 0; 1; 0; 5,30126772150229
3420; 2; 1; 0; 0,511938219700777; 0,488061780299223; 8,5222911472252
3435; 10; 0; 0; 0,999238476148834; 0,999238476148834; 16,1128850570299
3454; 11; 0; 0; 1; 1; 11,7744917620845
3465; 2; 1; 0; 0,619785894943777; 0,380214105056223; 9,79113243553991
3472; 10; 0; 0; 0,990169638677789; 0,990169638677789; 11,1817096914785
3477; 10; 5; 0; 0,259526545009934; 0,00548592781151508; 7,96411888929916
3492; 2; 0; 0; 1; 1; 12,9093473100435
3539; 3; 0; 0; 0,622971524066334; 0,622971524066334; 9,23400132167091
3555; 11; 0; 0; 1; 1; 13,9822089674753
3570; 3; 0; 0; 0,948476521747582; 0,948476521747582; 16,941919307166
3573; 2; 0; 0; 0,999576770596072; 0,999576770596072; 7,77166001385758
3589; 10; 0; 0; 0,649746808669038; 0,649746808669038; 6,99069187577033
3594; 3; 0; 0; 0,622971524066334; 0,622971524066334; 9,23400132167091
3600; 3; 0; 0; 0,609167849954558; 0,609167849954558; 9,83621879917119
3676; 10; 0; 0; 0,993662940595272; 0,993662940595272; 12,4241218794206
3701; 3; 2; 0; 0,7493829004728; 0,128730434892928; 6,78551027102447
3714; 3; 2; 0; 0,746498506991634; 0,135683557619513; 6,68423399832261
3740; 4; 0; 0; 0,999642109585599; 0,999642109585599; 14,4681593920538
3843; 16; 0; 0; 0,620737605604848; 0,620737605604848; 14,0990981810611
3846; 2; 0; 0; 0,94909977137334; 0,94909977137334; 8,35740871099295
3875; 10; 0; 0; 0,760665387883172; 0,760665387883172; 16,117859656915
3892; 3; 0; 0; 0,952225878934246; 0,952225878934246; 17,8335992707011
3902; 10; 2; 0; 0,373617521487814; 0,252339937342918; 5,95382736853765
3926; 2; 0; 0; 0,749831294561038; 0,749831294561038; 6,33916840993204
3958; 2; 1; 0; 1; 0; 5,65765546748564
3968; 10; 0; 0; 0,999319524039474; 0,999319524039474; 13,5535875048225
3972; 16; 0; 0; 0,951372952590504; 0,951372952590504; 8,69277645760274
3984; 20; 0; 0; 0,993354048465004; 0,993354048465004; 10,0449813460008
4029; 4; 0; 0; 1; 1; 14,0218855999252
4034; 2; 1; 0; 0,936856651824782; 0,0631433481752177; 15,3340455568956
4055; 3; 0; 0; 0,940755356388577; 0,940755356388577; 18,82435478574
4069; 10; 0; 0; 0,999999243622891; 0,999999243622891; 19,6189652436739
4083; 10; 0; 0; 0,95547774823473; 0,95547774823473; 8,35888191266874
4106; 3; 0; 0; 0,951112086606026; 0,951112086606026; 16,941919307166
4124; 10; 0; 0; 0,986558640100948; 0,986558640100948; 11,1817096914785
4125; 16; 0; 0; 0,998668727256918; 0,998668727256918; 13,5285260163052
4129; 10; 0; 0; 0,96874728382012; 0,96874728382012; 8,35888191266874
4147; 16; 0; 0; 0,999908976610424; 0,999908976610424; 15,3733250185286
4193; 2; 0; 0; 0,999963500874128; 0,999963500874128; 13,3064141087583
4208; 13; 0; 0; 0,999991083579252; 0,999991083579252; 14,0344991935389
4214; 10; 0; 0; 0,996333996042308; 0,996333996042308; 11,4684201963883
4223; 3; 0; 0; 0,572454117904547; 0,572454117904547; 6,27478492858001
4223; 16; 0; 0; 0,949387078857448; 0,949387078857448; 8,45532876019076
4225; 10; 2; 0; 0,433677765611212; 0,276939537461102; 8,05179506116978
4234; 2; 0; 0; 0,926439253375807; 0,926439253375807; 7,1415947909361
4238; 2; 0; 0; 0,999999640491444; 0,999999640491444; 11,9872510736118
4258; 10; 0; 0; 0,991720254521635; 0,991720254521635; 10,9131501347521
4273; 16; 0; 0; 0,93559192661199; 0,93559192661199; 8,05269405732453
4278; 20; 0; 0; 0,997239440143515; 0,997239440143515; 11,5903630915394
4293; 2; 1; 0; 0,961071530015953; 0,0389284699840466; 17,0162421621375
4293; 16; 0; 0; 0,999808571349883; 0,999808571349883; 14,7049195829404
4316; 22; 0; 0; 0,994915851065227; 0,994915851065227; 12,31002793729
4317; 3; 0; 0; 0,605236276433876; 0,605236276433876; 10,9302705207523
4331; 10; 0; 0; 0,978914371224704; 0,978914371224704; 8,79310954449569
4354; 2; 0; 0; 0,946828714626286; 0,946828714626286; 7,72857518471167
4355; 10; 0; 0; 0,975801194718825; 0,975801194718825; 9,09709347682042
4392; 2; 0; 0; 0,657829459072359; 0,657829459072359; 5,83717859385236
4436; 2; 0; 0; 1; 1; 11,5738975883148
4457; 2; 0; 0; 0,944239824214652; 0,944239824214652; 7,42349984847305
4486; 20; 0; 0; 0,980081345524022; 0,980081345524022; 8,8632188347066
4503; 2; 0; 0; 1; 1; 18,8507533207409
4512; 20; 0; 0; 0,990563997739213; 0,990563997739213; 9,82661218630514
4543; 20; 0; 0; 0,993112606054987; 0,993112606054987; 9,82661218630514
4565; 3; 1; 0; 0,568484461723088; 0,325870087033616; 5,06372685318882
4592; 16; 0; 0; 0,999990284006957; 0,999990284006957; 14,0922146003179
4598; 2; 0; 0; 1; 1; 12,4480781335293
4637; 3; 0; 0; 0,492751106699948; 0,492751106699948; 6,58593643952375
4645; 4; 0; 0; 0,99806961999494; 0,99806961999494; 12,8146554615334
4645; 2; 0; 0; 0,999361408014234; 0,999361408014234; 10,7718590404233
4704; 10; 0; 0; 0,999781086089907; 0,999781086089907; 15,4230478503152
4706; 2; 0; 0; 1; 1; 15,0252093601247
4734; 4; 0; 0; 0,978792452162295; 0,978792452162295; 8,79437139516996
4747; 16; 0; 0; 0,988726400377418; 0,988726400377418; 7,19602447675809
4755; 10; 0; 0; 0,968570687042598; 0,968570687042598; 5,42714119582423
4779; 4; 0; 0; 1; 1; 13,4610101759282
4783; 2; 0; 0; 1; 1; 12,8787508801069
4793; 4; 0; 0; 1; 1; 10,1977349817638
4812; 16; 0; 0; 0,998125861688498; 0,998125861688498; 15,0390380597985
4844; 4; 0; 0; 0,999341675348361; 0,999341675348361; 12,8146554615334
4848; 18; 11; 0; 0,345105968598128; 0,0742156429572042; 4,50933087073299
4859; 10; 0; 0; 0,970388764679067; 0,970388764679067; 7,45447312765236
4863; 10; 0; 0; 0,988253600687238; 0,988253600687238; 15,3084539025281
4914; 3; 0; 0; 0,94877043522226; 0,94877043522226; 13,5535354457328
4924; 2; 0; 0; 0,79985278100274; 0,79985278100274; 4,46555869143682
4927; 2; 1; 0; 0,872484379681687; 0,127515620318313; 4,24199991341317
4932; 2; 0; 0; 0,991076357045822; 0,991076357045822; 3,25697646178719
4952; 20; 0; 0; 0,99195509636141; 0,99195509636141; 10,5121897806985
4965; 11; 0; 0; 1; 1; 17,2088725753542
4968; 13; 0; 0; 0,999948844490472; 0,999948844490472; 13,4731192257973
5018; 2; 0; 0; 0,95982993927827; 0,95982993927827; 12,7817986792346
5067; 16; 0; 0; 0,968687542342339; 0,968687542342339; 6,38138019637038
5073; 10; 0; 0; 0,546688039425952; 0,546688039425952; 5,12682706360041
5077; 22; 0; 0; 0,977082641156124; 0,977082641156124; 8,06013733989227
5140; 2; 0; 0; 0,999998280607393; 0,999998280607393; 10,827194518101
5142; 11; 0; 0; 1; 1; 17,2088725753542
5144; 16; 0; 0; 0,984658913285086; 0,984658913285086; 6,76426300815261
5157; 2; 0; 0; 1; 1; 5,70577570637645
5197; 11; 0; 0; 1; 1; 14,9143562319736
5277; 10; 0; 0; 0,98332437078672; 0,98332437078672; 8,60131514729119
5281; 10; 3; 0; 0,459831060079252; 0,0720621871606514; 7,12579058516241
5290; 2; 0; 0; 0,67973492736346; 0,67973492736346; 7,47605581780455
5298; 2; 0; 0; 1; 1; 17,4006953729916
5302; 3; 0; 0; 0,71784557317685; 0,71784557317685; 9,626937548125
5306; 2; 0; 0; 1; 1; 9,18945091597718
5344; 10; 0; 0; 0,990521075208678; 0,990521075208678; 9,127926278758
5357; 11; 0; 0; 1; 1; 15,9796673914003
5358; 2; 0; 0; 0,999934900200032; 0,999934900200032; 8,60623154002897
5359; 2; 0; 0; 0,999799853817472; 0,999799853817472; 8,18641536734463
5370; 13; 0; 0; 0,994113159300258; 0,994113159300258; 9,35633279569257
5402; 10; 5; 0; 0,430396791157939; 0,000565750189621388; 5,24767523713511
5413; 10; 0; 0; 0,976273913663452; 0,976273913663452; 7,91168935175129
5436; 2; 1; 0; 0,645698938606978; 0,354301061393022; 4,96820950313577
5440; 10; 0; 0; 0,989491853088519; 0,989491853088519; 16,7589214818097
5458; 2; 0; 0; 0,509568237535278; 0,509568237535278; 5,23513842701762
5491; 4; 0; 0; 0,954072805177406; 0,954072805177406; 7,73298174402876
5508; 2; 0; 0; 1; 1; 20,5644581680809
5518; 2; 0; 0; 1; 1; 6,67329173660247
5524; 10; 0; 0; 0,793483980766143; 0,793483980766143; 6,90552216729852
5526; 10; 0; 0; 0,976812650352827; 0,976812650352827; 6,36311576975996
5548; 3; 0; 0; 0,673010702354504; 0,673010702354504; 8,22665572294318
5564; 10; 0; 0; 0,845526139265139; 0,845526139265139; 11,4719046166487
5575; 10; 0; 0; 0,760279637368231; 0,760279637368231; 5,34080331540669
5591; 2; 1; 0; 0,979434591333014; 0,0205654086669856; 3,57743080002968
5636; 2; 0; 0; 0,999041195729012; 0,999041195729012; 15,4289291481989
5653; 2; 0; 0; 0,942518373437635; 0,942518373437635; 5,65522599622226
5659; 3; 0; 0; 0,709003039995539; 0,709003039995539; 8,37900119929398
5662; 10; 0; 0; 0,994051473205816; 0,994051473205816; 8,94878311049675
5692; 3; 0; 0; 0,686708599503833; 0,686708599503833; 5,9445330902337
5696; 3; 0; 0; 0,735000217148978; 0,735000217148978; 7,7008724123482
5712; 2; 1; 0; 0,647779519767822; 0,352220480232178; 5,67569641108344
5725; 2; 0; 0; 0,702115503866572; 0,702115503866572; 5,03737489717814
5735; 13; 0; 0; 0,999948844490472; 0,999948844490472; 13,4731192257973
5747; 10; 0; 0; 0,968876880370507; 0,968876880370507; 6,88105211783295
5747; 10; 0; 0; 0,853895780780608; 0,853895780780608; 10,7735923811634
5783; 10; 3; 0; 0,339368033931357; 0,175757505785364; 5,75702539924135
5795; 11; 0; 0; 1; 1; 13,1597260870356
5798; 2; 0; 0; 1; 1; 15,0806026565927
5804; 2; 0; 0; 1; 1; 5,06467731240157
5805; 4; 0; 0; 0,900256785718545; 0,900256785718545; 7,2340796960269
5874; 3; 0; 0; 0,970063317306595; 0,970063317306595; 7,0234158438026
5876; 3; 0; 0; 0,974477247206474; 0,974477247206474; 7,3688297377601
5888; 3; 2; 0; 0,478079403641235; 0,228271951802183; 6,29379406927596
5889; 10; 0; 0; 0,449558189437388; 0,449558189437388; 4,97603803231805
5910; 2; 1; 0; 0,609285346944383; 0,390714653055617; 6,01125893420349
5932; 10; 0; 0; 0,968320846959718; 0,968320846959718; 8,84247633431027
5937; 16; 0; 0; 0,948267629550937; 0,948267629550937; 6,45749108279061
5951; 16; 0; 0; 0,999996959455747; 0,999996959455747; 15,3733250185286
5960; 10; 0; 0; 0,40316053456586; 0,40316053456586; 6,35445256331356
5980; 10; 0; 0; 0,8778067731465; 0,8778067731465; 5,20079520533886
6007; 13; 0; 0; 1; 1; 14,6446948106492
6032; 2; 0; 0; 0,553103552630667; 0,553103552630667; 7,3931583774394
6038; 2; 1; 0; 0,631947499063777; 0,368052500936223; 6,17465873293693
6042; 2; 0; 0; 1; 1; 13,6721098993807
6048; 16; 0; 0; 0,998760616875933; 0,998760616875933; 12,2168750214957
6054; 13; 0; 0; 0,999990914999095; 0,999990914999095; 14,0344991935389
6060; 2; 0; 0; 0,953015297991062; 0,953015297991062; 6,06651600520378
6061; 2; 0; 0; 0,653125688891293; 0,653125688891293; 4,86367231451683
6062; 3; 0; 0; 0,730147840180983; 0,730147840180983; 10,283319653679
6076; 2; 1; 0; 0,639773777136399; 0,360226222863601; 5,63055305656878
6094; 4; 0; 0; 1; 1; 12,9432790153156
6112; 16; 0; 0; 0,998491460375836; 0,998491460375836; 12,2168750214957
6130; 16; 0; 0; 0,989142609567032; 0,989142609567032; 8,86322305481064
6139; 3; 0; 0; 0,723216480457554; 0,723216480457554; 8,06758062246002
6194; 10; 0; 0; 0,884321412989941; 0,884321412989941; 5,45657506737607
6206; 4; 0; 0; 0,982103240308569; 0,982103240308569; 11,2128235288417
6206; 16; 0; 0; 0,999996054367472; 0,999996054367472; 15,3733250185286
6209; 2; 1; 0; 0,792966082154845; 0,207033917845155; 5,80397414336889
6224; 10; 0; 0; 0,973094957088552; 0,973094957088552; 8,43902618224796
6231; 11; 0; 0; 1; 1; 13,1597260870356
6236; 4; 0; 0; 0,983164051641436; 0,983164051641436; 10,6788795512778
6236; 2; 0; 0; 0,99942832834283; 0,99942832834283; 11,3104519924445
6245; 10; 0; 0; 0,988659516401901; 0,988659516401901; 7,02594032910996
6247; 18; 11; 0; 0,374898569761049; 0,0990830039391948; 4,93722358109451
6257; 10; 0; 0; 0,996089180483741; 0,996089180483741; 8,94878311049675
6280; 16; 0; 0; 0,224482921574181; 0,224482921574181; 6,16639079687786
6283; 4; 0; 0; 0,973834165935953; 0,973834165935953; 8,79437139516996
6296; 2; 0; 0; 0,999305044575578; 0,999305044575578; 6,7128606012226
6334; 2; 0; 0; 1; 1; 5,33863338928198
6341; 10; 0; 0; 0,999673662717856; 0,999673662717856; 11,2809050151125
6343; 10; 0; 0; 0,999104685454177; 0,999104685454177; 11,2809050151125
6344; 10; 3; 0; 0,468236159269929; 0,0856053639671363; 7,43901214934537
6346; 10; 0; 0; 0,821172781272628; 0,821172781272628; 10,404750698821
6370; 2; 1; 0; 0,95984926794674; 0,0401507320532604; 4,02989991774251
6381; 10; 0; 0; 0,925958943464826; 0,925958943464826; 9,62245673873196
6389; 10; 0; 0; 0,902499045030846; 0,902499045030846; 5,96585540699783
6389; 2; 1; 0; 0,999484566094734; 0,000515433905265865; 3,29019183068423
6408; 13; 0; 0; 0,999699386736331; 0,999699386736331; 11,6147579532735
6503; 10; 3; 0; 0,328857057779487; 0,00559292829847893; 5,93815882096867
6507; 22; 0; 0; 0,996737725018201; 0,996737725018201; 10,1052468141933
6511; 11; 0; 0; 1; 1; 13,1597260870356
6527; 2; 0; 0; 0,949678917284822; 0,949678917284822; 6,00197860089311
6534; 10; 0; 0; 0,967480387798167; 0,967480387798167; 11,4164740968006
6678; 10; 0; 0; 0,844802122262896; 0,844802122262896; 4,91503722702354
6678; 10; 0; 0; 0,790880287376593; 0,790880287376593; 9,62746553210343
6718; 13; 0; 0; 1; 1; 14,6446948106492
6722; 10; 0; 0; 0,582964752507768; 0,582964752507768; 5,20570132611734
6724; 2; 0; 0; 0,942736001398672; 0,942736001398672; 3,16644367982198
6727; 3; 0; 0; 0,949628504650486; 0,949628504650486; 12,54956985716
6747; 10; 3; 0; 0,438410641628315; 0,02826434280215; 6,63676574108264
6767; 11; 0; 0; 0,982478824403293; 0,982478824403293; 4,47430686959209
6826; 2; 1; 0; 0,617788256217892; 0,382211743782108; 4,51348790787161
6836; 20; 0; 0; 0,962476700746426; 0,962476700746426; 6,27811334125051
6837; 2; 1; 0; 0,635110266686156; 0,364889733313844; 10,427449401233
6863; 2; 0; 0; 0,767512742498659; 0,767512742498659; 10,0486716512058
6878; 10; 1; 0; 0,367530546216913; 0,298977500372599; 4,33808443843112
6900; 10; 3; 0; 0,334346695280156; 0,0132996245264487; 5,14177077642166
6907; 10; 0; 0; 0,952529123516991; 0,952529123516991; 7,09949821681177
6909; 2; 0; 0; 0,549720886176056; 0,549720886176056; 7,15845493688576
6912; 10; 0; 0; 0,495258259283861; 0,495258259283861; 4,97603803231805
6923; 10; 0; 0; 0,801134276119213; 0,801134276119213; 4,42839987781328
6936; 18; 11; 0; 0,353053577310286; 0,109969695702508; 5,32598134338542
6947; 10; 3; 0; 0,368937037566008; 0,0127863681773234; 5,93815882096867
6963; 3; 0; 0; 0,603746771515897; 0,603746771515897; 4,9721545578228
6967; 3; 0; 0; 0,73648166023513; 0,73648166023513; 8,91679963535054
6976; 4; 0; 0; 0,999381676623313; 0,999381676623313; 4,87717759997398
6990; 10; 0; 0; 0,643603331083756; 0,643603331083756; 5,62321220365994
7019; 10; 0; 0; 0,702170696996433; 0,702170696996433; 6,1521924763205
7039; 10; 0; 0; 0,719799977544633; 0,719799977544633; 6,3843506829741
7040; 16; 0; 0; 0,987555406620988; 0,987555406620988; 9,4171744957363
7046; 20; 0; 0; 0,983549304377537; 0,983549304377537; 8,37081778833401
7049; 16; 0; 0; 0,998491833779058; 0,998491833779058; 12,2168750214957
7059; 3; 0; 0; 0,609095972018793; 0,609095972018793; 5,72741854128956
7092; 10; 3; 0; 0,33305423586355; 0,00528001784076438; 5,99070889903034
7111; 10; 2; 0; 0,408575971905141; 0,305173400067075; 5,0841671911108
7114; 2; 1; 0; 0,646179328849471; 0,353820671150529; 3,48485196454124
7130; 11; 0; 0; 1; 1; 14,9143562319736
7141; 22; 0; 0; 0,958147873272731; 0,958147873272731; 7,44012677528518
7143; 16; 0; 0; 0,525612923382038; 0,525612923382038; 5,50208709504823
7151; 18; 0; 0; 0,450840657646973; 0,450840657646973; 6,69095182111569
7175; 16; 0; 0; 0,99993660923351; 0,99993660923351; 18,8343489914726
7200; 16; 0; 0; 0,98099102286838; 0,98099102286838; 6,76426300815261
7262; 10; 0; 0; 0,816272586789667; 0,816272586789667; 9,94231733442891
7270; 2; 0; 0; 0,895246541138317; 0,895246541138317; 2,69565756449832
7278; 10; 0; 0; 0,995178323962499; 0,995178323962499; 12,0883348015984
7283; 4; 0; 0; 1; 1; 6,11864098905826
7287; 2; 1; 0; 0,989259709608761; 0,0107402903912393; 3,52153344377922
7303; 10; 0; 0; 0,993263560921754; 0,993263560921754; 8,94878311049675
7332; 10; 0; 0; 0,961228815914126; 0,961228815914126; 11,4164740968006
7335; 20; 0; 0; 0,833898323689328; 0,833898323689328; 4,22452486514053
7335; 11; 0; 0; 1; 1; 13,9822089674753
7344; 2; 0; 0; 0,999921157324923; 0,999921157324923; 14,1380649905556
7345; 3; 0; 0; 0,675660747599992; 0,675660747599992; 8,07975115646205
7352; 3; 0; 0; 0,610233853722764; 0,610233853722764; 6,19816527071061
7359; 4; 0; 0; 0,98777658899644; 0,98777658899644; 9,34401960736808
7359; 2; 0; 0; 1; 1; 16,157788560635
7366; 2; 1; 0; 0,967191842010616; 0,0328081579893836; 3,57743080002968
7371; 10; 0; 0; 0,494764499719007; 0,494764499719007; 4,90392153909605
7418; 2; 0; 0; 0,970881065506008; 0,970881065506008; 4,67996104947625
7437; 10; 0; 0; 0,594482713434115; 0,594482713434115; 7,83223222920044
7442; 10; 0; 0; 0,746599336643586; 0,746599336643586; 6,3843506829741
7449; 16; 0; 0; 0,977103209130105; 0,977103209130105; 6,38138019637038
7471; 22; 0; 0; 0,964807124114211; 0,964807124114211; 7,44012677528518
7475; 10; 0; 0; 0,960147880563417; 0,960147880563417; 6,77679375241124
7476; 10; 0; 0; 0,410691101961029; 0,410691101961029; 3,52179832802474
7488; 11; 0; 0; 0,988485765347159; 0,988485765347159; 4,56561925468581
7492; 2; 1; 0; 0,980419486715628; 0,019580513284372; 3,63513129680435
7497; 3; 0; 0; 0,847494006667191; 0,847494006667191; 8,37900119929398
7517; 2; 0; 0; 0,968368473093695; 0,968368473093695; 4,81367422231843
7522; 16; 0; 0; 0,529099875824404; 0,529099875824404; 5,71102711131589
7533; 10; 2; 0; 0,341540048709968; 0,202421481231012; 3,99271428767877
7552; 16; 0; 0; 1; 1; 19,6532337302323
7571; 10; 0; 0; 0,971708736035725; 0,971708736035725; 7,45447312765236
7578; 2; 0; 0; 1; 1; 17,4006953729916
7580; 16; 0; 0; 0,999865223482887; 0,999865223482887; 16,7416435479757
7584; 2; 0; 0; 0,881702283180951; 0,881702283180951; 5,64185988483952
7646; 10; 0; 0; 0,972401705478997; 0,972401705478997; 6,36311576975996
7662; 10; 0; 0; 0,779756470441802; 0,779756470441802; 3,72699415743656
7668; 3; 0; 0; 0,945491873050558; 0,945491873050558; 14,7321037453618
7684; 2; 0; 0; 0,561508677152845; 0,561508677152845; 8,05326180399648
7692; 10; 0; 0; 0,500905812940355; 0,500905812940355; 2,28899832749049
7701; 10; 0; 0; 0,909914045547782; 0,909914045547782; 8,2529411267714
7703; 16; 0; 0; 0,544113971126475; 0,544113971126475; 5,93646239202573
7724; 16; 0; 0; 0,975756775956059; 0,975756775956059; 6,50409904630058
7738; 10; 0; 0; 0,966555496287615; 0,966555496287615; 5,88735730953734
7739; 10; 0; 0; 0,66854696250982; 0,66854696250982; 7,21619806531131
7766; 2; 0; 0; 0,999872443059264; 0,999872443059264; 7,6282506832075
7790; 10; 0; 0; 0,937611870387369; 0,937611870387369; 8,67616887686224
7807; 2; 0; 0; 0,999918482347931; 0,999918482347931; 8,39107575152825
7820; 3; 0; 0; 0,645220500968386; 0,645220500968386; 7,80113904761853
7841; 16; 0; 0; 0,998488323083868; 0,998488323083868; 12,5562326609817
7841; 11; 0; 0; 0,999975072183994; 0,999975072183994; 6,57986304351778
7843; 2; 0; 0; 0,628677908379415; 0,628677908379415; 4,63363661573847
7861; 10; 0; 0; 0,87565414415572; 0,87565414415572; 5,66378677879541
7869; 2; 0; 0; 0,983819608774797; 0,983819608774797; 4,1437411118658
7886; 2; 0; 0; 1; 1; 6,09130109194243
7904; 10; 0; 0; 0,3318609023318; 0,3318609023318; 3,12775096265134
7935; 10; 2; 0; 0,35636887488123; 0,0116925041511204; 3,09025146923083
7937; 3; 0; 0; 0,708966310003729; 0,708966310003729; 8,7012704761899
7939; 2; 1; 0; 0,710077669624579; 0,289922330375421; 3,3800443866603
7970; 3; 0; 0; 0,970008078280793; 0,970008078280793; 15,4017448246964
7983; 10; 2; 0; 0,429597191168877; 0,271280849483859; 5,26152186056815
7989; 10; 3; 0; 0,334431302513118; 0,0133029900283259; 5,14177077642166
8040; 16; 0; 0; 0,997697205416488; 0,997697205416488; 8,67213206173411
8041; 10; 0; 0; 0,790263882942621; 0,790263882942621; 7,04938721245057
8050; 3; 0; 0; 0,717152021197866; 0,717152021197866; 5,451398370625
8072; 18; 3; 0; 0,283316531603587; 0,0730244220937757; 5,94861298880926
8084; 3; 0; 0; 0,991810008211438; 0,991810008211438; 18,82435478574
8096; 10; 0; 0; 0,682968005240121; 0,682968005240121; 3,44249078663988
8130; 10; 0; 0; 0,979420540975759; 0,979420540975759; 6,88255379178119
8136; 10; 0; 0; 0,960197659340018; 0,960197659340018; 5,96585540699783
8163; 11; 0; 0; 1; 1; 12,4286301933114
8197; 10; 2; 0; 0,220487864900045; 0; 2,69375434905865
8214; 10; 0; 0; 0,407142503002994; 0,407142503002994; 3,54974910840589
8215; 10; 1; 0; 0,403896070081642; 0,194635417541018; 4,22963232747034
8224; 16; 0; 0; 0,587835878480676; 0,587835878480676; 6,44530202562793
8245; 2; 0; 0; 0,952101975596635; 0,952101975596635; 3,29061794177578
8249; 2; 0; 0; 0,581466388200158; 0,581466388200158; 6,3677051378219
8263; 2; 0; 0; 0,958336673189859; 0,958336673189859; 3,32319831743693
8290; 10; 0; 0; 0,829824968797354; 0,829824968797354; 10,6524828583167
8291; 2; 0; 0; 0,95602442088707; 0,95602442088707; 12,2191098590636
8304; 2; 0; 0; 0,99915901255852; 0,99915901255852; 6,45467365502173
8359; 3; 0; 0; 0,659321747937747; 0,659321747937747; 11,9070017042599
8373; 3; 0; 0; 0,771034936392387; 0,771034936392387; 10,2678298831309
8375; 10; 2; 0; 0,530355276535296; 0,372912234388634; 4,25694528872168
8381; 16; 1; 0; 0,231185699374741; 0,15608247971878; 5,7942810074111
8389; 2; 0; 0; 0,99290382051652; 0,99290382051652; 8,07889428031751
8400; 2; 1; 0; 0,977034289346109; 0,0229657106538908; 3,60605024642992
8403; 2; 1; 0; 0,975208899164894; 0,0247911008351059; 3,63513129680435
8413; 16; 0; 0; 0,998729048289473; 0,998729048289473; 12,2168750214957
8419; 2; 0; 0; 1; 1; 5,63445351004675
8431; 3; 1; 0; 0,510529769799202; 0,430723072382975; 5,70470493587094
8436; 2; 0; 0; 0,787068739069249; 0,787068739069249; 12,0908906425192
8445; 3; 0; 0; 0,876337922177881; 0,876337922177881; 11,294612871444
8451; 10; 2; 0; 0,442629626132482; 0,0515468155549227; 3,64912000007146
8452; 2; 0; 0; 1; 1; 6,34868001132028
8462; 2; 1; 0; 0,915015368251012; 0,0849846317489875; 11,9714977685328
8463; 2; 0; 0; 1; 1; 10,732292400089
8464; 3; 0; 0; 0,923617117814755; 0,923617117814755; 11,6840822808042
8489; 16; 0; 0; 0,999473247249103; 0,999473247249103; 14,1257617436045
8496; 2; 0; 0; 1; 1; 11,8620073895721
8519; 2; 0; 0; 0,738773973524909; 0,738773973524909; 3,90015585946363
8530; 3; 0; 0; 0,860702635019053; 0,860702635019053; 8,87188362278186
8533; 2; 1; 0; 0,563167854502135; 0,436832145497865; 5,44707306970307
8537; 3; 0; 0; 0,922586573705988; 0,922586573705988; 12,10137093369
8540; 10; 0; 0; 0,892912560579577; 0,892912560579577; 5,88511036393608
8545; 3; 0; 0; 0,730028350123532; 0,730028350123532; 7,36605187268088
8565; 10; 0; 0; 0,523437584260564; 0,523437584260564; 6,31468944732377
8600; 10; 0; 0; 0,717987533202514; 0,717987533202514; 7,98936214373752
8608; 2; 0; 0; 0,824612154139715; 0,824612154139715; 11,2210166771798
8609; 3; 0; 0; 0,738495443150165; 0,738495443150165; 8,06758062246002
8614; 10; 0; 0; 0,999589150664896; 0,999589150664896; 11,1859788881209
8623; 3; 0; 0; 0,743266990177282; 0,743266990177282; 7,7008724123482
8627; 2; 0; 0; 0,999844156429933; 0,999844156429933; 11,9057389394153
8642; 2; 0; 0; 0,998446121260356; 0,998446121260356; 6,01709277789803
8650; 2; 0; 0; 0,999959582133481; 0,999959582133481; 12,5671688804939
8655; 4; 3; 0; 0,354688946618222; 0; 2,18786800562765
8661; 2; 0; 0; 0,999899678691092; 0,999899678691092; 7,14134106513042
8674; 3; 0; 0; 0,676836289365658; 0,676836289365658; 6,03288086349166
8691; 10; 0; 0; 0,99777680526181; 0,99777680526181; 13,0142533152934
8703; 2; 0; 0; 0,84429975203056; 0,84429975203056; 5,37319989032335
8705; 2; 0; 0; 0,999893418968793; 0,999893418968793; 7,14134106513042
8707; 10; 0; 0; 0,423880488721464; 0,423880488721464; 6,19850520560084
8713; 2; 0; 0; 1; 1; 5,77892667697102
8724; 2; 0; 0; 0,752382518609172; 0,752382518609172; 3,96857964647176
8737; 10; 0; 0; 0,938264446860256; 0,938264446860256; 6,2120609397103
8796; 10; 2; 0; 0,389184403975997; 0,305598327718316; 3,35714161412534
8804; 10; 0; 0; 0,999953096587135; 0,999953096587135; 14,4280125051336
8804; 10; 0; 0; 0,930669847263894; 0,930669847263894; 4,80191088600119
8810; 16; 0; 0; 0,732425905913731; 0,732425905913731; 4,96730083291585
8815; 10; 0; 0; 0,962483596145598; 0,962483596145598; 5,66378677879541
8823; 16; 0; 0; 0,993526887923663; 0,993526887923663; 11,590368610137
8824; 10; 0; 0; 0,997571209709172; 0,997571209709172; 8,35622593712034
8831; 10; 0; 0; 0,970601884344455; 0,970601884344455; 5,14101595010508
8839; 2; 0; 0; 0,999954008833511; 0,999954008833511; 7,29658761002456
8865; 3; 1; 0; 0,527526796309138; 0,187574599897395; 11,6816672177399
8886; 2; 0; 0; 0,58771634117001; 0,58771634117001; 4,66269411970208
8904; 10; 0; 0; 1; 1; 21,3066264535637
8904; 2; 0; 0; 1; 1; 4,899524791345
8909; 2; 0; 0; 1; 1; 14,1380649905556
8916; 3; 0; 0; 0,860159114184961; 0,860159114184961; 10,5886995669788
8922; 10; 0; 0; 0,777513953549758; 0,777513953549758; 3,39072400789341
8926; 10; 1; 0; 0,403421969175635; 0,190866840517666; 2,43765563810716
8935; 22; 0; 0; 0,858243925047293; 0,858243925047293; 5,54960275861435
8936; 11; 0; 0; 1; 1; 15,9796673914003
8948; 2; 0; 0; 1; 1; 5,36614620004452
8951; 3; 0; 0; 0,874982550084444; 0,874982550084444; 5,46513526037614
8961; 16; 0; 0; 0,996475163612381; 0,996475163612381; 8,52876180745929
8962; 11; 0; 0; 0,999152836896273; 0,999152836896273; 5,32655579713344
8975; 10; 0; 0; 0,999539074877765; 0,999539074877765; 10,6492473252177
8976; 10; 0; 0; 0,929280217211476; 0,929280217211476; 9,14515097831425
8978; 2; 0; 0; 0,994982617356092; 0,994982617356092; 3,6883849457267
8982; 18; 11; 0; 0,394705807873125; 0,0578924959461286; 4,1753063617898
9005; 13; 0; 0; 1; 1; 13,4731192257973
9040; 16; 0; 0; 0,545481483458087; 0,545481483458087; 5,85936547784357
9044; 3; 2; 0; 0,806716109304178; 0,0213514039022985; 2,61336403490329
9060; 16; 0; 0; 0,648577454966952; 0,648577454966952; 6,58957447901654
9089; 2; 0; 0; 1; 1; 5,24135210236907
9123; 3; 0; 0; 0,966730971017393; 0,966730971017393; 16,941919307166
9133; 10; 0; 0; 0,955597943516367; 0,955597943516367; 5,45657506737607
9172; 16; 0; 0; 0,97293146775823; 0,97293146775823; 6,0395205429934
9178; 2; 0; 0; 0,977558066087331; 0,977558066087331; 5,64185988483952
9185; 10; 0; 0; 0,99964402765626; 0,99964402765626; 10,9089850648571
9203; 10; 5; 0; 0,458336552615635; 5,20216656599028E-05; 4,10272791266927
9205; 20; 0; 0; 0,998771043266785; 0,998771043266785; 10,0449813460008
9212; 18; 1; 0; 0,80889438639508; 0,0399400467723506; 7,15099220995155
9213; 20; 0; 0; 0,998466930029703; 0,998466930029703; 9,82661218630514
9220; 2; 0; 0; 0,930943981711458; 0,930943981711458; 9,80397089182181
9229; 11; 0; 0; 1; 1; 20,3377584981459
9253; 2; 0; 0; 0,936092200545504; 0,936092200545504; 6,52495514092051
9258; 3; 0; 0; 0,828825414983505; 0,828825414983505; 10,0548014391528
9260; 16; 0; 0; 0,999490972548403; 0,999490972548403; 10,7624851379843
9262; 13; 0; 0; 1; 1; 14,6446948106492
9279; 3; 0; 0; 0,928474355009071; 0,928474355009071; 5,77784217863852
9280; 10; 0; 0; 0,971748047531014; 0,971748047531014; 9,14515097831425
9285; 2; 0; 0; 0,997718999965814; 0,997718999965814; 4,30311577001449
9298; 3; 0; 0; 0,926994001163316; 0,926994001163316; 8,68816374726463
9314; 2; 0; 0; 1; 1; 4,29291696003562
9331; 3; 0; 0; 0,946814583213829; 0,946814583213829; 16,941919307166
9345; 2; 1; 0; 0,675163539126299; 0,3248364608737; 4,32815688554646
9355; 13; 0; 0; 1; 1; 14,0344991935389
9364; 2; 0; 0; 0,615597089528651; 0,615597089528651; 3,87807439164326
9364; 11; 0; 0; 1; 1; 20,3377584981459
9378; 2; 1; 0; 0,598918670883216; 0,401081329116784; 4,07724924000753
9381; 10; 0; 0; 0,974743393573999; 0,974743393573999; 10,0533130106155
9421; 3; 0; 0; 0,952182855928059; 0,952182855928059; 17,8335992707011
9423; 2; 0; 0; 1; 1; 4,13537872297009
9456; 18; 11; 0; 0,23760052588166; 0,13722494877294; 4,97352669566138
9460; 16; 0; 0; 0,812953407142046; 0,812953407142046; 7,38611644900755
9462; 16; 0; 0; 0,495217663086439; 0,495217663086439; 5,71102711131589
9464; 2; 1; 0; 0,928056221416099; 0,0719437785839007; 2,82733272594855
9468; 2; 0; 0; 0,98043670143076; 0,98043670143076; 5,27276624751357
9477; 2; 0; 0; 0,986186068019702; 0,986186068019702; 4,62894316314337
9509; 13; 0; 0; 1; 1; 14,6446948106492
9519; 16; 0; 0; 0,999930102020878; 0,999930102020878; 13,6977083574346
9523; 18; 1; 0; 0,621873748515519; 0,0722827056476851; 6,52614823044122
9536; 3; 0; 0; 0,928834178366726; 0,928834178366726; 7,52974191429601
9536; 16; 0; 0; 0,903705662500511; 0,903705662500511; 4,97372280011221
9554; 2; 1; 0; 0,757893073155305; 0,242106926844695; 4,53140277981661
9560; 10; 0; 0; 0,966264060933206; 0,966264060933206; 6,53574337753368
9569; 10; 1; 0; 0,303755689121556; 0,243630134040448; 3,29326068983724
9594; 3; 0; 0; 0,94242300356587; 0,94242300356587; 16,13516124492
9620; 16; 0; 0; 0,856630211413669; 0,856630211413669; 4,83161643439472
9632; 16; 0; 0; 0,509849697079769; 0,509849697079769; 5,7942810074111
9633; 3; 0; 0; 0,930264723703036; 0,930264723703036; 7,7008724123482
9671; 10; 0; 0; 0,417567133213218; 0,417567133213218; 3,67794115432204
9671; 2; 0; 0; 0,829075952149669; 0,829075952149669; 3,88583000692879
9726; 2; 0; 0; 0,807521294747888; 0,807521294747888; 10,0218369116401
9752; 16; 0; 0; 0,992943639419729; 0,992943639419729; 7,19602447675809
9756; 2; 0; 0; 0,995156036258348; 0,995156036258348; 3,4249288781748
9773; 10; 0; 0; 0,97186844836421; 0,97186844836421; 6,6318572507327
9787; 10; 0; 0; 0,965659871071064; 0,965659871071064; 5,88735730953734
9798; 2; 0; 0; 0,579754654873676; 0,579754654873676; 4,4139402423874
9802; 10; 0; 0; 0,999793166018813; 0,999793166018813; 11,4684201963883
9808; 2; 1; 0; 0,734006659147746; 0,265993340852254; 4,6119704518118
9826; 10; 0; 0; 0,967227580623244; 0,967227580623244; 5,96585540699783
9834; 2; 1; 0; 0,716057745133225; 0,283942254866775; 4,50128316096832
9842; 2; 1; 0; 0,726595314845835; 0,273404685154165; 4,57447475708163
9881; 13; 0; 0; 0,999758194548553; 0,999758194548553; 10,8654187304817
9913; 10; 0; 0; 0,777407127961952; 0,777407127961952; 5,12682706360041
9918; 11; 0; 0; 1; 1; 16,0185955059188
9923; 18; 5; 0; 0,21205791391388; 0,190172618170774; 5,16335595885457
9932; 2; 0; 0; 1; 1; 13,4257212024452
9948; 2; 0; 0; 1; 1; 4,02460965003339
9953; 2; 0; 0; 0,992057167736142; 0,992057167736142; 3,53308452695926
9976; 10; 0; 0; 0,720786432033927; 0,720786432033927; 4,25829833286898
10012; 11; 0; 0; 0,999476201223916; 0,999476201223916; 5,59288358699011
10038; 2; 0; 0; 0,856382048621726; 0,856382048621726; 7,16235107054033
10084; 2; 0; 0; 1; 1; 4,87440439890963
10091; 3; 0; 0; 0,673052471988454; 0,673052471988454; 4,39287441516383
10094; 2; 0; 0; 1; 1; 17,6654226347963
10109; 2; 0; 0; 1; 1; 8,51354461662515
10133; 2; 0; 0; 0,92958157239475; 0,92958157239475; 4,51348790787161
10163; 2; 1; 0; 0,844225350124512; 0,155774649875488; 10,5421563203657
10169; 16; 0; 0; 0,995283708314026; 0,995283708314026; 8,2491012294544
10199; 2; 0; 0; 0,999815909881267; 0,999815909881267; 10,7718590404233
10200; 10; 1; 0; 0,368918716923515; 0,366818322706726; 4,22079509480473
10209; 10; 0; 0; 0,99990944026053; 0,99990944026053; 12,0883348015984
10216; 3; 0; 0; 0,774649385905946; 0,774649385905946; 6,96101638095192
10227; 2; 1; 0; 0,932091215280928; 0,0679087847190719; 14,3552766915619
10233; 2; 0; 0; 1; 1; 8,66839001545654
10242; 2; 1; 0; 0,558755274096105; 0,441244725903895; 4,26257875091697
10248; 10; 0; 0; 0,99138164482923; 0,99138164482923; 6,2120609397103
10249; 3; 0; 0; 0,87109382513433; 0,87109382513433; 4,51784514857761
10254; 2; 0; 0; 1; 1; 18,8507533207409
10309; 10; 0; 0; 0,980037103571259; 0,980037103571259; 6,93794296999729
10312; 10; 0; 0; 0,999992999425458; 0,999992999425458; 15,9738709878265
10312; 10; 0; 0; 0,87212702779268; 0,87212702779268; 4,42529042435404
10313; 3; 0; 0; 0,768597455122316; 0,768597455122316; 6,96101638095192
10329; 16; 2; 0; 0,558859989281882; 0,0864343102474386; 3,58072334757107
10330; 2; 1; 0; 0,662219342032273; 0,337780657967727; 4,23052928662436
10363; 10; 0; 0; 0,997675594123444; 0,997675594123444; 9,72693816358342
10370; 13; 0; 0; 0,999568344674054; 0,999568344674054; 9,90670531308625
10371; 2; 0; 0; 0,940045447453588; 0,940045447453588; 5,94877716822835
10374; 11; 0; 0; 0,994243316791162; 0,994243316791162; 4,56561925468581
10378; 10; 0; 0; 0,533499091677512; 0,533499091677512; 3,93454169997241
10378; 10; 2; 0; 0,449474924036278; 0,284002376481184; 6,38066778432322
10384; 3; 0; 0; 0,676941107833173; 0,676941107833173; 4,39287441516383
10385; 18; 1; 0; 0,886647874315068; 0,0236005407911754; 7,81620078762147
10411; 10; 0; 0; 0,999950811094449; 0,999950811094449; 14,9089462553047
10414; 2; 1; 0; 0,657668084294593; 0,342331915705407; 3,65416871322465
10431; 16; 0; 0; 0,551587720540693; 0,551587720540693; 6,11033269872443
10432; 2; 0; 0; 0,967703709329779; 0,967703709329779; 3,16680339148068
10453; 10; 0; 0; 0,998102500559055; 0,998102500559055; 8,60459914470841
10456; 10; 3; 0; 0,346043427262996; 0,057572455527658; 5,41560084472343
10457; 2; 0; 0; 1; 1; 13,3064141087583
10466; 10; 0; 0; 0,996521503323992; 0,996521503323992; 7,84681381858144
10468; 16; 0; 0; 0,993120998957698; 0,993120998957698; 7,86542210250303
10478; 2; 0; 0; 0,822870164733538; 0,822870164733538; 8,94725907546423
10494; 10; 1; 0; 0,330097121784399; 0,329550238610602; 5,14194181828251
10518; 11; 0; 0; 1; 1; 15,9796673914003
10526; 3; 0; 0; 0,795853237709274; 0,795853237709274; 3,89469409360139
10527; 10; 0; 0; 0,960821080195448; 0,960821080195448; 8,63553809886202
10528; 2; 0; 0; 0,948275299517954; 0,948275299517954; 6,4586723540765
10556; 11; 0; 0; 0,996604536431135; 0,996604536431135; 4,75990092509797
10557; 3; 0; 0; 0,873403250221366; 0,873403250221366; 4,34408187363232
10575; 3; 0; 0; 0,856463850574146; 0,856463850574146; 9,23400132167091
10586; 10; 0; 0; 0,599545970722326; 0,599545970722326; 4,51160781596836
10618; 3; 0; 0; 0,714712287619917; 0,714712287619917; 4,71318817460286
10621; 2; 0; 0; 1; 1; 17,4006953729916
10628; 10; 0; 0; 0,692648034711818; 0,692648034711818; 4,76578290419193
10638; 2; 0; 0; 1; 1; 18,0842825914142
10652; 2; 0; 0; 0,945637112396025; 0,945637112396025; 6,77937795905711
10654; 10; 0; 0; 0,711750827245433; 0,711750827245433; 5,05030725668101
10661; 2; 0; 0; 0,945637112396025; 0,945637112396025; 6,77937795905711
10662; 4; 0; 0; 1; 1; 11,6043191171795
10664; 2; 0; 0; 0,986088121574507; 0,986088121574507; 6,08164099674503
10678; 10; 0; 0; 0,688101817651829; 0,688101817651829; 4,69959147496705
10678; 16; 0; 0; 0,842378754164335; 0,842378754164335; 4,83161643439472
10687; 10; 0; 0; 0,992911635279903; 0,992911635279903; 8,50879798207214
10734; 2; 0; 0; 0,961930932524878; 0,961930932524878; 3,08004165472779
10736; 10; 0; 0; 0,900949839313536; 0,900949839313536; 6,1521924763205
10757; 3; 0; 0; 0,942218872203047; 0,942218872203047; 9,96583488656825
10758; 10; 0; 0; 0,942366036290412; 0,942366036290412; 8,31570335445972
10760; 3; 0; 0; 0,937257266579561; 0,937257266579561; 9,68109674695202
10767; 10; 0; 0; 0,964586336727186; 0,964586336727186; 8,86278910146365
10777; 2; 1; 0; 0,922846853684778; 0,0771531463152221; 3,46735600618261
10791; 4; 0; 0; 0,812283278795649; 0,812283278795649; 3,93432404520761
10803; 10; 0; 0; 0,994831419379557; 0,994831419379557; 7,33506812335799
10849; 3; 0; 0; 0,949173052913429; 0,949173052913429; 6,2593290268584
10852; 3; 0; 0; 0,674499611395185; 0,674499611395185; 5,87618265924513
10858; 10; 0; 0; 0,963349801058454; 0,963349801058454; 8,90448911046388
10868; 2; 1; 0; 1; 0; 3,48839896699892
10872; 10; 5; 0; 0,423268327486453; 0,000836457808554789; 4,42451049405509
10876; 10; 0; 0; 0,437694559922438; 0,437694559922438; 5,95382736853765
10934; 16; 0; 0; 0,992943639419729; 0,992943639419729; 7,19602447675809
10953; 13; 0; 0; 0,999891042777068; 0,999891042777068; 12,029570737319
10975; 10; 4; 0; 0,292799519529699; 0; 3,68072115689201
10976; 10; 0; 0; 0,649100327273087; 0,649100327273087; 4,57257548915713
10984; 2; 1; 0; 1; 0; 3,78236517208309
11001; 10; 0; 0; 0,962650013517494; 0,962650013517494; 5,52394019166466
11020; 10; 0; 0; 0,713949096300779; 0,713949096300779; 8,08019428587252
11032; 2; 0; 0; 0,648257483873067; 0,648257483873067; 7,3931583774394
11036; 2; 0; 0; 0,654082122832423; 0,654082122832423; 5,56414050108091
11046; 10; 0; 0; 0,999760789032962; 0,999760789032962; 11,4727988596112
11093; 10; 1; 0; 0,328938428971947; 0,318493630667023; 3,10431730456539
11111; 10; 0; 0; 0,983694111752939; 0,983694111752939; 5,45449253242856
11138; 10; 0; 0; 0,703433331661691; 0,703433331661691; 4,83386551710896
11149; 11; 0; 0; 1; 1; 8,6044362876771
11158; 2; 0; 0; 1; 1; 6,26050390005194
11229; 13; 0; 0; 0,975465993063226; 0,975465993063226; 6,60447020872417
11251; 10; 0; 0; 0,999494121627216; 0,999494121627216; 9,80948262183693
11255; 13; 0; 0; 0,999960077523839; 0,999960077523839; 12,4751103942568
11295; 3; 0; 0; 0,947669365768781; 0,947669365768781; 13,0322456208969
11306; 2; 0; 0; 1; 1; 13,3064141087583
11307; 2; 0; 0; 0,989445357355988; 0,989445357355988; 3,25867019476825
11313; 10; 0; 0; 0,999812385558141; 0,999812385558141; 10,6533132267818
11317; 2; 1; 0; 1; 0; 1,99449681771566
11319; 16; 0; 0; 0,529715600300874; 0,529715600300874; 6,09690732153993
11323; 22; 0; 0; 0,947787059754488; 0,947787059754488; 6,51011092837453
11329; 3; 0; 0; 0,788227988986678; 0,788227988986678; 7,93800113617324
11352; 10; 0; 0; 0,337875155377765; 0,337875155377765; 3,82353147887882
11366; 10; 2; 0; 0,482034758636026; 0,354871727236261; 8,24818030656416
11373; 16; 0; 0; 0,864577479808851; 0,864577479808851; 4,76356549869902
11379; 16; 0; 0; 1; 1; 18,0809750318137
11396; 3; 0; 0; 0,949963731827152; 0,949963731827152; 4,00798405345804
11406; 3; 0; 0; 0,685033799153958; 0,685033799153958; 5,8008469841266
11412; 2; 0; 0; 0,899961157491743; 0,899961157491743; 4,40770303503087
11414; 2; 1; 0; 0,808380746184758; 0,191619253815242; 3,83222373868586
11453; 3; 0; 0; 0,844780999501496; 0,844780999501496; 8,7012704761899
11479; 13; 0; 0; 0,999830893272537; 0,999830893272537; 11,6147579532735
11522; 2; 1; 0; 0,647907064459936; 0,352092935540064; 3,21843851635404
11534; 18; 11; 0; 0,348143021530174; 0,0981512591436359; 4,60135803136019
11536; 2; 1; 0; 0,671389910836627; 0,328610089163373; 2,94317732745534
11552; 11; 0; 0; 1; 1; 10,6531115942669
11591; 11; 0; 0; 1; 1; 18,642945289967
11597; 2; 0; 0; 0,621438013409839; 0,621438013409839; 7,33381891431494
11600; 16; 0; 0; 0,999467523687758; 0,999467523687758; 11,2737716802543
11604; 10; 0; 0; 0,405425530520127; 0,405425530520127; 3,45276108364926
11604; 16; 1; 0; 0,416433659341825; 0,401472899017972; 3,41629444856192
11613; 14; 11; 0; 0,175156330786979; 0,0329928472810579; 2,989233447402
11621; 16; 0; 0; 0,998148833513187; 0,998148833513187; 9,14089595696298
11633; 20; 0; 0; 0,973484978753336; 0,973484978753336; 4,61249143438813
11634; 2; 0; 0; 1; 1; 16,157788560635
11672; 2; 0; 0; 1; 1; 13,5587559181142
11685; 16; 2; 0; 0,488990054733082; 0,444005948654249; 5,4357968890838
11697; 2; 1; 0; 0,810629394312267; 0,189370605687733; 3,83222373868586
11703; 2; 0; 0; 1; 1; 15,9799623320632
11712; 2; 0; 0; 1; 1; 17,4006953729916
11723; 2; 0; 0; 0,705693137682677; 0,705693137682677; 5,08453346929284
11724; 2; 0; 0; 0,811958075927533; 0,811958075927533; 6,60059804539991
11725; 16; 2; 0; 0,478764662165407; 0,430684203298008; 5,06933867184219
11749; 20; 0; 0; 0,985679216828004; 0,985679216828004; 5,44607422373538
11767; 16; 0; 0; 0,991991998475463; 0,991991998475463; 7,35245979147022
11806; 10; 0; 0; 0,675293693073789; 0,675293693073789; 2,76430439178097
11820; 4; 0; 0; 0,672054145545428; 0,672054145545428; 3,5315979618399
11837; 2; 0; 0; 0,999817468130035; 0,999817468130035; 7,0523248560494
11841; 16; 0; 0; 0,630959314218254; 0,630959314218254; 3,50406492864607
11856; 2; 0; 0; 0,99069253561921; 0,99069253561921; 6,46311542425401
11879; 2; 0; 0; 1; 1; 13,9824670405553
11888; 16; 0; 0; 0,995580054791469; 0,995580054791469; 8,2491012294544
11897; 11; 0; 0; 1; 1; 15,4662301436458
11910; 2; 0; 0; 0,992425294055164; 0,992425294055164; 6,65320705437913
11929; 16; 0; 0; 0,587984931269863; 0,587984931269863; 6,05528465639358
11942; 2; 0; 0; 1; 1; 8,50483548686302
11953; 2; 1; 0; 1; 0; 3,67902186137044
11967; 2; 0; 0; 1; 1; 18,8507533207409
11980; 2; 0; 0; 1; 1; 17,4006953729916
11987; 4; 0; 0; 1; 1; 16,8262627199102
12014; 2; 0; 0; 1; 1; 5,93100369478605
12097; 2; 1; 0; 0,667185566121337; 0,332814433878663; 3,09974311535608
12160; 16; 0; 0; 0,878026842202715; 0,878026842202715; 8,09803128746611
12181; 10; 2; 0; 0,400600211096759; 0,209250616268705; 3,1458529810685
12195; 10; 0; 0; 0,999626478083028; 0,999626478083028; 10,4938651303372
12220; 13; 2; 0; 0,437286665015452; 0,26404845663232; 3,50862479838471
12226; 11; 0; 0; 0,996806842707176; 0,996806842707176; 4,14287673110379
12228; 2; 0; 0; 1; 1; 15,0806026565927
12236; 4; 0; 0; 0,998368534001158; 0,998368534001158; 6,69422300229355
12236; 2; 0; 0; 1; 1; 14,1380649905556
12242; 10; 4; 0; 0,321318729457167; 0,00852231650908005; 2,41693275855448
12248; 3; 0; 0; 0,936611284077922; 0,936611284077922; 6,58593643952375
12251; 2; 0; 0; 1; 1; 17,4006953729916
12255; 16; 0; 0; 0,688727640748745; 0,688727640748745; 6,92924326659471
12273; 2; 0; 0; 0,976072351781336; 0,976072351781336; 5,22394433781437
12274; 2; 0; 0; 0,888542818788578; 0,888542818788578; 2,20817782934954
12292; 2; 1; 0; 0,535655519041631; 0,464344480958369; 4,16872134003255
12345; 2; 1; 0; 1; 0; 0,852251215035606
12345; 16; 0; 0; 0,998919379243056; 0,998919379243056; 13,5285260163052
12360; 2; 0; 0; 1; 1; 16,157788560635
12365; 10; 0; 0; 0,987758790916399; 0,987758790916399; 5,96357850212189
12372; 10; 2; 0; 0,435701765829968; 0,0587494139889132; 3,77075733340718
12383; 3; 0; 0; 0,864401062558208; 0,864401062558208; 5,64730643572201
12383; 16; 0; 0; 0,998582267740868; 0,998582267740868; 13,0081980926012
12393; 2; 0; 0; 1; 1; 20,3381338771713
12400; 4; 0; 0; 0,99992688720901; 0,99992688720901; 10,4305335152016
12400; 2; 0; 0; 1; 1; 16,157788560635
12407; 16; 0; 0; 0,668420792585569; 0,668420792585569; 4,57044797848149
12431; 10; 2; 0; 0,340541519736201; 0,141122879702266; 3,5629203150304
12434; 22; 0; 0; 0,985045936868537; 0,985045936868537; 9,53593713452044
12435; 10; 0; 0; 0,991117399395616; 0,991117399395616; 7,27800323555643
12437; 16; 0; 0; 0,529340469013059; 0,529340469013059; 5,84466605964945
12464; 3; 2; 0; 0,568997205669218; 0,0855415822965774; 2,73256763018807
12464; 16; 0; 0; 0,97427095833375; 0,97427095833375; 7,04610730015896
12489; 10; 0; 0; 0,815101102473117; 0,815101102473117; 5,43658073017468
12535; 16; 0; 0; 0,953140358681444; 0,953140358681444; 12,1938146430799
12544; 2; 0; 0; 1; 1; 14,1380649905556
12568; 2; 0; 0; 0,96585374285643; 0,96585374285643; 5,03737489717814
12574; 16; 0; 0; 0,962256233110497; 0,962256233110497; 12,1938146430799
12583; 11; 0; 0; 0,963154828697054; 0,963154828697054; 3,49555224186882
12593; 16; 0; 0; 0,876224214004773; 0,876224214004773; 7,81554182394985
12616; 16; 0; 0; 0,967406308349516; 0,967406308349516; 5,63688584012717
12618; 10; 0; 0; 0,985833839519635; 0,985833839519635; 8,35622593712034
12629; 4; 0; 0; 0,999005856841256; 0,999005856841256; 6,79565062354042
12633; 10; 0; 0; 0,995386328219748; 0,995386328219748; 7,45447312765236
12636; 10; 3; 0; 0,372085357626006; 0,0942911535454267; 2,84993092690979
12639; 13; 0; 0; 0,878391930970487; 0,878391930970487; 4,88156493688308
12670; 10; 2; 0; 0,81713884174578; 0,0783295408701935; 3,79190084541595
12726; 2; 1; 0; 1; 0; 2,9659074917656
12745; 3; 0; 0; 0,725777529190602; 0,725777529190602; 7,80113904761853
12762; 2; 1; 0; 0,991063398207051; 0,00893660179294909; 2,56572577487333
12780; 10; 0; 0; 0,999801805527365; 0,999801805527365; 15,4230478503152
12780; 10; 2; 0; 0,246716490830459; 0,241940628817322; 3,80244436982236
12793; 10; 0; 0; 0,649206653869997; 0,649206653869997; 4,61979638078463
12794; 11; 2; 0; 0,333951280074489; 0,185798183209855; 3,8636176407303
12809; 18; 5; 0; 0,21922407526631; 0,130968180547619; 3,75526965215333
12846; 10; 3; 0; 0,273058539273944; 0,0413253265857578; 4,43139455073183
12867; 2; 0; 0; 1; 1; 17,4006953729916
12896; 4; 0; 0; 0,999398942748226; 0,999398942748226; 7,73298174402876
12901; 11; 0; 0; 1; 1; 14,9143562319736
12916; 2; 0; 0; 1; 1; 3,73384365645819
12950; 2; 0; 0; 0,994399024746734; 0,994399024746734; 7,80031171892725
12953; 3; 2; 0; 0,841101048134382; 0,0759344484840598; 2,66573617790247
12957; 3; 0; 0; 0,943786728934661; 0,943786728934661; 4,83331843014372
12963; 10; 0; 0; 0,404208011409426; 0,404208011409426; 3,12264014627109
12963; 2; 1; 0; 0,607539514077338; 0,392460485922662; 2,54664565425842
12991; 10; 4; 0; 0,40232951636843; 0,120652933541058; 2,77352939506252
12993; 2; 1; 0; 0,999868118996852; 0,000131881003148232; 1,9047252362619
13018; 10; 1; 0; 0,331284703642694; 0,318323820041609; 5,0276764445429
13055; 2; 0; 0; 0,992394879814712; 0,992394879814712; 7,54030132829634
13058; 2; 0; 0; 0,999324992746544; 0,999324992746544; 18,8507533207409
13070; 2; 0; 0; 0,997417389850223; 0,997417389850223; 11,3104519924445
13097; 10; 0; 0; 0,385668357636532; 0,385668357636532; 5,65613600011077
13098; 10; 0; 0; 0,725194897153035; 0,725194897153035; 6,0682159613625
13108; 16; 2; 0; 0,493950583608895; 0,43451462843786; 5,37108502135661
13112; 18; 0; 0; 0,770236113988657; 0,770236113988657; 1,03056039543621
13121; 3; 0; 0; 0,72741361109896; 0,72741361109896; 8,22665572294318
13154; 4; 0; 0; 0,998536732417163; 0,998536732417163; 7,2340796960269
13154; 2; 0; 0; 1; 1; 16,157788560635
13167; 2; 0; 0; 0,997668166924359; 0,997668166924359; 7,54030132829634
13179; 3; 0; 0; 0,866280506665078; 0,866280506665078; 5,84204114040208
13216; 2; 1; 0; 0,832870865260608; 0,167129134739392; 12,7301510283662
13218; 10; 0; 0; 0,99968332923076; 0,99968332923076; 14,4280125051336
13221; 4; 0; 0; 0,997766833343046; 0,997766833343046; 6,22934640491205
13237; 10; 4; 0; 0,364633874369754; 0,0627180915395429; 2,56341353180021
13298; 22; 0; 0; 0,992330338616361; 0,992330338616361; 9,95664024339634
13312; 3; 0; 0; 0,57989714850185; 0,57989714850185; 6,34748859061697
13325; 10; 0; 0; 0,845323401374225; 0,845323401374225; 7,33506812335799
13326; 2; 0; 0; 1; 1; 18,6432893874071
13334; 4; 0; 0; 0,999005856841256; 0,999005856841256; 6,79565062354042
13360; 10; 0; 0; 0,994470542317824; 0,994470542317824; 6,88105211783295
13395; 10; 0; 0; 0,993474511790613; 0,993474511790613; 9,60077022562763
13405; 2; 1; 0; 1; 0; 5,34334127484755
13422; 3; 0; 0; 0,558295314879983; 0,558295314879983; 5,85287909004941
13464; 10; 6; 0; 0,267900635564833; 0; 1,27451049295961
13503; 16; 0; 0; 0,981363204354498; 0,981363204354498; 8,67213206173411
13513; 11; 0; 0; 0,999424817022446; 0,999424817022446; 4,97145207732455
13514; 10; 9; 0; 0,189985588226799; 0; 1,45964800002858
13515; 16; 2; 0; 0,31254429488513; 0; 2,60792567510957
13532; 2; 0; 0; 0,989034894501198; 0,989034894501198; 9,09977400780567
13540; 10; 0; 0; 0,432833922240019; 0,432833922240019; 2,69796108637822
13571; 4; 0; 0; 0,843728916508349; 0,843728916508349; 6,31708367822067
13572; 2; 0; 0; 0,999577851879027; 0,999577851879027; 18,8507533207409
13586; 2; 0; 0; 0,705263413367794; 0,705263413367794; 4,86264080188273
13588; 10; 4; 0; 0,363298816886212; 0,074730313865281; 2,45196076954802
13603; 10; 4; 0; 0,379243241662908; 0,0876323012979307; 2,72879504998087
13614; 2; 1; 0; 0,776175977988343; 0,223824022011657; 4,30676327086986
13625; 2; 0; 0; 0,99733017157054; 0,99733017157054; 11,9057389394153
13633; 2; 1; 0; 0,776271947841246; 0,223728052158754; 4,30676327086986
13644; 2; 1; 0; 1; 0; 2,36231930045891
13684; 18; 1; 0; 0,367128389620885; 0,288857141373549; 4,03868263076352
13685; 13; 0; 0; 0,999990618474115; 0,999990618474115; 15,3103627565878
13689; 2; 0; 0; 0,713673872681286; 0,713673872681286; 6,00197860089311
13693; 2; 0; 0; 0,641725145611489; 0,641725145611489; 3,04565054597122
13707; 2; 0; 0; 0,999123447188294; 0,999123447188294; 17,4006953729916
13717; 10; 0; 0; 1; 1; 17,2026302945824
13720; 3; 0; 0; 0,729104240068283; 0,729104240068283; 10,0548014391528
13723; 4; 0; 0; 1; 1; 6,73050508796409
13728; 4; 0; 0; 0,935433890514901; 0,935433890514901; 7,47521568589446
13737; 20; 0; 0; 0,99048225128391; 0,99048225128391; 9,82661218630514
13746; 18; 1; 0; 0,51052974024714; 0,288429471042583; 7,23054470991534
13747; 2; 0; 0; 0,769125855550479; 0,769125855550479; 9,39547210466256
13762; 20; 0; 0; 0,991581292686509; 0,991581292686509; 10,0449813460008
13797; 2; 1; 0; 0,99786390232288; 0,00213609767712; 2,29344467223372
13803; 3; 0; 0; 0,883198050231351; 0,883198050231351; 7,05913304465251
13846; 11; 0; 0; 1; 1; 14,016271067679
13848; 3; 0; 0; 0,711220623321093; 0,711220623321093; 7,41747647150615
13894; 2; 0; 0; 0,615585988100188; 0,615585988100188; 7,45731575496282
13927; 3; 0; 0; 0,717564245747098; 0,717564245747098; 7,54110107936458
13947; 3; 0; 0; 0,519023335425751; 0,519023335425751; 4,4798620273453
13951; 10; 2; 0; 0,449387501655528; 0,0850335516883444; 2,63076093028408
13984; 10; 0; 0; 0,91315789549008; 0,91315789549008; 5,6616251602423
13985; 16; 0; 0; 0,999652073017095; 0,999652073017095; 18,8343489914726
14022; 2; 0; 0; 0,998143056699868; 0,998143056699868; 5,68886491629034
14032; 10; 0; 0; 0,396667146878635; 0,396667146878635; 6,35445256331356
14059; 16; 0; 0; 0,997484424317536; 0,997484424317536; 12,5562326609817
14073; 19; 11; 0; 0,325081414652067; 0,293177439258107; 7,03895518087587
14110; 2; 1; 0; 0,620322034496409; 0,379677965503591; 5,1966329285673
14143; 3; 0; 0; 0,947015230521179; 0,947015230521179; 19,9316697731365
14185; 3; 0; 0; 0,983241451924385; 0,983241451924385; 6,42140877147666
14201; 2; 1; 0; 0,65667085202073; 0,34332914797927; 7,3072778587148
14219; 2; 0; 0; 1; 1; 18,6468350033961
14222; 3; 0; 0; 0,575011637584342; 0,575011637584342; 6,43816699905435
14225; 3; 0; 0; 0,684669154861627; 0,684669154861627; 4,28909349548507
14231; 3; 0; 0; 0,684256448390893; 0,684256448390893; 4,1321754407722
14269; 2; 0; 0; 1; 1; 17,6654226347963
14287; 20; 0; 0; 0,982701094991975; 0,982701094991975; 8,37081778833401
14330; 20; 0; 0; 0,988596939946222; 0,988596939946222; 9,22498286877626
14332; 16; 2; 0; 0,552638941486143; 0,442196507826894; 9,59938599561607
14333; 2; 1; 0; 0,549654285914323; 0,450345714085677; 4,71788854408208
14357; 16; 0; 0; 0,955859247483618; 0,955859247483618; 6,84885417871731
14370; 2; 0; 0; 0,653888135813149; 0,653888135813149; 7,92071765447989
14371; 13; 0; 0; 0,800629328442301; 0,800629328442301; 12,028241817528
14379; 11; 0; 0; 0,999999424738989; 0,999999424738989; 9,32147264498352
14385; 10; 0; 0; 0,9470929263314; 0,9470929263314; 6,29955475576256
14391; 2; 0; 0; 1; 1; 11,4399286913185
14427; 16; 0; 0; 0,999179274928218; 0,999179274928218; 14,0922146003179
14428; 2; 0; 0; 0,997768442519434; 0,997768442519434; 11,3104519924445
14431; 16; 0; 0; 0,990424399120442; 0,990424399120442; 9,6175399105392
14444; 3; 0; 0; 0,637077365027825; 0,637077365027825; 10,5224666223692
14457; 2; 0; 0; 1; 1; 16,7821515030565
14461; 10; 0; 0; 0,370666808924988; 0,370666808924988; 6,0682159613625
14468; 10; 0; 0; 0,996600172528682; 0,996600172528682; 8,67722762404409
14501; 2; 0; 0; 0,532021755483777; 0,532021755483777; 5,56330638314119
14524; 3; 0; 0; 0,66506273905419; 0,66506273905419; 10,283319653679
14545; 2; 0; 0; 0,998428753583982; 0,998428753583982; 12,5671688804939
14570; 16; 0; 0; 0,820979589437175; 0,820979589437175; 12,9257037857632
14571; 10; 0; 0; 0,999532333574439; 0,999532333574439; 13,5587622886314
14576; 10; 0; 0; 0,994202709596834; 0,994202709596834; 13,5348234479051
14586; 10; 0; 0; 0,993681208704683; 0,993681208704683; 13,0142533152934
14591; 4; 0; 0; 1; 1; 11,2175084799401
14625; 10; 0; 0; 0,510963658890599; 0,510963658890599; 7,01637470532539
14649; 16; 0; 0; 0,999705135021463; 0,999705135021463; 14,7049195829404
14650; 2; 0; 0; 1; 1; 11,7538747600823
14665; 2; 0; 0; 0,789439302957567; 0,789439302957567; 11,0270015801306
14674; 16; 0; 0; 0,998413575455108; 0,998413575455108; 14,5814314772691
14677; 2; 0; 0; 0,947471691665327; 0,947471691665327; 7,42349984847305
14682; 3; 0; 0; 0,94071436078848; 0,94071436078848; 14,7321037453618
14702; 2; 0; 0; 0,532357266772071; 0,532357266772071; 5,50876416369863
14719; 2; 1; 0; 0,80920247668852; 0,19079752331148; 5,70560170026094
14724; 4; 0; 0; 0,981436200185437; 0,981436200185437; 12,4586928098241
14724; 10; 0; 0; 0,999906134425763; 0,999906134425763; 17,3552384847884
14762; 4; 2; 0; 0,822868324229197; 0,137833804399419; 6,41695392534473
14783; 2; 0; 0; 1; 1; 19,7437076506547
14795; 10; 2; 0; 0,325877244984823; 0,281371466456016; 6,38066778432322
14811; 3; 0; 0; 0,598929900549899; 0,598929900549899; 6,93341061436622
14811; 2; 0; 0; 1; 1; 14,0139126468652
14827; 16; 0; 0; 0,543233713749258; 0,543233713749258; 16,1132550640698
14829; 4; 0; 0; 0,842559591683869; 0,842559591683869; 10,9393400281382
14838; 16; 0; 0; 0,805633597727622; 0,805633597727622; 7,41023566877611
14845; 16; 0; 0; 0,927139235982724; 0,927139235982724; 8,21862501446077
14852; 10; 0; 0; 0,86939634061621; 0,86939634061621; 5,96585540699783
14852; 2; 0; 0; 1; 1; 9,39075585007791
14854; 16; 0; 0; 0,860557934678432; 0,860557934678432; 10,1838878312074
14858; 22; 0; 0; 0,928371205491284; 0,928371205491284; 9,53593713452044
14862; 4; 0; 0; 0,819131489640133; 0,819131489640133; 10,1934759353106
14867; 2; 0; 0; 0,856874968548193; 0,856874968548193; 6,01008374404987
14872; 2; 0; 0; 1; 1; 13,9851262525471
14921; 2; 0; 0; 1; 1; 17,4006953729916
14971; 22; 0; 0; 0,532199189851523; 0,532199189851523; 6,63776016226422
14972; 16; 2; 0; 0,41314398537098; 0,191009691734734; 5,63963927242444
14973; 4; 0; 0; 0,948485535995455; 0,948485535995455; 13,5913012470808
14998; 2; 0; 0; 1; 1; 15,9830014314824
15004; 10; 0; 0; 0,970743659997507; 0,970743659997507; 7,91642457200875
15019; 2; 0; 0; 1; 1; 12,2649127931294
15037; 2; 0; 0; 0,524095349632571; 0,524095349632571; 11,259707569005
15050; 2; 1; 0; 0,652769217853368; 0,347230782146632; 11,0325567670792
15057; 3; 0; 0; 0,953385510139743; 0,953385510139743; 16,13516124492
15060; 2; 0; 0; 0,530682990858707; 0,530682990858707; 11,259707569005
15083; 2; 0; 0; 1; 1; 14,1380649905556
15086; 11; 0; 0; 0,820923890682945; 0,820923890682945; 8,00320797008419
15095; 22; 0; 0; 0,930350334415406; 0,930350334415406; 9,27467858288974
15107; 11; 0; 0; 1; 1; 13,1597260870356
15111; 2; 0; 0; 1; 1; 16,3950297368435
15148; 3; 1; 0; 0,377930065238347; 0,275244737744801; 7,4219269684858
15165; 10; 0; 0; 0,999962263917344; 0,999962263917344; 15,0412066868166
15185; 16; 0; 0; 0,999957997357167; 0,999957997357167; 15,3733250185286
15213; 3; 2; 0; 0,767610939816216; 0; 6,49048808532775
15216; 16; 0; 0; 0,999987687484273; 0,999987687484273; 16,1053881146491
15236; 10; 0; 0; 0,999691478617858; 0,999691478617858; 14,9089462553047
15254; 2; 0; 0; 0,961206550459616; 0,961206550459616; 7,72857518471167
15261; 11; 0; 0; 0,998116321703502; 0,998116321703502; 13,7197850915729
15267; 16; 0; 0; 0,648300493065887; 0,648300493065887; 14,553907799805
15271; 3; 0; 0; 0,422406620726298; 0,422406620726298; 9,72956468006221
15272; 3; 0; 0; 0,512733010324308; 0,512733010324308; 7,18200102796627
15283; 11; 0; 0; 0,677799021379357; 0,677799021379357; 14,6917914842371
15284; 22; 0; 0; 0,998213759447207; 0,998213759447207; 13,8173782969582
15286; 2; 1; 0; 0,574114101615901; 0,425885898384099; 12,5035643360231
15295; 3; 0; 0; 0,938517665332501; 0,938517665332501; 14,118266089305
15299; 22; 0; 0; 0,937538993758711; 0,937538993758711; 9,67216480787073
15301; 2; 0; 0; 1; 1; 15,0806026565927
15302; 16; 0; 0; 0,626102222344489; 0,626102222344489; 14,0990981810611
15311; 2; 1; 0; 0,536020789377215; 0,463979210622785; 8,5222911472252
15325; 19; 11; 0; 0,200578743167021; 0; 5,2792163856569
15339; 13; 0; 0; 0,999928076043897; 0,999928076043897; 14,6446948106492
15374; 16; 0; 0; 0,921557162163166; 0,921557162163166; 8,07186385348826
15393; 10; 1; 0; 0,304064035157137; 0,275586723576899; 6,39148971499001
15406; 2; 0; 0; 1; 1; 12,5671688804939
15419; 3; 0; 0; 0,956200049472614; 0,956200049472614; 16,13516124492
15436; 19; 5; 0; 0,205955453702081; 0; 5,23829222762855
15458; 4; 0; 0; 0,935678403988335; 0,935678403988335; 13,1915570927549
15458; 10; 0; 0; 0,999947903927498; 0,999947903927498; 15,0412066868166
15462; 4; 0; 0; 0,765766562988178; 0,765766562988178; 11,500331824453
15466; 2; 0; 0; 1; 1; 15,256501366415
15468; 2; 0; 0; 1; 1; 14,5931752200491
15472; 2; 0; 0; 0,971073408649918; 0,971073408649918; 5,32766714382746
15484; 2; 1; 0; 0,816299791810299; 0,183700208189701; 5,91467310207642
15485; 22; 0; 0; 0,969284339004816; 0,969284339004816; 10,4161774853992
15507; 3; 1; 0; 0,764334475176955; 0,158387156844354; 7,51119483223008
15522; 2; 0; 0; 0,911337428114574; 0,911337428114574; 7,32709075953184
15523; 3; 0; 0; 0,650809036333161; 0,650809036333161; 4,87928493464457
15530; 2; 1; 0; 0,546302203588184; 0,453697796411816; 12,7877362527509
15531; 2; 0; 0; 0,532306176377592; 0,532306176377592; 8,97681334174388
15546; 16; 0; 0; 0,999987577428804; 0,999987577428804; 16,1053881146491
15549; 2; 0; 0; 0,500297044431256; 0,500297044431256; 13,0851254679312
15562; 22; 0; 0; 0,928314582077752; 0,928314582077752; 9,40349356320765
15587; 10; 0; 0; 0,391741729115139; 0,391741729115139; 6,88314276998924
15620; 3; 0; 0; 0,974227200526425; 0,974227200526425; 17,8335992707011
15622; 2; 0; 0; 0,941306892356467; 0,941306892356467; 8,05892982845749
15627; 11; 0; 0; 1; 1; 15,9796673914003
15630; 2; 0; 0; 0,70239719246403; 0,70239719246403; 7,25575208759062
15641; 2; 1; 0; 0,617712653307374; 0,382287346692626; 12,2317477200226
15650; 13; 0; 0; 0,999894121604612; 0,999894121604612; 14,0344991935389
15656; 11; 0; 0; 1; 1; 18,642945289967
15703; 2; 0; 0; 1; 1; 17,4006953729916
15709; 10; 0; 0; 0,964025112073763; 0,964025112073763; 17,2078569249731
15725; 2; 0; 0; 0,566782733743392; 0,566782733743392; 5,6182843965829
15726; 10; 0; 0; 0,92893697011028; 0,92893697011028; 8,35888191266874
15740; 2; 1; 0; 0,64627698338867; 0,35372301661133; 11,9714977685328
15750; 10; 0; 0; 0,993949775815882; 0,993949775815882; 15,3804811908012
15754; 13; 0; 0; 0,998602208280268; 0,998602208280268; 12,029570737319
15775; 2; 1; 0; 0,552338069334669; 0,447661930665331; 12,5035643360231
15775; 13; 0; 0; 0,999376236456178; 0,999376236456178; 12,4751103942568
15798; 2; 0; 0; 1; 1; 14,5405251872174
15810; 2; 0; 0; 1; 1; 15,256501366415
15818; 3; 2; 0; 0,594764278879376; 0,309914894097298; 7,34169963750188
15830; 10; 0; 0; 0,999996881867294; 0,999996881867294; 17,3552384847884
15834; 2; 0; 0; 0,985436107834453; 0,985436107834453; 18,8377943660565
15863; 10; 0; 0; 0,936753869270309; 0,936753869270309; 7,58082012981596
15875; 16; 2; 0; 0,401385762293103; 0,16480420131042; 5,57001409622167
15900; 4; 0; 0; 0,96147779898813; 0,96147779898813; 14,4681593920538
15912; 2; 0; 0; 0,552938170019117; 0,552938170019117; 8,63155129013834
15961; 2; 0; 0; 0,995375643597176; 0,995375643597176; 10,2282144036166
