
Scenario Summaries

Total of vehicles entered: 6074
Total of vehicles detected: 6074

SECTIONS
Total inferences: 1141
FPR:  940
FPR2: 940
ER:   948,392358355004
CR:   292,77019354914
FPR RATIO:   0,823838737949167
FPR2 RATIO:   0,823838737949167

TRIPS
Total inferences: 1093
FPR:  915
FPR2: 929
ER:   901,468949632672
CR:   272,328319034766
FPR RATIO:   0,837145471180238
FPR2 RATIO:   0,849954254345837

FLOWS
Link	Tail	Head	RealAll	EstAll	RealInfer	EstInfer	ReInf1	Estinf1	ReInf2	Estinf2	ReInf3	Estinf3
0	509	519	505	425,685399987918	85	97,6853999879181	25	29,807347377168	49	54,1965545027306	11	13,6814981080196
1	509	539	335	262,314600012082	74	61,3146000120818	14	9,19265262283195	46	40,8034454972695	14	11,3185018919804
2	519	534	616	594,105205948065	99	106,105205948066	14	18,2238493439161	72	72,5776658399587	13	15,3036907641909
3	519	906	327	263,646292921685	86	98,6462929216847	28	28,9895988514954	43	54,0350592520533	15	15,6216348181359
4	529	519	150	152,066098881832	45	52,0660988818322	15	15,4061008182434	19	25,4161705892815	11	11,2438274743073
5	529	539	84	94,3697461927261	31	46,369746192726	7	9,95960743611342	18	28,9343310471421	6	7,47580770947043
6	534	529	597	595,335701956246	160	178,335701956246	44	46,6976630831544	89	101,420548407866	27	30,2174904652255
7	534	922	225	214,678062220295	73	62,678062220295	11	11,7317942898002	48	39,2871513775814	14	11,6591165529134
8	534	1067	0	20,018485093169	0	20,018485093169	0	4,2786195418497	0	10,813693619708	0	4,92617193161138
9	534	1100	97	94,6955511446381	18	17,695551144638	5	4,38210022086601	10	9,97009020771654	3	3,34336071605548
10	534	1201	106	95,5012421657171	22	15,5012421657171	8	8,01747426269339	13	6,13187295919486	1	1,35189494382882
11	534	1114	51	73,4525817185541	9	33,4525817185542	4	10,2061533243391	4	17,8959348005784	1	5,35049359363669
12	539	529	108	83,0987388701507	0	2,09873887015071	0	0,0813764541279517	0	1,85313447892605	0	0,1642279370967
13	539	922	203	204,044951648396	50	59,0449516483964	6	6,70844525109839	35	42,3591819119373	9	9,97732448536075
14	539	1067	0	1,66735337608122	0	1,66735337608122	0	0,509404594529236	0	0,924585922278627	0	0,233362859273355
15	539	1100	60	48,8955514128492	2	3,89555141284924	0	0,483410328644355	1	2,01533101763202	1	1,39681006657286
16	539	1201	30	21,3871515729746	0	4,38715157297464	0	0,726278017874704	0	3,33609757298558	0	0,324775982114363
17	539	1114	251	203,590599324356	69	52,5905993243556	17	12,6433454126707	39	30,249445640652	13	9,6978082710328
18	539	1114	0	0	0	0	0	0	0	0	0	0
19	906	913	304	246,944765495749	97	89,9447654957489	30	25,8049979262056	53	53,0395255164256	14	11,1002420531178
20	906	946	172	180,486598104925	22	45,4865981049256	8	13,6698493184533	12	25,1466740749775	2	6,67007471149481
21	913	943	122	122,56737655312	58	64,5673765531198	13	14,7069007309274	31	35,36263084849	14	14,4978449737024
22	913	1067	162	163,826877368058	42	54,826877368058	10	8,99477506765485	26	38,7717727438615	6	7,06032955654163
23	913	1100	454	403,982403259902	157	135,982403259902	31	28,6229103454784	97	82,0834081918783	29	25,2760847225453
24	922	913	580	572,658347935152	195	198,658347935153	36	36,9725896613923	118	119,991597557589	41	41,6941607161721
25	922	946	574	556,199694550185	263	269,199694550185	74	75,8283880687408	140	141,687922712713	49	51,683383768731
26	943	913	131	116,773543750178	23	24,7735437501778	1	2,54699855646275	19	19,1866887102156	3	3,03985648349945
27	943	946	354	336,675196374432	93	105,675196374433	30	32,0769663847561	43	51,2581690843451	20	22,3400609053312
28	946	906	243	246,78507067899	129	132,78507067899	39	39,4852483931635	65	67,1511403393499	25	26,1486819464767
29	946	534	659	677,576418350553	212	250,576418350553	68	77,0899553787868	108	128,941625532686	36	44,5448374390803
30	1067	922	665	636,933790396514	302	303,933790396514	94	86,9979588773101	154	154,239089985797	54	62,6967415334065
31	1067	1100	19	33,9293995074399	0	28,9293995074399	0	3,41444120866599	0	22,2443172347932	0	3,2706410639807
32	1067	1201	86	83,2685260839761	33	37,2685260839762	10	12,9807211673324	17	17,0750435516157	6	7,21276136502806
33	1067	529	172	175,31667980422	45	54,31667980422	5	7,63347371064725	31	36,9928469514709	9	9,69035914210192
34	1067	1114	58	46,1053924779378	21	21,1053924779378	5	4,3994156273132	13	11,0475871577066	3	5,65838969291805
35	1075	943	261	232,881363571491	69	76,8813635714904	23	24,9170642102915	35	39,0822269460708	11	12,8820724151282
36	1075	1067	391	307,84636298693	88	72,8463629869304	16	12,8029577583877	59	49,5672487618277	13	10,4761564667151
37	1075	1100	110	113,575898311782	4	24,5758983117815	0	7,54331923149897	4	11,601561574319	0	5,43101750596354
38	1100	1075	164	161,507824009101	42	50,5078240091006	8	9,40475212982862	25	28,6400880572176	9	12,4629838220543
39	1100	1176	198	223,523768743525	87	115,523768743525	18	26,6569051101333	57	71,4103320617771	12	17,4565315716152
40	1114	1133	514	452,531161093906	141	145,531161093905	39	39,6302770225646	71	73,7211550018907	31	32,1797290694502
41	1133	1067	222	239,659326422799	88	114,659326422799	21	27,3026512686859	48	56,1610350172361	19	31,1956401368773
42	1133	1100	199	182,390086327467	40	45,390086327467	10	10,5788127056437	22	24,8662235158847	8	9,9450501059385
43	1133	1201	35	24,5476711658526	9	3,54767116585261	4	0,776196723874361	3	2,39977484843788	2	0,371699593540369
44	1133	529	158	137,684724443942	62	54,6847244439416	22	19,9531950064272	25	21,0839717981609	15	13,6475576393536
45	1133	922	155	167,201238220133	49	58,2012382201327	6	14,3627793119244	25	29,7940969949858	18	14,0443619132226
46	1133	1114	53	49,382587573058	13	9,38258757305801	4	3,38136265824158	3	2,52818740295375	6	3,47303751186267
47	1176	1067	376	343,535383023049	181	179,53538302305	64	58,5376023601617	85	89,3605488164719	32	31,6372318464164
48	1176	1100	162	145,562702788549	12	13,5627027885485	1	2,03666319916447	9	8,26948837677089	2	3,25655121261312
49	1176	1201	264	245,629882070825	46	69,6298820708253	20	28,2240504804576	14	25,1693456435345	12	16,2364859468331
50	1189	1075	328	294,795800861102	64	68,7958008611018	23	27,8585890703495	31	30,6109492249998	10	10,3262625657525
51	1189	1176	365	316,204199138898	108	103,204199138898	47	42,1414109296505	42	42,3890507750002	19	18,6737374342475
52	1201	1133	486	448,334473059346	106	126,334473059346	28	36,7247206522325	48	56,1121345757685	30	33,4976178313447
Thanks for chose TyggerSoftware Inc. 2017
