MAC; alternativas; MasProb; Elección; MaxProb; ElecProb; %linkOK; %linkNO; %DistOK; %DistNO
21; 2; 0; 0; 0,968418018810822; 0,968418018810822; 1; 0; 1; 0
32; 10; 0; 0; 0,9998882854139; 0,9998882854139; 1; 0; 1; 0
54; 20; 0; 0; 0,88491098563214; 0,88491098563214; 1; 0; 1; 0
68; 3; 0; 0; 0,608284638905531; 0,608284638905531; 1; 0; 1; 0
69; 2; 0; 0; 1; 1; 1; 0; 1; 0
77; 16; 2; 0; 0,389935328041604; 0,11780492720979; 1; 0; 1; 0
89; 11; 0; 0; 1; 1; 1; 0; 1; 0
92; 10; 0; 0; 0,484319363711423; 0,484319363711423; 1; 0; 1; 0
108; 10; 0; 0; 0,908086124757672; 0,908086124757672; 1; 0; 1; 0
113; 10; 0; 0; 0,999935580880435; 0,999935580880435; 1; 0; 1; 0
148; 10; 0; 0; 0,998673148504381; 0,998673148504381; 1; 0; 1; 0
158; 10; 0; 0; 0,986377029196992; 0,986377029196992; 1; 0; 1; 0
164; 10; 0; 0; 0,753716862190366; 0,753716862190366; 1; 0; 1; 0
172; 2; 0; 0; 0,999910702997158; 0,999910702997158; 1; 0; 1; 0
191; 10; 0; 0; 0,717944871068081; 0,717944871068081; 1; 0; 1; 0
199; 11; 0; 0; 1; 1; 1; 0; 1; 0
207; 10; 0; 0; 0,996168831288442; 0,996168831288442; 1; 0; 1; 0
230; 10; 0; 0; 0,339407481683854; 0,339407481683854; 1; 0; 1; 0
231; 20; 0; 0; 0,775505997762828; 0,775505997762828; 1; 0; 1; 0
235; 16; 0; 0; 0,964842166747604; 0,964842166747604; 1; 0; 1; 0
244; 40; 20; 0; 0,727284322771527; 0,235682119333066; 1; 0; 1; 0
257; 2; 0; 0; 1; 1; 1; 0; 1; 0
302; 3; 0; 0; 0,807305574465244; 0,807305574465244; 1; 0; 1; 0
321; 10; 0; 0; 0,99971865649481; 0,99971865649481; 1; 0; 1; 0
329; 20; 0; 0; 0,989595806937368; 0,989595806937368; 1; 0; 1; 0
333; 3; 0; 0; 0,579067592889718; 0,579067592889718; 1; 0; 1; 0
363; 3; 0; 0; 0,779791385959529; 0,779791385959529; 1; 0; 1; 0
368; 16; 0; 0; 0,999984558106177; 0,999984558106177; 1; 0; 1; 0
372; 10; 0; 0; 0,984595187100486; 0,984595187100486; 1; 0; 1; 0
377; 2; 0; 0; 0,999999942753121; 0,999999942753121; 1; 0; 1; 0
379; 8; 0; 0; 0,965881903163999; 0,965881903163999; 1; 0; 1; 0
386; 10; 3; 0; 0,297698623222878; 0,0133292505468062; 1; 0; 1; 0
400; 2; 0; 0; 1; 1; 1; 0; 1; 0
402; 26; 1; 1; 0,705393265270878; 0,705393265270878; 0; 0; 0,499830914844845; 0,500169085155155
416; 2; 0; 0; 1; 1; 1; 0; 1; 0
428; 16; 2; 0; 0,426317231590672; 0,18040688318296; 1; 0; 1; 0
429; 3; 2; 0; 0,592450370862839; 0,407330325199662; 1; 0; 1; 0
434; 10; 0; 0; 0,988253952350497; 0,988253952350497; 1; 0; 1; 0
468; 2; 0; 0; 0,999999957189808; 0,999999957189808; 1; 0; 1; 0
473; 4; 0; 0; 1; 1; 1; 0; 1; 0
482; 4; 0; 0; 1; 1; 1; 0; 1; 0
493; 2; 0; 0; 0,999999953117791; 0,999999953117791; 1; 0; 1; 0
528; 2; 0; 0; 1; 1; 1; 0; 1; 0
543; 20; 0; 0; 0,982059536728427; 0,982059536728427; 1; 0; 1; 0
546; 10; 0; 0; 0,891573427132937; 0,891573427132937; 1; 0; 1; 0
565; 2; 0; 0; 1; 1; 1; 0; 1; 0
570; 16; 0; 0; 0,99998476617193; 0,99998476617193; 1; 0; 1; 0
574; 2; 1; 0; 0,954028288158263; 0,0459717118417364; 1; 0; 1; 0
583; 10; 0; 0; 0,482654821979567; 0,482654821979567; 1; 0; 1; 0
620; 22; 0; 0; 0,956855297391539; 0,956855297391539; 1; 0; 1; 0
630; 10; 0; 0; 0,998520748574156; 0,998520748574156; 1; 0; 1; 0
651; 2; 0; 0; 0,999999927572273; 0,999999927572273; 1; 0; 1; 0
673; 10; 0; 0; 0,994717315174194; 0,994717315174194; 1; 0; 1; 0
684; 18; 11; 1; 0,2841832047232; 0; 0; 1; 0; 1
718; 2; 0; 0; 1; 1; 1; 0; 1; 0
787; 20; 0; 0; 0,943279593776429; 0,943279593776429; 1; 0; 1; 0
817; 20; 0; 0; 0,970807408166426; 0,970807408166426; 1; 0; 1; 0
818; 3; 0; 0; 0,857590889240094; 0,857590889240094; 1; 0; 1; 0
825; 11; 0; 0; 1; 1; 1; 0; 1; 0
826; 16; 0; 0; 0,756178066197134; 0,756178066197134; 1; 0; 1; 0
827; 10; 0; 0; 0,538313159395037; 0,538313159395037; 1; 0; 1; 0
828; 16; 0; 0; 0,432037831952696; 0,432037831952696; 1; 0; 1; 0
875; 16; 0; 0; 0,424953496912037; 0,424953496912037; 1; 0; 1; 0
881; 22; 0; 0; 0,957272542967315; 0,957272542967315; 1; 0; 1; 0
886; 64; 0; 0; 0,873300998200117; 0,873300998200117; 1; 0; 1; 0
919; 64; 0; 0; 0,983963437133038; 0,983963437133038; 1; 0; 1; 0
928; 11; 0; 0; 1; 1; 1; 0; 1; 0
935; 2; 0; 0; 0,985104115951504; 0,985104115951504; 1; 0; 1; 0
960; 10; 0; 0; 0,850880530479121; 0,850880530479121; 1; 0; 1; 0
969; 10; 0; 0; 0,997331630231959; 0,997331630231959; 1; 0; 1; 0
991; 3; 0; 0; 0,613066157706954; 0,613066157706954; 1; 0; 1; 0
1051; 2; 0; 0; 1; 1; 1; 0; 1; 0
1054; 4; 0; 0; 0,999851159363622; 0,999851159363622; 1; 0; 1; 0
1061; 10; 0; 0; 0,470695851718143; 0,470695851718143; 1; 0; 1; 0
1063; 10; 0; 0; 0,485684715292392; 0,485684715292392; 1; 0; 1; 0
1070; 16; 0; 0; 0,643442381668289; 0,643442381668289; 1; 0; 1; 0
1093; 2; 0; 0; 0,999999998450373; 0,999999998450373; 1; 0; 1; 0
1097; 2; 1; 0; 0,697550953419903; 0,302449046580097; 1; 0; 1; 0
1098; 10; 0; 0; 0,999887794522253; 0,999887794522253; 1; 0; 1; 0
1102; 2; 0; 0; 0,999999958175257; 0,999999958175257; 1; 0; 1; 0
1127; 2; 0; 0; 0,999999904608791; 0,999999904608791; 1; 0; 1; 0
1145; 10; 0; 0; 0,459645378774841; 0,459645378774841; 1; 0; 1; 0
1208; 16; 0; 0; 0,999965678640345; 0,999965678640345; 1; 0; 1; 0
1209; 3; 2; 0; 0,707126129114684; 0,102805318519348; 1; 0; 1; 0
1211; 10; 0; 0; 0,797181065399823; 0,797181065399823; 1; 0; 1; 0
1236; 10; 0; 0; 0,999995812973076; 0,999995812973076; 1; 0; 1; 0
1244; 2; 1; 0; 0,676607538501153; 0,323392461498847; 1; 0; 1; 0
1249; 10; 0; 0; 0,475657120326315; 0,475657120326315; 1; 0; 1; 0
1250; 3; 0; 0; 0,566123700815396; 0,566123700815396; 1; 0; 1; 0
1271; 2; 0; 0; 1; 1; 1; 0; 1; 0
1273; 3; 0; 0; 0,617710346455334; 0,617710346455334; 1; 0; 1; 0
1315; 3; 0; 0; 0,695220584510665; 0,695220584510665; 1; 0; 1; 0
1331; 20; 0; 0; 0,99377383464095; 0,99377383464095; 1; 0; 1; 0
1342; 2; 1; 1; 0,589776308144657; 0,589776308144657; 0; 0; 0,499871699868275; 0,500128300131725
1347; 10; 0; 0; 0,894238769242821; 0,894238769242821; 1; 0; 1; 0
1364; 16; 2; 0; 0,426717717886303; 0,180546183677326; 1; 0; 1; 0
1370; 2; 0; 0; 0,999999615053501; 0,999999615053501; 1; 0; 1; 0
1376; 2; 0; 0; 1; 1; 1; 0; 1; 0
1384; 2; 0; 0; 1; 1; 1; 0; 1; 0
1395; 2; 1; 0; 0,860719182394996; 0,139280817605004; 1; 0; 1; 0
1415; 2; 0; 0; 0,997181487472489; 0,997181487472489; 1; 0; 1; 0
1437; 11; 0; 0; 1; 1; 1; 0; 1; 0
1471; 2; 0; 0; 1; 1; 1; 0; 1; 0
1478; 3; 2; 0; 0,595638173323998; 0,329283610817982; 1; 0; 1; 0
1484; 3; 0; 0; 0,507566259381551; 0,507566259381551; 1; 0; 1; 0
1504; 26; 1; 1; 0,579252572777063; 0,579252572777063; 0; 0; 0,499830914844845; 0,500169085155155
1540; 3; 0; 0; 0,491869459526095; 0,491869459526095; 1; 0; 1; 0
1553; 22; 0; 0; 0,812868770174914; 0,812868770174914; 1; 0; 1; 0
1587; 2; 0; 0; 0,992100442447761; 0,992100442447761; 1; 0; 1; 0
1588; 2; 0; 0; 0,997598013142401; 0,997598013142401; 1; 0; 1; 0
1620; 2; 1; 1; 0,612087537642834; 0,612087537642834; 0; 0; 0,500599967389935; 0,499400032610065
1649; 22; 0; 0; 0,84350910945268; 0,84350910945268; 1; 0; 1; 0
1675; 2; 0; 0; 0,645382914512099; 0,645382914512099; 1; 0; 1; 0
1684; 2; 1; 0; 0,67851357712374; 0,32148642287626; 1; 0; 1; 0
1687; 2; 0; 0; 0,856815531981505; 0,856815531981505; 1; 0; 1; 0
1691; 48; 0; 0; 0,627985974324207; 0,627985974324207; 1; 0; 1; 0
1692; 2; 1; 0; 0,983021381432384; 0,0169786185676161; 1; 0; 1; 0
1703; 10; 0; 2; 0,387917077918847; 0,213662001880921; 0; 0; 0,248741993199409; 0,751258006800591
1716; 22; 0; 0; 0,879913922180408; 0,879913922180408; 1; 0; 1; 0
1742; 2; 0; 0; 1; 1; 1; 0; 1; 0
1753; 3; 0; 0; 0,60842149724816; 0,60842149724816; 1; 0; 1; 0
1771; 4; 0; 0; 1; 1; 1; 0; 1; 0
1776; 11; 0; 0; 1; 1; 1; 0; 1; 0
1808; 22; 0; 0; 0,957069932568977; 0,957069932568977; 1; 0; 1; 0
1809; 48; 0; 0; 0,53740010004022; 0,53740010004022; 1; 0; 1; 0
1810; 10; 0; 0; 0,606457452640062; 0,606457452640062; 1; 0; 1; 0
1811; 22; 0; 0; 0,95795017765758; 0,95795017765758; 1; 0; 1; 0
1812; 2; 0; 0; 0,999963578799842; 0,999963578799842; 1; 0; 1; 0
1842; 2; 1; 0; 1; 0; 1; 0; 1; 0
1884; 10; 0; 0; 0,973222247755886; 0,973222247755886; 1; 0; 1; 0
1898; 10; 0; 0; 0,995057706610948; 0,995057706610948; 1; 0; 1; 0
1944; 2; 0; 0; 0,993991265632451; 0,993991265632451; 1; 0; 1; 0
1946; 16; 0; 0; 0,941018102448046; 0,941018102448046; 1; 0; 1; 0
1956; 2; 0; 0; 1; 1; 1; 0; 1; 0
1974; 20; 0; 0; 0,953281125333944; 0,953281125333944; 1; 0; 1; 0
1980; 2; 0; 0; 0,994837891081203; 0,994837891081203; 1; 0; 1; 0
1984; 2; 0; 0; 0,926797558328385; 0,926797558328385; 1; 0; 1; 0
1996; 2; 1; 1; 0,60679061284436; 0,60679061284436; 0; 0; 0,199321718519391; 0,800678281480609
2008; 22; 0; 0; 0,99361112644232; 0,99361112644232; 1; 0; 1; 0
2031; 10; 0; 0; 0,851209136756322; 0,851209136756322; 1; 0; 1; 0
2058; 4; 0; 0; 1; 1; 1; 0; 1; 0
2075; 16; 2; 0; 0,2628459332674; 0,161905596360922; 1; 0; 1; 0
2126; 16; 0; 0; 0,999954537294749; 0,999954537294749; 1; 0; 1; 0
2133; 3; 0; 0; 0,596572478858559; 0,596572478858559; 1; 0; 1; 0
2175; 20; 0; 0; 0,797587213260014; 0,797587213260014; 1; 0; 1; 0
2177; 20; 0; 0; 0,789975506721588; 0,789975506721588; 1; 0; 1; 0
2230; 16; 0; 0; 0,999995270847392; 0,999995270847392; 1; 0; 1; 0
2246; 10; 0; 0; 0,481827738204958; 0,481827738204958; 1; 0; 1; 0
2248; 11; 0; 0; 1; 1; 1; 0; 1; 0
2264; 3; 0; 0; 0,636480220941769; 0,636480220941769; 1; 0; 1; 0
2278; 4; 0; 0; 0,749126497020082; 0,749126497020082; 1; 0; 1; 0
2281; 36; 0; 0; 0,613515959848717; 0,613515959848717; 1; 0; 1; 0
2283; 4; 0; 0; 0,576027434722734; 0,576027434722734; 1; 0; 1; 0
2299; 64; 0; 0; 0,90101715341562; 0,90101715341562; 1; 0; 1; 0
2316; 10; 0; 0; 0,995888982846425; 0,995888982846425; 1; 0; 1; 0
2329; 22; 0; 0; 0,785879081003132; 0,785879081003132; 1; 0; 1; 0
2350; 16; 0; 0; 0,974180265180338; 0,974180265180338; 1; 0; 1; 0
2364; 2; 0; 0; 0,99995398118328; 0,99995398118328; 1; 0; 1; 0
2378; 2; 0; 0; 1; 1; 1; 0; 1; 0
2413; 2; 0; 0; 0,999995247609817; 0,999995247609817; 1; 0; 1; 0
2417; 16; 0; 0; 0,999364720442033; 0,999364720442033; 1; 0; 1; 0
2421; 2; 0; 0; 0,999986420866006; 0,999986420866006; 1; 0; 1; 0
2423; 10; 0; 0; 0,410503869334927; 0,410503869334927; 1; 0; 1; 0
2426; 16; 0; 0; 0,999950591408802; 0,999950591408802; 1; 0; 1; 0
2440; 3; 0; 0; 0,546050372487662; 0,546050372487662; 1; 0; 1; 0
2458; 2; 0; 0; 1; 1; 1; 0; 1; 0
2459; 2; 0; 0; 1; 1; 1; 0; 1; 0
2478; 2; 0; 1; 0,841263171795125; 0,158736828204875; 0; 0; 0,167385047325938; 0,832614952674062
2496; 16; 0; 0; 0,632291008693884; 0,632291008693884; 1; 0; 1; 0
2499; 16; 0; 0; 0,842369157359037; 0,842369157359037; 1; 0; 1; 0
2514; 16; 0; 0; 0,999902710073917; 0,999902710073917; 1; 0; 1; 0
2525; 2; 0; 0; 0,999992928616071; 0,999992928616071; 1; 0; 1; 0
2531; 16; 0; 0; 0,999359147002646; 0,999359147002646; 1; 0; 1; 0
2532; 20; 0; 0; 0,909932829092833; 0,909932829092833; 1; 0; 1; 0
2542; 2; 1; 0; 0,546946269401105; 0,453053730598895; 1; 0; 1; 0
2553; 2; 0; 0; 0,936014156883774; 0,936014156883774; 1; 0; 1; 0
2554; 2; 0; 0; 0,986888365701869; 0,986888365701869; 1; 0; 1; 0
2560; 2; 0; 0; 1; 1; 1; 0; 1; 0
2567; 2; 0; 0; 1; 1; 1; 0; 1; 0
2571; 3; 0; 0; 0,604293599929825; 0,604293599929825; 1; 0; 1; 0
2616; 22; 0; 0; 0,813243501680501; 0,813243501680501; 1; 0; 1; 0
2636; 16; 0; 0; 0,998963605220143; 0,998963605220143; 1; 0; 1; 0
2666; 3; 0; 0; 0,614419836672762; 0,614419836672762; 1; 0; 1; 0
2691; 10; 0; 0; 0,977644615362693; 0,977644615362693; 1; 0; 1; 0
2695; 10; 0; 0; 0,912530294273494; 0,912530294273494; 1; 0; 1; 0
2702; 2; 0; 0; 1; 1; 1; 0; 1; 0
2717; 11; 0; 0; 1; 1; 1; 0; 1; 0
2723; 3; 0; 0; 0,580346108135629; 0,580346108135629; 1; 0; 1; 0
2748; 16; 0; 0; 0,99999659721493; 0,99999659721493; 1; 0; 1; 0
2750; 10; 1; 0; 0,374935839878208; 0,268748474980751; 1; 0; 1; 0
2766; 20; 0; 0; 0,99930322247266; 0,99930322247266; 1; 0; 1; 0
2776; 2; 0; 0; 0,999998089266767; 0,999998089266767; 1; 0; 1; 0
2807; 11; 0; 0; 1; 1; 1; 0; 1; 0
2810; 16; 7; 0; 0,323735874520519; 0; 1; 0; 1; 0
2814; 10; 1; 0; 0,37764539874259; 0,278982662402254; 1; 0; 1; 0
2822; 2; 0; 0; 0,999780392524919; 0,999780392524919; 1; 0; 1; 0
2824; 10; 0; 0; 0,644289554058; 0,644289554058; 1; 0; 1; 0
2845; 2; 0; 0; 0,999984769513343; 0,999984769513343; 1; 0; 1; 0
2856; 2; 0; 0; 1; 1; 1; 0; 1; 0
2858; 4; 0; 0; 0,999662601865912; 0,999662601865912; 1; 0; 1; 0
2875; 3; 0; 0; 0,750720698581937; 0,750720698581937; 1; 0; 1; 0
2877; 10; 0; 0; 0,361234750451407; 0,361234750451407; 1; 0; 1; 0
2883; 3; 0; 0; 0,746913432685079; 0,746913432685079; 1; 0; 1; 0
2898; 3; 0; 0; 0,537456683404323; 0,537456683404323; 1; 0; 1; 0
2901; 11; 0; 0; 1; 1; 1; 0; 1; 0
2903; 3; 0; 0; 0,952985114380472; 0,952985114380472; 1; 0; 1; 0
2936; 40; 0; 0; 0,954847159852803; 0,954847159852803; 1; 0; 1; 0
2940; 13; 0; 0; 0,998354056312767; 0,998354056312767; 1; 0; 1; 0
2957; 2; 0; 0; 0,974138666026552; 0,974138666026552; 1; 0; 1; 0
2963; 3; 0; 0; 0,578777861436984; 0,578777861436984; 1; 0; 1; 0
3011; 2; 0; 0; 0,999975639375111; 0,999975639375111; 1; 0; 1; 0
3060; 2; 0; 0; 1; 1; 1; 0; 1; 0
3066; 3; 1; 1; 0,563005370614642; 0,563005370614642; 0; 0; 0,124270025085709; 0,875729974914291
3082; 3; 2; 0; 0,553202157013722; 0,428023796488295; 1; 0; 1; 0
3095; 3; 0; 0; 0,788655855550697; 0,788655855550697; 1; 0; 1; 0
3143; 2; 0; 0; 0,999573991732725; 0,999573991732725; 1; 0; 1; 0
3148; 2; 0; 0; 0,999544027375546; 0,999544027375546; 1; 0; 1; 0
3152; 3; 0; 0; 0,626606141804782; 0,626606141804782; 1; 0; 1; 0
3158; 2; 0; 0; 0,996470769486749; 0,996470769486749; 1; 0; 1; 0
3160; 2; 1; 0; 1; 0; 1; 0; 1; 0
3185; 10; 0; 0; 0,99873877028196; 0,99873877028196; 1; 0; 1; 0
3212; 22; 0; 0; 0,999416848189138; 0,999416848189138; 1; 0; 1; 0
3214; 3; 0; 0; 0,952197982535492; 0,952197982535492; 1; 0; 1; 0
3220; 11; 0; 0; 0,996661257583739; 0,996661257583739; 1; 0; 1; 0
3229; 10; 0; 0; 0,998427138565284; 0,998427138565284; 1; 0; 1; 0
3312; 3; 0; 0; 0,948221256803591; 0,948221256803591; 1; 0; 1; 0
3321; 16; 2; 0; 0,4360871038016; 0,245793299485957; 1; 0; 1; 0
3323; 10; 0; 0; 0,862230267488592; 0,862230267488592; 1; 0; 1; 0
3332; 16; 0; 0; 0,999995889062061; 0,999995889062061; 1; 0; 1; 0
3336; 3; 0; 0; 0,600584131287289; 0,600584131287289; 1; 0; 1; 0
3345; 18; 5; 1; 0,2427504634464; 0,216985602419095; 0; 1; 0; 1
3347; 2; 0; 1; 0,886518769480246; 0,113481230519754; 0; 0; 0,167385047325938; 0,832614952674062
3369; 10; 0; 0; 0,59704209293377; 0,59704209293377; 1; 0; 1; 0
3395; 48; 0; 0; 0,591495235317496; 0,591495235317496; 1; 0; 1; 0
3402; 2; 1; 0; 1; 0; 1; 0; 1; 0
3420; 2; 1; 0; 0,511938219700777; 0,488061780299223; 1; 0; 1; 0
3435; 10; 0; 0; 0,999238476148834; 0,999238476148834; 1; 0; 1; 0
3454; 11; 0; 0; 1; 1; 1; 0; 1; 0
3465; 2; 1; 1; 0,619785894943777; 0,619785894943777; 0; 1; 0; 1
3472; 10; 0; 0; 0,990169638677789; 0,990169638677789; 1; 0; 1; 0
3477; 10; 5; 0; 0,259526545009934; 0,00548592781151508; 1; 0; 1; 0
3492; 2; 0; 0; 1; 1; 1; 0; 1; 0
3539; 3; 0; 0; 0,622971524066334; 0,622971524066334; 1; 0; 1; 0
3555; 11; 0; 0; 1; 1; 1; 0; 1; 0
3570; 3; 0; 0; 0,948476521747582; 0,948476521747582; 1; 0; 1; 0
3573; 2; 0; 0; 0,999576770596072; 0,999576770596072; 1; 0; 1; 0
3589; 10; 0; 0; 0,649746808669038; 0,649746808669038; 1; 0; 1; 0
3594; 3; 0; 0; 0,622971524066334; 0,622971524066334; 1; 0; 1; 0
3600; 3; 0; 0; 0,609167849954558; 0,609167849954558; 1; 0; 1; 0
3676; 10; 0; 0; 0,993662940595272; 0,993662940595272; 1; 0; 1; 0
3701; 3; 2; 0; 0,7493829004728; 0,128730434892928; 1; 0; 1; 0
3714; 3; 2; 0; 0,746498506991634; 0,135683557619513; 1; 0; 1; 0
3740; 4; 0; 0; 0,999642109585599; 0,999642109585599; 1; 0; 1; 0
3843; 16; 0; 0; 0,620737605604848; 0,620737605604848; 1; 0; 1; 0
3846; 2; 0; 0; 0,94909977137334; 0,94909977137334; 1; 0; 1; 0
3875; 10; 0; 0; 0,760665387883172; 0,760665387883172; 1; 0; 1; 0
3892; 3; 0; 0; 0,952225878934246; 0,952225878934246; 1; 0; 1; 0
3902; 10; 2; 0; 0,373617521487814; 0,252339937342918; 1; 0; 1; 0
3926; 2; 0; 0; 0,749831294561038; 0,749831294561038; 1; 0; 1; 0
3958; 2; 1; 0; 1; 0; 1; 0; 1; 0
3968; 10; 0; 0; 0,999319524039474; 0,999319524039474; 1; 0; 1; 0
3972; 16; 0; 0; 0,951372952590504; 0,951372952590504; 1; 0; 1; 0
3984; 20; 0; 0; 0,993354048465004; 0,993354048465004; 1; 0; 1; 0
4029; 4; 0; 0; 1; 1; 1; 0; 1; 0
4034; 2; 1; 0; 0,936856651824782; 0,0631433481752177; 1; 0; 1; 0
4055; 3; 0; 0; 0,940755356388577; 0,940755356388577; 1; 0; 1; 0
4069; 10; 0; 0; 0,999999243622891; 0,999999243622891; 1; 0; 1; 0
4083; 10; 0; 0; 0,95547774823473; 0,95547774823473; 1; 0; 1; 0
4106; 3; 0; 0; 0,951112086606026; 0,951112086606026; 1; 0; 1; 0
4124; 10; 0; 0; 0,986558640100948; 0,986558640100948; 1; 0; 1; 0
4125; 16; 0; 0; 0,998668727256918; 0,998668727256918; 1; 0; 1; 0
4129; 10; 0; 0; 0,96874728382012; 0,96874728382012; 1; 0; 1; 0
4147; 16; 0; 0; 0,999908976610424; 0,999908976610424; 1; 0; 1; 0
4193; 2; 0; 0; 0,999963500874128; 0,999963500874128; 1; 0; 1; 0
4208; 13; 0; 0; 0,999991083579252; 0,999991083579252; 1; 0; 1; 0
4214; 10; 0; 0; 0,996333996042308; 0,996333996042308; 1; 0; 1; 0
4223; 48; 0; 0; 0,543480542777315; 0,543480542777315; 1; 0; 1; 0
4225; 10; 2; 0; 0,433677765611212; 0,276939537461102; 1; 0; 1; 0
4234; 2; 0; 0; 0,926439253375807; 0,926439253375807; 1; 0; 1; 0
4238; 2; 0; 0; 0,999999640491444; 0,999999640491444; 1; 0; 1; 0
4258; 10; 0; 0; 0,991720254521635; 0,991720254521635; 1; 0; 1; 0
4273; 16; 0; 0; 0,93559192661199; 0,93559192661199; 1; 0; 1; 0
4278; 20; 0; 0; 0,997239440143515; 0,997239440143515; 1; 0; 1; 0
4293; 32; 1; 0; 0,960887553390296; 0,0389210179595864; 1; 0; 1; 0
4316; 22; 0; 0; 0,994915851065227; 0,994915851065227; 1; 0; 1; 0
4317; 3; 0; 0; 0,605236276433876; 0,605236276433876; 1; 0; 1; 0
4331; 10; 0; 0; 0,978914371224704; 0,978914371224704; 1; 0; 1; 0
4354; 2; 0; 0; 0,946828714626286; 0,946828714626286; 1; 0; 1; 0
4355; 10; 0; 0; 0,975801194718825; 0,975801194718825; 1; 0; 1; 0
4392; 2; 0; 1; 0,657829459072359; 0,342170540927641; 0; 0; 0,500256624585928; 0,499743375414072
4436; 2; 0; 0; 1; 1; 1; 0; 1; 0
4457; 2; 0; 0; 0,944239824214652; 0,944239824214652; 1; 0; 1; 0
4486; 20; 0; 0; 0,980081345524022; 0,980081345524022; 1; 0; 1; 0
4503; 2; 0; 0; 1; 1; 1; 0; 1; 0
4512; 20; 0; 0; 0,990563997739213; 0,990563997739213; 1; 0; 1; 0
4543; 20; 0; 0; 0,993112606054987; 0,993112606054987; 1; 0; 1; 0
4565; 3; 1; 0; 0,568484461723088; 0,325870087033616; 1; 0; 1; 0
4592; 16; 0; 0; 0,999990284006957; 0,999990284006957; 1; 0; 1; 0
4598; 2; 0; 0; 1; 1; 1; 0; 1; 0
4637; 3; 0; 0; 0,492751106699948; 0,492751106699948; 1; 0; 1; 0
4645; 8; 0; 0; 0,997432260734375; 0,997432260734375; 1; 0; 1; 0
4704; 10; 0; 0; 0,999781086089907; 0,999781086089907; 1; 0; 1; 0
4706; 2; 0; 0; 1; 1; 1; 0; 1; 0
4734; 4; 0; 0; 0,978792452162295; 0,978792452162295; 1; 0; 1; 0
4747; 16; 0; 0; 0,988726400377418; 0,988726400377418; 1; 0; 1; 0
4755; 10; 0; 0; 0,968570687042598; 0,968570687042598; 1; 0; 1; 0
4779; 4; 0; 0; 1; 1; 1; 0; 1; 0
4783; 2; 0; 0; 1; 1; 1; 0; 1; 0
4793; 4; 0; 0; 1; 1; 1; 0; 1; 0
4812; 16; 0; 0; 0,998125861688498; 0,998125861688498; 1; 0; 1; 0
4844; 4; 0; 0; 0,999341675348361; 0,999341675348361; 1; 0; 1; 0
4848; 18; 11; 1; 0,345105968598128; 0; 0; 1; 0; 1
4859; 10; 0; 0; 0,970388764679067; 0,970388764679067; 1; 0; 1; 0
4863; 10; 0; 0; 0,988253600687238; 0,988253600687238; 1; 0; 1; 0
4914; 3; 0; 0; 0,94877043522226; 0,94877043522226; 1; 0; 1; 0
4924; 2; 0; 1; 0,79985278100274; 0,20014721899726; 0; 0; 0,33314918551223; 0,66685081448777
4927; 2; 1; 0; 0,872484379681687; 0,127515620318313; 1; 0; 1; 0
4932; 2; 0; 0; 0,991076357045822; 0,991076357045822; 1; 0; 1; 0
4952; 20; 0; 0; 0,99195509636141; 0,99195509636141; 1; 0; 1; 0
4965; 11; 0; 0; 1; 1; 1; 0; 1; 0
4968; 13; 0; 0; 0,999948844490472; 0,999948844490472; 1; 0; 1; 0
5018; 2; 0; 0; 0,95982993927827; 0,95982993927827; 1; 0; 1; 0
5067; 16; 0; 0; 0,968687542342339; 0,968687542342339; 1; 0; 1; 0
5073; 10; 0; 0; 0,546688039425952; 0,546688039425952; 1; 0; 1; 0
5077; 22; 0; 0; 0,977082641156124; 0,977082641156124; 1; 0; 1; 0
5140; 2; 0; 0; 0,999998280607393; 0,999998280607393; 1; 0; 1; 0
5142; 11; 0; 0; 1; 1; 1; 0; 1; 0
5144; 16; 0; 0; 0,984658913285086; 0,984658913285086; 1; 0; 1; 0
5157; 2; 0; 0; 1; 1; 1; 0; 1; 0
5197; 11; 0; 0; 1; 1; 1; 0; 1; 0
5277; 10; 0; 0; 0,98332437078672; 0,98332437078672; 1; 0; 1; 0
5281; 10; 3; 0; 0,459831060079252; 0,0720621871606514; 1; 0; 1; 0
5290; 2; 0; 0; 0,67973492736346; 0,67973492736346; 1; 0; 1; 0
5298; 2; 0; 0; 1; 1; 1; 0; 1; 0
5302; 3; 0; 0; 0,71784557317685; 0,71784557317685; 1; 0; 1; 0
5306; 2; 0; 0; 1; 1; 1; 0; 1; 0
5344; 10; 0; 0; 0,990521075208678; 0,990521075208678; 1; 0; 1; 0
5357; 11; 0; 0; 1; 1; 1; 0; 1; 0
5358; 2; 0; 0; 0,999934900200032; 0,999934900200032; 1; 0; 1; 0
5359; 2; 0; 0; 0,999799853817472; 0,999799853817472; 1; 0; 1; 0
5370; 13; 0; 0; 0,994113159300258; 0,994113159300258; 1; 0; 1; 0
5402; 10; 5; 0; 0,430396791157939; 0,000565750189621388; 1; 0; 1; 0
5413; 10; 0; 0; 0,976273913663452; 0,976273913663452; 1; 0; 1; 0
5436; 2; 1; 0; 0,645698938606978; 0,354301061393022; 1; 0; 1; 0
5440; 10; 0; 0; 0,989491853088519; 0,989491853088519; 1; 0; 1; 0
5458; 2; 0; 1; 0,509568237535278; 0,490431762464722; 0; 0; 0,331599996738756; 0,668400003261244
5491; 4; 0; 0; 0,954072805177406; 0,954072805177406; 1; 0; 1; 0
5508; 2; 0; 0; 1; 1; 1; 0; 1; 0
5518; 2; 0; 0; 1; 1; 1; 0; 1; 0
5524; 10; 0; 0; 0,793483980766143; 0,793483980766143; 1; 0; 1; 0
5526; 10; 0; 0; 0,976812650352827; 0,976812650352827; 1; 0; 1; 0
5548; 3; 0; 0; 0,673010702354504; 0,673010702354504; 1; 0; 1; 0
5564; 10; 0; 0; 0,845526139265139; 0,845526139265139; 1; 0; 1; 0
5575; 10; 0; 0; 0,760279637368231; 0,760279637368231; 1; 0; 1; 0
5591; 2; 1; 0; 0,979434591333014; 0,0205654086669856; 1; 0; 1; 0
5636; 2; 0; 0; 0,999041195729012; 0,999041195729012; 1; 0; 1; 0
5653; 2; 0; 0; 0,942518373437635; 0,942518373437635; 1; 0; 1; 0
5659; 3; 0; 0; 0,709003039995539; 0,709003039995539; 1; 0; 1; 0
5662; 10; 0; 0; 0,994051473205816; 0,994051473205816; 1; 0; 1; 0
5692; 3; 0; 0; 0,686708599503833; 0,686708599503833; 1; 0; 1; 0
5696; 3; 0; 0; 0,735000217148978; 0,735000217148978; 1; 0; 1; 0
5712; 2; 1; 1; 0,647779519767822; 0,647779519767822; 0; 0; 0,199321718519391; 0,800678281480609
5725; 2; 0; 0; 0,702115503866572; 0,702115503866572; 1; 0; 1; 0
5735; 13; 0; 0; 0,999948844490472; 0,999948844490472; 1; 0; 1; 0
5747; 100; 0; 0; 0,827319880244254; 0,827319880244254; 1; 0; 1; 0
5783; 10; 3; 0; 0,339368033931357; 0,175757505785364; 1; 0; 1; 0
5795; 11; 0; 0; 1; 1; 1; 0; 1; 0
5798; 2; 0; 0; 1; 1; 1; 0; 1; 0
5804; 2; 0; 0; 1; 1; 1; 0; 1; 0
5805; 4; 0; 0; 0,900256785718545; 0,900256785718545; 1; 0; 1; 0
5874; 3; 0; 0; 0,970063317306595; 0,970063317306595; 1; 0; 1; 0
5876; 3; 0; 0; 0,974477247206474; 0,974477247206474; 1; 0; 1; 0
5888; 3; 2; 2; 0,478079403641235; 0,478079403641235; 0; 0; 0,428139817652065; 0,571860182347935
5889; 10; 0; 0; 0,449558189437388; 0,449558189437388; 1; 0; 1; 0
5910; 2; 1; 0; 0,609285346944383; 0,390714653055617; 1; 0; 1; 0
5932; 10; 0; 0; 0,968320846959718; 0,968320846959718; 1; 0; 1; 0
5937; 16; 0; 0; 0,948267629550937; 0,948267629550937; 1; 0; 1; 0
5951; 16; 0; 0; 0,999996959455747; 0,999996959455747; 1; 0; 1; 0
5960; 10; 0; 0; 0,40316053456586; 0,40316053456586; 1; 0; 1; 0
5980; 10; 0; 0; 0,8778067731465; 0,8778067731465; 1; 0; 1; 0
6007; 13; 0; 0; 1; 1; 1; 0; 1; 0
6032; 2; 0; 0; 0,553103552630667; 0,553103552630667; 1; 0; 1; 0
6038; 2; 1; 1; 0,631947499063777; 0,631947499063777; 0; 0; 0,199321718519391; 0,800678281480609
6042; 2; 0; 0; 1; 1; 1; 0; 1; 0
6048; 16; 0; 0; 0,998760616875933; 0,998760616875933; 1; 0; 1; 0
6054; 13; 0; 0; 0,999990914999095; 0,999990914999095; 1; 0; 1; 0
6060; 2; 0; 0; 0,953015297991062; 0,953015297991062; 1; 0; 1; 0
6061; 2; 0; 0; 0,653125688891293; 0,653125688891293; 1; 0; 1; 0
6062; 3; 0; 0; 0,730147840180983; 0,730147840180983; 1; 0; 1; 0
6076; 2; 1; 1; 0,639773777136399; 0,639773777136399; 0; 1; 0; 1
6094; 4; 0; 0; 1; 1; 1; 0; 1; 0
6112; 16; 0; 0; 0,998491460375836; 0,998491460375836; 1; 0; 1; 0
6130; 16; 0; 0; 0,989142609567032; 0,989142609567032; 1; 0; 1; 0
6139; 3; 0; 0; 0,723216480457554; 0,723216480457554; 1; 0; 1; 0
6194; 10; 0; 0; 0,884321412989941; 0,884321412989941; 1; 0; 1; 0
6206; 64; 0; 0; 0,982099365290078; 0,982099365290078; 1; 0; 1; 0
6209; 2; 1; 0; 0,792966082154845; 0,207033917845155; 1; 0; 1; 0
6224; 10; 0; 0; 0,973094957088552; 0,973094957088552; 1; 0; 1; 0
6231; 11; 0; 0; 1; 1; 1; 0; 1; 0
6236; 8; 0; 0; 0,982602004618765; 0,982602004618765; 1; 0; 1; 0
6245; 10; 0; 0; 0,988659516401901; 0,988659516401901; 1; 0; 1; 0
6247; 18; 11; 1; 0,374898569761049; 6,4831562671236E-05; 0; 1; 0; 1
6257; 10; 0; 0; 0,996089180483741; 0,996089180483741; 1; 0; 1; 0
6280; 16; 0; 0; 0,224482921574181; 0,224482921574181; 1; 0; 1; 0
6283; 4; 0; 0; 0,973834165935953; 0,973834165935953; 1; 0; 1; 0
6296; 2; 0; 0; 0,999305044575578; 0,999305044575578; 1; 0; 1; 0
6334; 2; 0; 0; 1; 1; 1; 0; 1; 0
6341; 10; 0; 0; 0,999673662717856; 0,999673662717856; 1; 0; 1; 0
6343; 10; 0; 0; 0,999104685454177; 0,999104685454177; 1; 0; 1; 0
6344; 10; 3; 0; 0,468236159269929; 0,0856053639671363; 1; 0; 1; 0
6346; 10; 0; 0; 0,821172781272628; 0,821172781272628; 1; 0; 1; 0
6370; 2; 1; 0; 0,95984926794674; 0,0401507320532604; 1; 0; 1; 0
6381; 10; 0; 0; 0,925958943464826; 0,925958943464826; 1; 0; 1; 0
6389; 20; 10; 0; 0,902033866423567; 0,000465178607278962; 1; 0; 1; 0
6408; 13; 0; 0; 0,999699386736331; 0,999699386736331; 1; 0; 1; 0
6503; 10; 3; 0; 0,328857057779487; 0,00559292829847893; 1; 0; 1; 0
6507; 22; 0; 0; 0,996737725018201; 0,996737725018201; 1; 0; 1; 0
6511; 11; 0; 0; 1; 1; 1; 0; 1; 0
6527; 2; 0; 0; 0,949678917284822; 0,949678917284822; 1; 0; 1; 0
6534; 10; 0; 0; 0,967480387798167; 0,967480387798167; 1; 0; 1; 0
6678; 100; 0; 0; 0,668137345231635; 0,668137345231635; 1; 0; 1; 0
6718; 13; 0; 0; 1; 1; 1; 0; 1; 0
6722; 10; 0; 0; 0,582964752507768; 0,582964752507768; 1; 0; 1; 0
6724; 2; 0; 0; 0,942736001398672; 0,942736001398672; 1; 0; 1; 0
6727; 3; 0; 0; 0,949628504650486; 0,949628504650486; 1; 0; 1; 0
6747; 10; 3; 0; 0,438410641628315; 0,02826434280215; 1; 0; 1; 0
6767; 11; 0; 0; 0,982478824403293; 0,982478824403293; 1; 0; 1; 0
6826; 2; 1; 0; 0,617788256217892; 0,382211743782108; 1; 0; 1; 0
6836; 20; 0; 0; 0,962476700746426; 0,962476700746426; 1; 0; 1; 0
6837; 2; 1; 0; 0,635110266686156; 0,364889733313844; 1; 0; 1; 0
6863; 2; 0; 0; 0,767512742498659; 0,767512742498659; 1; 0; 1; 0
6878; 10; 1; 0; 0,367530546216913; 0,298977500372599; 1; 0; 1; 0
6900; 10; 3; 0; 0,334346695280156; 0,0132996245264487; 1; 0; 1; 0
6907; 10; 0; 0; 0,952529123516991; 0,952529123516991; 1; 0; 1; 0
6909; 2; 0; 0; 0,549720886176056; 0,549720886176056; 1; 0; 1; 0
6912; 10; 0; 0; 0,495258259283861; 0,495258259283861; 1; 0; 1; 0
6923; 10; 0; 0; 0,801134276119213; 0,801134276119213; 1; 0; 1; 0
6936; 18; 11; 1; 0,353053577310286; 0,000117760674662035; 0; 1; 0; 1
6947; 10; 3; 0; 0,368937037566008; 0,0127863681773234; 1; 0; 1; 0
6963; 3; 0; 0; 0,603746771515897; 0,603746771515897; 1; 0; 1; 0
6967; 3; 0; 0; 0,73648166023513; 0,73648166023513; 1; 0; 1; 0
6976; 4; 0; 0; 0,999381676623313; 0,999381676623313; 1; 0; 1; 0
6990; 10; 0; 0; 0,643603331083756; 0,643603331083756; 1; 0; 1; 0
7019; 10; 0; 0; 0,702170696996433; 0,702170696996433; 1; 0; 1; 0
7039; 10; 0; 0; 0,719799977544633; 0,719799977544633; 1; 0; 1; 0
7040; 16; 0; 0; 0,987555406620988; 0,987555406620988; 1; 0; 1; 0
7046; 20; 0; 0; 0,983549304377537; 0,983549304377537; 1; 0; 1; 0
7049; 16; 0; 0; 0,998491833779058; 0,998491833779058; 1; 0; 1; 0
7059; 3; 0; 0; 0,609095972018793; 0,609095972018793; 1; 0; 1; 0
7092; 10; 3; 0; 0,33305423586355; 0,00528001784076438; 1; 0; 1; 0
7111; 10; 2; 0; 0,408575971905141; 0,305173400067075; 1; 0; 1; 0
7114; 2; 1; 0; 0,646179328849471; 0,353820671150529; 1; 0; 1; 0
7130; 11; 0; 0; 1; 1; 1; 0; 1; 0
7141; 22; 0; 0; 0,958147873272731; 0,958147873272731; 1; 0; 1; 0
7143; 16; 0; 0; 0,525612923382038; 0,525612923382038; 1; 0; 1; 0
7151; 18; 0; 0; 0,450840657646973; 0,450840657646973; 1; 0; 1; 0
7175; 16; 0; 0; 0,99993660923351; 0,99993660923351; 1; 0; 1; 0
7200; 16; 0; 0; 0,98099102286838; 0,98099102286838; 1; 0; 1; 0
7262; 10; 0; 0; 0,816272586789667; 0,816272586789667; 1; 0; 1; 0
7270; 2; 0; 0; 0,895246541138317; 0,895246541138317; 1; 0; 1; 0
7278; 10; 0; 0; 0,995178323962499; 0,995178323962499; 1; 0; 1; 0
7283; 4; 0; 0; 1; 1; 1; 0; 1; 0
7287; 2; 1; 0; 0,989259709608761; 0,0107402903912393; 1; 0; 1; 0
7303; 10; 0; 0; 0,993263560921754; 0,993263560921754; 1; 0; 1; 0
7332; 10; 0; 0; 0,961228815914126; 0,961228815914126; 1; 0; 1; 0
7335; 220; 0; 0; 0,833898323689328; 0,833898323689328; 1; 0; 1; 0
7344; 2; 0; 0; 0,999921157324923; 0,999921157324923; 1; 0; 1; 0
7345; 3; 0; 0; 0,675660747599992; 0,675660747599992; 1; 0; 1; 0
7352; 3; 0; 0; 0,610233853722764; 0,610233853722764; 1; 0; 1; 0
7359; 8; 0; 0; 0,98777658899644; 0,98777658899644; 1; 0; 1; 0
7366; 2; 1; 0; 0,967191842010616; 0,0328081579893836; 1; 0; 1; 0
7371; 10; 0; 0; 0,494764499719007; 0,494764499719007; 1; 0; 1; 0
7418; 2; 0; 0; 0,970881065506008; 0,970881065506008; 1; 0; 1; 0
7437; 10; 0; 0; 0,594482713434115; 0,594482713434115; 1; 0; 1; 0
7442; 10; 0; 0; 0,746599336643586; 0,746599336643586; 1; 0; 1; 0
7449; 16; 0; 0; 0,977103209130105; 0,977103209130105; 1; 0; 1; 0
7471; 22; 0; 0; 0,964807124114211; 0,964807124114211; 1; 0; 1; 0
7475; 10; 0; 0; 0,960147880563417; 0,960147880563417; 1; 0; 1; 0
7476; 10; 0; 0; 0,410691101961029; 0,410691101961029; 1; 0; 1; 0
7488; 11; 0; 0; 0,988485765347159; 0,988485765347159; 1; 0; 1; 0
7492; 2; 1; 0; 0,980419486715628; 0,019580513284372; 1; 0; 1; 0
7497; 3; 0; 0; 0,847494006667191; 0,847494006667191; 1; 0; 1; 0
7517; 2; 0; 0; 0,968368473093695; 0,968368473093695; 1; 0; 1; 0
7522; 16; 0; 0; 0,529099875824404; 0,529099875824404; 1; 0; 1; 0
7533; 10; 2; 0; 0,341540048709968; 0,202421481231012; 1; 0; 1; 0
7552; 16; 0; 0; 1; 1; 1; 0; 1; 0
7571; 10; 0; 0; 0,971708736035725; 0,971708736035725; 1; 0; 1; 0
7578; 2; 0; 0; 1; 1; 1; 0; 1; 0
7580; 16; 0; 0; 0,999865223482887; 0,999865223482887; 1; 0; 1; 0
7584; 2; 0; 0; 0,881702283180951; 0,881702283180951; 1; 0; 1; 0
7646; 10; 0; 0; 0,972401705478997; 0,972401705478997; 1; 0; 1; 0
7662; 10; 0; 0; 0,779756470441802; 0,779756470441802; 1; 0; 1; 0
7668; 3; 0; 0; 0,945491873050558; 0,945491873050558; 1; 0; 1; 0
7684; 2; 0; 0; 0,561508677152845; 0,561508677152845; 1; 0; 1; 0
7692; 10; 0; 0; 0,500905812940355; 0,500905812940355; 1; 0; 1; 0
7701; 10; 0; 0; 0,909914045547782; 0,909914045547782; 1; 0; 1; 0
7703; 16; 0; 0; 0,544113971126475; 0,544113971126475; 1; 0; 1; 0
7724; 16; 0; 0; 0,975756775956059; 0,975756775956059; 1; 0; 1; 0
7738; 10; 0; 0; 0,966555496287615; 0,966555496287615; 1; 0; 1; 0
7739; 10; 0; 0; 0,66854696250982; 0,66854696250982; 1; 0; 1; 0
7766; 2; 0; 0; 0,999872443059264; 0,999872443059264; 1; 0; 1; 0
7790; 10; 0; 0; 0,937611870387369; 0,937611870387369; 1; 0; 1; 0
7807; 2; 0; 0; 0,999918482347931; 0,999918482347931; 1; 0; 1; 0
7820; 3; 0; 0; 0,645220500968386; 0,645220500968386; 1; 0; 1; 0
7841; 176; 0; 0; 0,998463432950666; 0,998463432950666; 1; 0; 1; 0
7843; 2; 0; 0; 0,628677908379415; 0,628677908379415; 1; 0; 1; 0
7861; 10; 0; 0; 0,87565414415572; 0,87565414415572; 1; 0; 1; 0
7869; 2; 0; 0; 0,983819608774797; 0,983819608774797; 1; 0; 1; 0
7886; 2; 0; 0; 1; 1; 1; 0; 1; 0
7904; 10; 0; 0; 0,3318609023318; 0,3318609023318; 1; 0; 1; 0
7935; 10; 2; 0; 0,35636887488123; 0,0116925041511204; 1; 0; 1; 0
7937; 3; 0; 0; 0,708966310003729; 0,708966310003729; 1; 0; 1; 0
7939; 2; 1; 0; 0,710077669624579; 0,289922330375421; 1; 0; 1; 0
7970; 3; 0; 0; 0,970008078280793; 0,970008078280793; 1; 0; 1; 0
7983; 10; 2; 0; 0,429597191168877; 0,271280849483859; 1; 0; 1; 0
7989; 10; 3; 0; 0,334431302513118; 0,0133029900283259; 1; 0; 1; 0
8040; 16; 0; 0; 0,997697205416488; 0,997697205416488; 1; 0; 1; 0
8041; 10; 0; 0; 0,790263882942621; 0,790263882942621; 1; 0; 1; 0
8050; 3; 0; 0; 0,717152021197866; 0,717152021197866; 1; 0; 1; 0
8072; 18; 3; 1; 0,283316531603587; 0,131628739660755; 0; 0; 0,250781242289067; 0,749218757710933
8084; 3; 0; 0; 0,991810008211438; 0,991810008211438; 1; 0; 1; 0
8096; 10; 0; 0; 0,682968005240121; 0,682968005240121; 1; 0; 1; 0
8130; 10; 0; 0; 0,979420540975759; 0,979420540975759; 1; 0; 1; 0
8136; 10; 0; 0; 0,960197659340018; 0,960197659340018; 1; 0; 1; 0
8163; 11; 0; 0; 1; 1; 1; 0; 1; 0
8197; 10; 2; 0; 0,220487864900045; 0; 1; 0; 1; 0
8214; 10; 0; 0; 0,407142503002994; 0,407142503002994; 1; 0; 1; 0
8215; 10; 1; 0; 0,403896070081642; 0,194635417541018; 1; 0; 1; 0
8224; 16; 0; 0; 0,587835878480676; 0,587835878480676; 1; 0; 1; 0
8245; 2; 0; 0; 0,952101975596635; 0,952101975596635; 1; 0; 1; 0
8249; 2; 0; 0; 0,581466388200158; 0,581466388200158; 1; 0; 1; 0
8263; 2; 0; 0; 0,958336673189859; 0,958336673189859; 1; 0; 1; 0
8290; 10; 0; 0; 0,829824968797354; 0,829824968797354; 1; 0; 1; 0
8291; 2; 0; 0; 0,95602442088707; 0,95602442088707; 1; 0; 1; 0
8304; 2; 0; 0; 0,99915901255852; 0,99915901255852; 1; 0; 1; 0
8359; 3; 0; 0; 0,659321747937747; 0,659321747937747; 1; 0; 1; 0
8373; 3; 0; 0; 0,771034936392387; 0,771034936392387; 1; 0; 1; 0
8375; 10; 2; 0; 0,530355276535296; 0,372912234388634; 1; 0; 1; 0
8381; 16; 1; 0; 0,231185699374741; 0,15608247971878; 1; 0; 1; 0
8389; 2; 0; 0; 0,99290382051652; 0,99290382051652; 1; 0; 1; 0
8400; 2; 1; 0; 0,977034289346109; 0,0229657106538908; 1; 0; 1; 0
8403; 2; 1; 0; 0,975208899164894; 0,0247911008351059; 1; 0; 1; 0
8413; 16; 0; 0; 0,998729048289473; 0,998729048289473; 1; 0; 1; 0
8419; 2; 0; 0; 1; 1; 1; 0; 1; 0
8431; 3; 1; 0; 0,510529769799202; 0,430723072382975; 1; 0; 1; 0
8436; 2; 0; 0; 0,787068739069249; 0,787068739069249; 1; 0; 1; 0
8445; 3; 0; 0; 0,876337922177881; 0,876337922177881; 1; 0; 1; 0
8451; 10; 2; 0; 0,442629626132482; 0,0515468155549227; 1; 0; 1; 0
8452; 2; 0; 0; 1; 1; 1; 0; 1; 0
8462; 2; 1; 1; 0,915015368251012; 0,915015368251012; 0; 0; 0,500599967389935; 0,499400032610065
8463; 2; 0; 0; 1; 1; 1; 0; 1; 0
8464; 3; 0; 0; 0,923617117814755; 0,923617117814755; 1; 0; 1; 0
8489; 16; 0; 0; 0,999473247249103; 0,999473247249103; 1; 0; 1; 0
8496; 2; 0; 0; 1; 1; 1; 0; 1; 0
8519; 2; 0; 0; 0,738773973524909; 0,738773973524909; 1; 0; 1; 0
8530; 3; 0; 0; 0,860702635019053; 0,860702635019053; 1; 0; 1; 0
8533; 2; 1; 0; 0,563167854502135; 0,436832145497865; 1; 0; 1; 0
8537; 3; 0; 0; 0,922586573705988; 0,922586573705988; 1; 0; 1; 0
8540; 10; 0; 0; 0,892912560579577; 0,892912560579577; 1; 0; 1; 0
8545; 3; 0; 0; 0,730028350123532; 0,730028350123532; 1; 0; 1; 0
8565; 10; 0; 2; 0,523437584260564; 0,292159650017852; 0; 0; 0,249836158183357; 0,750163841816643
8600; 10; 0; 0; 0,717987533202514; 0,717987533202514; 1; 0; 1; 0
8608; 2; 0; 0; 0,824612154139715; 0,824612154139715; 1; 0; 1; 0
8609; 3; 0; 0; 0,738495443150165; 0,738495443150165; 1; 0; 1; 0
8614; 10; 0; 0; 0,999589150664896; 0,999589150664896; 1; 0; 1; 0
8623; 3; 0; 0; 0,743266990177282; 0,743266990177282; 1; 0; 1; 0
8627; 2; 0; 0; 0,999844156429933; 0,999844156429933; 1; 0; 1; 0
8642; 2; 0; 0; 0,998446121260356; 0,998446121260356; 1; 0; 1; 0
8650; 2; 0; 0; 0,999959582133481; 0,999959582133481; 1; 0; 1; 0
8655; 4; 3; 0; 0,354688946618222; 0; 1; 0; 1; 0
8661; 2; 0; 0; 0,999899678691092; 0,999899678691092; 1; 0; 1; 0
8674; 3; 0; 0; 0,676836289365658; 0,676836289365658; 1; 0; 1; 0
8691; 10; 0; 0; 0,99777680526181; 0,99777680526181; 1; 0; 1; 0
8703; 2; 0; 0; 0,84429975203056; 0,84429975203056; 1; 0; 1; 0
8705; 2; 0; 0; 0,999893418968793; 0,999893418968793; 1; 0; 1; 0
8707; 10; 0; 0; 0,423880488721464; 0,423880488721464; 1; 0; 1; 0
8713; 2; 0; 0; 1; 1; 1; 0; 1; 0
8724; 2; 0; 0; 0,752382518609172; 0,752382518609172; 1; 0; 1; 0
8737; 10; 0; 0; 0,938264446860256; 0,938264446860256; 1; 0; 1; 0
8796; 10; 2; 0; 0,389184403975997; 0,305598327718316; 1; 0; 1; 0
8804; 100; 0; 0; 0,930626195671806; 0,930626195671806; 1; 0; 1; 0
8810; 16; 0; 0; 0,732425905913731; 0,732425905913731; 1; 0; 1; 0
8815; 10; 0; 0; 0,962483596145598; 0,962483596145598; 1; 0; 1; 0
8823; 16; 0; 0; 0,993526887923663; 0,993526887923663; 1; 0; 1; 0
8824; 10; 0; 0; 0,997571209709172; 0,997571209709172; 1; 0; 1; 0
8831; 10; 0; 0; 0,970601884344455; 0,970601884344455; 1; 0; 1; 0
8839; 2; 0; 0; 0,999954008833511; 0,999954008833511; 1; 0; 1; 0
8865; 3; 1; 2; 0,527526796309138; 0,284898603793467; 0; 0; 0,499830914844845; 0,500169085155155
8886; 2; 0; 0; 0,58771634117001; 0,58771634117001; 1; 0; 1; 0
8904; 20; 0; 0; 1; 1; 1; 0; 1; 0
8909; 2; 0; 0; 1; 1; 1; 0; 1; 0
8916; 3; 0; 0; 0,860159114184961; 0,860159114184961; 1; 0; 1; 0
8922; 10; 0; 0; 0,777513953549758; 0,777513953549758; 1; 0; 1; 0
8926; 10; 1; 0; 0,403421969175635; 0,190866840517666; 1; 0; 1; 0
8935; 22; 0; 0; 0,858243925047293; 0,858243925047293; 1; 0; 1; 0
8936; 11; 0; 0; 1; 1; 1; 0; 1; 0
8948; 2; 0; 0; 1; 1; 1; 0; 1; 0
8951; 3; 0; 0; 0,874982550084444; 0,874982550084444; 1; 0; 1; 0
8961; 16; 0; 0; 0,996475163612381; 0,996475163612381; 1; 0; 1; 0
8962; 11; 0; 0; 0,999152836896273; 0,999152836896273; 1; 0; 1; 0
8975; 10; 0; 0; 0,999539074877765; 0,999539074877765; 1; 0; 1; 0
8976; 10; 0; 0; 0,929280217211476; 0,929280217211476; 1; 0; 1; 0
8978; 2; 0; 0; 0,994982617356092; 0,994982617356092; 1; 0; 1; 0
8982; 18; 11; 1; 0,394705807873125; 0; 0; 0; 0,248243774845419; 0,751756225154581
9005; 13; 0; 0; 1; 1; 1; 0; 1; 0
9040; 16; 0; 0; 0,545481483458087; 0,545481483458087; 1; 0; 1; 0
9044; 3; 2; 0; 0,806716109304178; 0,0213514039022985; 1; 0; 1; 0
9060; 16; 0; 0; 0,648577454966952; 0,648577454966952; 1; 0; 1; 0
9089; 2; 0; 0; 1; 1; 1; 0; 1; 0
9123; 3; 0; 0; 0,966730971017393; 0,966730971017393; 1; 0; 1; 0
9133; 10; 0; 0; 0,955597943516367; 0,955597943516367; 1; 0; 1; 0
9172; 16; 0; 0; 0,97293146775823; 0,97293146775823; 1; 0; 1; 0
9178; 2; 0; 0; 0,977558066087331; 0,977558066087331; 1; 0; 1; 0
9185; 10; 0; 0; 0,99964402765626; 0,99964402765626; 1; 0; 1; 0
9203; 10; 5; 0; 0,458336552615635; 5,20216656599028E-05; 1; 0; 1; 0
9205; 20; 0; 0; 0,998771043266785; 0,998771043266785; 1; 0; 1; 0
9212; 18; 1; 1; 0,80889438639508; 0,80889438639508; 0; 1; 0; 1
9213; 20; 0; 0; 0,998466930029703; 0,998466930029703; 1; 0; 1; 0
9220; 2; 0; 0; 0,930943981711458; 0,930943981711458; 1; 0; 1; 0
9229; 11; 0; 0; 1; 1; 1; 0; 1; 0
9253; 2; 0; 1; 0,936092200545504; 0,0639077994544962; 0; 0; 0,500296553284424; 0,499703446715576
9258; 3; 0; 0; 0,828825414983505; 0,828825414983505; 1; 0; 1; 0
9260; 16; 0; 0; 0,999490972548403; 0,999490972548403; 1; 0; 1; 0
9262; 13; 0; 0; 1; 1; 1; 0; 1; 0
9279; 3; 0; 0; 0,928474355009071; 0,928474355009071; 1; 0; 1; 0
9280; 10; 0; 0; 0,971748047531014; 0,971748047531014; 1; 0; 1; 0
9285; 2; 0; 0; 0,997718999965814; 0,997718999965814; 1; 0; 1; 0
9298; 3; 0; 0; 0,926994001163316; 0,926994001163316; 1; 0; 1; 0
9314; 2; 0; 0; 1; 1; 1; 0; 1; 0
9331; 3; 0; 0; 0,946814583213829; 0,946814583213829; 1; 0; 1; 0
9345; 2; 1; 1; 0,675163539126299; 0,675163539126299; 0; 0; 0,33314918551223; 0,66685081448777
9355; 13; 0; 0; 1; 1; 1; 0; 1; 0
9364; 22; 0; 0; 0,615597089528651; 0,615597089528651; 1; 0; 1; 0
9378; 2; 1; 1; 0,598918670883216; 0,598918670883216; 0; 0; 0,50057903542205; 0,49942096457795
9381; 10; 0; 0; 0,974743393573999; 0,974743393573999; 1; 0; 1; 0
9421; 3; 0; 0; 0,952182855928059; 0,952182855928059; 1; 0; 1; 0
9423; 2; 0; 0; 1; 1; 1; 0; 1; 0
9456; 18; 11; 1; 0,23760052588166; 0,00369632977385581; 0; 1; 0; 1
9460; 16; 0; 0; 0,812953407142046; 0,812953407142046; 1; 0; 1; 0
9462; 16; 0; 0; 0,495217663086439; 0,495217663086439; 1; 0; 1; 0
9464; 2; 1; 0; 0,928056221416099; 0,0719437785839007; 1; 0; 1; 0
9468; 2; 0; 0; 0,98043670143076; 0,98043670143076; 1; 0; 1; 0
9477; 2; 0; 1; 0,986186068019702; 0,0138139319802976; 0; 0; 0,167385047325938; 0,832614952674062
9509; 13; 0; 0; 1; 1; 1; 0; 1; 0
9519; 16; 0; 0; 0,999930102020878; 0,999930102020878; 1; 0; 1; 0
9523; 18; 1; 1; 0,621873748515519; 0,621873748515519; 0; 0; 0,250781242289067; 0,749218757710933
9536; 48; 0; 0; 0,839392706514021; 0,839392706514021; 1; 0; 1; 0
9554; 2; 1; 1; 0,757893073155305; 0,757893073155305; 0; 0; 0,33314918551223; 0,66685081448777
9560; 10; 0; 0; 0,966264060933206; 0,966264060933206; 1; 0; 1; 0
9569; 10; 1; 0; 0,303755689121556; 0,243630134040448; 1; 0; 1; 0
9594; 3; 0; 0; 0,94242300356587; 0,94242300356587; 1; 0; 1; 0
9620; 16; 0; 0; 0,856630211413669; 0,856630211413669; 1; 0; 1; 0
9632; 16; 0; 0; 0,509849697079769; 0,509849697079769; 1; 0; 1; 0
9633; 3; 0; 0; 0,930264723703036; 0,930264723703036; 1; 0; 1; 0
9671; 20; 0; 0; 0,346194868555156; 0,346194868555156; 1; 0; 1; 0
9726; 2; 0; 0; 0,807521294747888; 0,807521294747888; 1; 0; 1; 0
9752; 16; 0; 0; 0,992943639419729; 0,992943639419729; 1; 0; 1; 0
9756; 2; 0; 0; 0,995156036258348; 0,995156036258348; 1; 0; 1; 0
9773; 10; 0; 0; 0,97186844836421; 0,97186844836421; 1; 0; 1; 0
9787; 10; 0; 0; 0,965659871071064; 0,965659871071064; 1; 0; 1; 0
9798; 2; 0; 0; 0,579754654873676; 0,579754654873676; 1; 0; 1; 0
9802; 10; 0; 0; 0,999793166018813; 0,999793166018813; 1; 0; 1; 0
9808; 2; 1; 1; 0,734006659147746; 0,734006659147746; 0; 0; 0,499830914844845; 0,500169085155155
9826; 10; 0; 0; 0,967227580623244; 0,967227580623244; 1; 0; 1; 0
9834; 2; 1; 1; 0,716057745133225; 0,716057745133225; 0; 0; 0,499871699868275; 0,500128300131725
9842; 2; 1; 1; 0,726595314845835; 0,726595314845835; 0; 0; 0,499871699868275; 0,500128300131725
9881; 13; 0; 0; 0,999758194548553; 0,999758194548553; 1; 0; 1; 0
9913; 10; 0; 0; 0,777407127961952; 0,777407127961952; 1; 0; 1; 0
9918; 11; 0; 0; 1; 1; 1; 0; 1; 0
9923; 18; 5; 1; 0,21205791391388; 0,010098495175356; 0; 1; 0; 1
9932; 2; 0; 0; 1; 1; 1; 0; 1; 0
9948; 2; 0; 0; 1; 1; 1; 0; 1; 0
9953; 2; 0; 0; 0,992057167736142; 0,992057167736142; 1; 0; 1; 0
9976; 10; 0; 0; 0,720786432033927; 0,720786432033927; 1; 0; 1; 0
10012; 11; 0; 0; 0,999476201223916; 0,999476201223916; 1; 0; 1; 0
10038; 2; 0; 0; 0,856382048621726; 0,856382048621726; 1; 0; 1; 0
10084; 2; 0; 0; 1; 1; 1; 0; 1; 0
10091; 3; 0; 0; 0,673052471988454; 0,673052471988454; 1; 0; 1; 0
10094; 2; 0; 0; 1; 1; 1; 0; 1; 0
10109; 2; 0; 1; 1; 0; 0; 0; 0,429117560232381; 0,570882439767619
10133; 2; 0; 0; 0,92958157239475; 0,92958157239475; 1; 0; 1; 0
10163; 2; 1; 0; 0,844225350124512; 0,155774649875488; 1; 0; 1; 0
10169; 16; 0; 0; 0,995283708314026; 0,995283708314026; 1; 0; 1; 0
10199; 2; 0; 0; 0,999815909881267; 0,999815909881267; 1; 0; 1; 0
10200; 10; 1; 0; 0,368918716923515; 0,366818322706726; 1; 0; 1; 0
10209; 10; 0; 0; 0,99990944026053; 0,99990944026053; 1; 0; 1; 0
10216; 3; 0; 0; 0,774649385905946; 0,774649385905946; 1; 0; 1; 0
10227; 2; 1; 0; 0,932091215280928; 0,0679087847190719; 1; 0; 1; 0
10233; 2; 0; 0; 1; 1; 1; 0; 1; 0
10242; 2; 1; 1; 0,558755274096105; 0,558755274096105; 0; 0; 0,50057903542205; 0,49942096457795
10248; 10; 0; 0; 0,99138164482923; 0,99138164482923; 1; 0; 1; 0
10249; 3; 0; 0; 0,87109382513433; 0,87109382513433; 1; 0; 1; 0
10254; 2; 0; 0; 1; 1; 1; 0; 1; 0
10309; 10; 0; 0; 0,980037103571259; 0,980037103571259; 1; 0; 1; 0
10312; 100; 0; 0; 0,872120922402412; 0,872120922402412; 1; 0; 1; 0
10313; 3; 0; 0; 0,768597455122316; 0,768597455122316; 1; 0; 1; 0
10329; 16; 2; 0; 0,558859989281882; 0,0864343102474386; 1; 0; 1; 0
10330; 2; 1; 1; 0,662219342032273; 0,662219342032273; 0; 0; 0,50057903542205; 0,49942096457795
10363; 10; 0; 0; 0,997675594123444; 0,997675594123444; 1; 0; 1; 0
10370; 13; 0; 0; 0,999568344674054; 0,999568344674054; 1; 0; 1; 0
10371; 2; 0; 0; 0,940045447453588; 0,940045447453588; 1; 0; 1; 0
10374; 11; 0; 0; 0,994243316791162; 0,994243316791162; 1; 0; 1; 0
10378; 100; 20; 0; 0,239794463705173; 0,151515009886966; 1; 0; 1; 0
10384; 3; 0; 0; 0,676941107833173; 0,676941107833173; 1; 0; 1; 0
10385; 18; 1; 1; 0,886647874315068; 0,886647874315068; 0; 0; 0,250781242289067; 0,749218757710933
10411; 10; 0; 0; 0,999950811094449; 0,999950811094449; 1; 0; 1; 0
10414; 2; 1; 0; 0,657668084294593; 0,342331915705407; 1; 0; 1; 0
10431; 16; 0; 0; 0,551587720540693; 0,551587720540693; 1; 0; 1; 0
10432; 2; 0; 0; 0,967703709329779; 0,967703709329779; 1; 0; 1; 0
10453; 10; 0; 0; 0,998102500559055; 0,998102500559055; 1; 0; 1; 0
10456; 10; 3; 0; 0,346043427262996; 0,057572455527658; 1; 0; 1; 0
10457; 2; 0; 0; 1; 1; 1; 0; 1; 0
10466; 10; 0; 0; 0,996521503323992; 0,996521503323992; 1; 0; 1; 0
10468; 16; 0; 0; 0,993120998957698; 0,993120998957698; 1; 0; 1; 0
10478; 2; 0; 0; 0,822870164733538; 0,822870164733538; 1; 0; 1; 0
10494; 10; 1; 0; 0,330097121784399; 0,329550238610602; 1; 0; 1; 0
10518; 11; 0; 0; 1; 1; 1; 0; 1; 0
10526; 3; 0; 0; 0,795853237709274; 0,795853237709274; 1; 0; 1; 0
10527; 10; 0; 0; 0,960821080195448; 0,960821080195448; 1; 0; 1; 0
10528; 2; 0; 0; 0,948275299517954; 0,948275299517954; 1; 0; 1; 0
10556; 11; 0; 0; 0,996604536431135; 0,996604536431135; 1; 0; 1; 0
10557; 3; 0; 0; 0,873403250221366; 0,873403250221366; 1; 0; 1; 0
10575; 3; 0; 0; 0,856463850574146; 0,856463850574146; 1; 0; 1; 0
10586; 10; 0; 0; 0,599545970722326; 0,599545970722326; 1; 0; 1; 0
10618; 3; 0; 0; 0,714712287619917; 0,714712287619917; 1; 0; 1; 0
10621; 2; 0; 0; 1; 1; 1; 0; 1; 0
10628; 10; 0; 0; 0,692648034711818; 0,692648034711818; 1; 0; 1; 0
10638; 2; 0; 0; 1; 1; 1; 0; 1; 0
10652; 2; 0; 0; 0,945637112396025; 0,945637112396025; 1; 0; 1; 0
10654; 10; 0; 0; 0,711750827245433; 0,711750827245433; 1; 0; 1; 0
10661; 2; 0; 0; 0,945637112396025; 0,945637112396025; 1; 0; 1; 0
10662; 4; 0; 0; 1; 1; 1; 0; 1; 0
10664; 2; 0; 0; 0,986088121574507; 0,986088121574507; 1; 0; 1; 0
10678; 160; 0; 0; 0,579642351891762; 0,579642351891762; 1; 0; 1; 0
10687; 10; 0; 0; 0,992911635279903; 0,992911635279903; 1; 0; 1; 0
10734; 2; 0; 0; 0,961930932524878; 0,961930932524878; 1; 0; 1; 0
10736; 10; 0; 0; 0,900949839313536; 0,900949839313536; 1; 0; 1; 0
10757; 3; 0; 0; 0,942218872203047; 0,942218872203047; 1; 0; 1; 0
10758; 10; 0; 0; 0,942366036290412; 0,942366036290412; 1; 0; 1; 0
10760; 3; 0; 0; 0,937257266579561; 0,937257266579561; 1; 0; 1; 0
10767; 10; 0; 0; 0,964586336727186; 0,964586336727186; 1; 0; 1; 0
10777; 2; 1; 0; 0,922846853684778; 0,0771531463152221; 1; 0; 1; 0
10791; 4; 0; 0; 0,812283278795649; 0,812283278795649; 1; 0; 1; 0
10803; 10; 0; 0; 0,994831419379557; 0,994831419379557; 1; 0; 1; 0
10849; 3; 0; 0; 0,949173052913429; 0,949173052913429; 1; 0; 1; 0
10852; 3; 0; 0; 0,674499611395185; 0,674499611395185; 1; 0; 1; 0
10858; 10; 0; 0; 0,963349801058454; 0,963349801058454; 1; 0; 1; 0
10868; 2; 1; 0; 1; 0; 1; 0; 1; 0
10872; 10; 5; 0; 0,423268327486453; 0,000836457808554789; 1; 0; 1; 0
10876; 10; 0; 0; 0,437694559922438; 0,437694559922438; 1; 0; 1; 0
10934; 16; 0; 0; 0,992943639419729; 0,992943639419729; 1; 0; 1; 0
10953; 13; 0; 0; 0,999891042777068; 0,999891042777068; 1; 0; 1; 0
10975; 10; 4; 0; 0,292799519529699; 0; 1; 0; 1; 0
10976; 10; 0; 0; 0,649100327273087; 0,649100327273087; 1; 0; 1; 0
10984; 2; 1; 0; 1; 0; 1; 0; 1; 0
11001; 10; 0; 0; 0,962650013517494; 0,962650013517494; 1; 0; 1; 0
11020; 10; 0; 0; 0,713949096300779; 0,713949096300779; 1; 0; 1; 0
11032; 2; 0; 0; 0,648257483873067; 0,648257483873067; 1; 0; 1; 0
11036; 2; 0; 0; 0,654082122832423; 0,654082122832423; 1; 0; 1; 0
11046; 10; 0; 0; 0,999760789032962; 0,999760789032962; 1; 0; 1; 0
11093; 10; 1; 0; 0,328938428971947; 0,318493630667023; 1; 0; 1; 0
11111; 10; 0; 0; 0,983694111752939; 0,983694111752939; 1; 0; 1; 0
11138; 10; 0; 0; 0,703433331661691; 0,703433331661691; 1; 0; 1; 0
11149; 11; 0; 0; 1; 1; 1; 0; 1; 0
11158; 2; 0; 0; 1; 1; 1; 0; 1; 0
11229; 13; 0; 0; 0,975465993063226; 0,975465993063226; 1; 0; 1; 0
11251; 10; 0; 0; 0,999494121627216; 0,999494121627216; 1; 0; 1; 0
11255; 13; 0; 0; 0,999960077523839; 0,999960077523839; 1; 0; 1; 0
11295; 3; 0; 0; 0,947669365768781; 0,947669365768781; 1; 0; 1; 0
11306; 2; 0; 0; 1; 1; 1; 0; 1; 0
11307; 2; 0; 0; 0,989445357355988; 0,989445357355988; 1; 0; 1; 0
11313; 10; 0; 0; 0,999812385558141; 0,999812385558141; 1; 0; 1; 0
11317; 2; 1; 0; 1; 0; 1; 0; 1; 0
11319; 16; 0; 0; 0,529715600300874; 0,529715600300874; 1; 0; 1; 0
11323; 22; 0; 0; 0,947787059754488; 0,947787059754488; 1; 0; 1; 0
11329; 3; 0; 0; 0,788227988986678; 0,788227988986678; 1; 0; 1; 0
11352; 10; 0; 0; 0,337875155377765; 0,337875155377765; 1; 0; 1; 0
11366; 10; 2; 0; 0,482034758636026; 0,354871727236261; 1; 0; 1; 0
11373; 16; 0; 0; 0,864577479808851; 0,864577479808851; 1; 0; 1; 0
11379; 16; 0; 0; 1; 1; 1; 0; 1; 0
11396; 3; 0; 0; 0,949963731827152; 0,949963731827152; 1; 0; 1; 0
11406; 3; 0; 0; 0,685033799153958; 0,685033799153958; 1; 0; 1; 0
11412; 2; 0; 0; 0,899961157491743; 0,899961157491743; 1; 0; 1; 0
11414; 2; 1; 0; 0,808380746184758; 0,191619253815242; 1; 0; 1; 0
11453; 3; 0; 0; 0,844780999501496; 0,844780999501496; 1; 0; 1; 0
11479; 13; 0; 0; 0,999830893272537; 0,999830893272537; 1; 0; 1; 0
11522; 2; 1; 0; 0,647907064459936; 0,352092935540064; 1; 0; 1; 0
11534; 18; 11; 1; 0,348143021530174; 0,000358016207322701; 0; 1; 0; 1
11536; 2; 1; 0; 0,671389910836627; 0,328610089163373; 1; 0; 1; 0
11552; 11; 0; 0; 1; 1; 1; 0; 1; 0
11591; 11; 0; 0; 1; 1; 1; 0; 1; 0
11597; 2; 0; 0; 0,621438013409839; 0,621438013409839; 1; 0; 1; 0
11600; 16; 0; 0; 0,999467523687758; 0,999467523687758; 1; 0; 1; 0
11604; 160; 10; 0; 0,168832837265097; 0,162767363073814; 1; 0; 1; 0
11613; 14; 11; 10; 0,175156330786979; 0; 0; 1; 0; 1
11621; 16; 0; 0; 0,998148833513187; 0,998148833513187; 1; 0; 1; 0
11633; 20; 0; 0; 0,973484978753336; 0,973484978753336; 1; 0; 1; 0
11634; 2; 0; 0; 1; 1; 1; 0; 1; 0
11672; 2; 0; 0; 1; 1; 1; 0; 1; 0
11685; 16; 2; 0; 0,488990054733082; 0,444005948654249; 1; 0; 1; 0
11697; 2; 1; 0; 0,810629394312267; 0,189370605687733; 1; 0; 1; 0
11703; 2; 0; 0; 1; 1; 1; 0; 1; 0
11712; 2; 0; 0; 1; 1; 1; 0; 1; 0
11723; 2; 0; 0; 0,705693137682677; 0,705693137682677; 1; 0; 1; 0
11724; 2; 0; 0; 0,811958075927533; 0,811958075927533; 1; 0; 1; 0
11725; 16; 2; 0; 0,478764662165407; 0,430684203298008; 1; 0; 1; 0
11749; 20; 0; 0; 0,985679216828004; 0,985679216828004; 1; 0; 1; 0
11767; 16; 0; 0; 0,991991998475463; 0,991991998475463; 1; 0; 1; 0
11806; 10; 0; 0; 0,675293693073789; 0,675293693073789; 1; 0; 1; 0
11820; 4; 0; 0; 0,672054145545428; 0,672054145545428; 1; 0; 1; 0
11837; 2; 0; 0; 0,999817468130035; 0,999817468130035; 1; 0; 1; 0
11841; 16; 0; 0; 0,630959314218254; 0,630959314218254; 1; 0; 1; 0
11856; 2; 0; 0; 0,99069253561921; 0,99069253561921; 1; 0; 1; 0
11879; 2; 0; 0; 1; 1; 1; 0; 1; 0
11888; 16; 0; 0; 0,995580054791469; 0,995580054791469; 1; 0; 1; 0
11897; 11; 0; 0; 1; 1; 1; 0; 1; 0
11910; 2; 0; 0; 0,992425294055164; 0,992425294055164; 1; 0; 1; 0
11929; 16; 0; 0; 0,587984931269863; 0,587984931269863; 1; 0; 1; 0
11942; 2; 0; 0; 1; 1; 1; 0; 1; 0
11953; 2; 1; 0; 1; 0; 1; 0; 1; 0
11967; 2; 0; 0; 1; 1; 1; 0; 1; 0
11980; 2; 0; 0; 1; 1; 1; 0; 1; 0
11987; 4; 0; 0; 1; 1; 1; 0; 1; 0
12014; 2; 0; 0; 1; 1; 1; 0; 1; 0
12097; 2; 1; 0; 0,667185566121337; 0,332814433878663; 1; 0; 1; 0
12160; 16; 0; 0; 0,878026842202715; 0,878026842202715; 1; 0; 1; 0
12181; 10; 2; 0; 0,400600211096759; 0,209250616268705; 1; 0; 1; 0
12195; 10; 0; 0; 0,999626478083028; 0,999626478083028; 1; 0; 1; 0
12220; 13; 2; 0; 0,437286665015452; 0,26404845663232; 1; 0; 1; 0
12226; 11; 0; 0; 0,996806842707176; 0,996806842707176; 1; 0; 1; 0
12228; 2; 0; 0; 1; 1; 1; 0; 1; 0
12236; 8; 0; 0; 0,998368534001158; 0,998368534001158; 1; 0; 1; 0
12242; 10; 4; 0; 0,321318729457167; 0,00852231650908005; 1; 0; 1; 0
12248; 3; 0; 0; 0,936611284077922; 0,936611284077922; 1; 0; 1; 0
12251; 2; 0; 0; 1; 1; 1; 0; 1; 0
12255; 16; 0; 0; 0,688727640748745; 0,688727640748745; 1; 0; 1; 0
12273; 2; 0; 0; 0,976072351781336; 0,976072351781336; 1; 0; 1; 0
12274; 2; 0; 0; 0,888542818788578; 0,888542818788578; 1; 0; 1; 0
12292; 2; 1; 0; 0,535655519041631; 0,464344480958369; 1; 0; 1; 0
12345; 32; 1; 1; 0,998919379243056; 0,998919379243056; 0; 0; 0,500984484812199; 0,499015515187801
12360; 2; 0; 0; 1; 1; 1; 0; 1; 0
12365; 10; 0; 0; 0,987758790916399; 0,987758790916399; 1; 0; 1; 0
12372; 10; 2; 0; 0,435701765829968; 0,0587494139889132; 1; 0; 1; 0
12383; 48; 0; 0; 0,863175573286991; 0,863175573286991; 1; 0; 1; 0
12393; 2; 0; 0; 1; 1; 1; 0; 1; 0
12400; 8; 0; 0; 0,99992688720901; 0,99992688720901; 1; 0; 1; 0
12407; 16; 0; 0; 0,668420792585569; 0,668420792585569; 1; 0; 1; 0
12431; 10; 2; 0; 0,340541519736201; 0,141122879702266; 1; 0; 1; 0
12434; 22; 0; 0; 0,985045936868537; 0,985045936868537; 1; 0; 1; 0
12435; 10; 0; 0; 0,991117399395616; 0,991117399395616; 1; 0; 1; 0
12437; 16; 0; 0; 0,529340469013059; 0,529340469013059; 1; 0; 1; 0
12464; 48; 2; 0; 0,554357452856575; 0,0833406793614718; 1; 0; 1; 0
12489; 10; 0; 0; 0,815101102473117; 0,815101102473117; 1; 0; 1; 0
12535; 16; 0; 0; 0,953140358681444; 0,953140358681444; 1; 0; 1; 0
12544; 2; 0; 0; 1; 1; 1; 0; 1; 0
12568; 2; 0; 0; 0,96585374285643; 0,96585374285643; 1; 0; 1; 0
12574; 16; 0; 0; 0,962256233110497; 0,962256233110497; 1; 0; 1; 0
12583; 11; 0; 0; 0,963154828697054; 0,963154828697054; 1; 0; 1; 0
12593; 16; 0; 0; 0,876224214004773; 0,876224214004773; 1; 0; 1; 0
12616; 16; 0; 0; 0,967406308349516; 0,967406308349516; 1; 0; 1; 0
12618; 10; 0; 0; 0,985833839519635; 0,985833839519635; 1; 0; 1; 0
12629; 4; 0; 0; 0,999005856841256; 0,999005856841256; 1; 0; 1; 0
12633; 10; 0; 0; 0,995386328219748; 0,995386328219748; 1; 0; 1; 0
12636; 10; 3; 0; 0,372085357626006; 0,0942911535454267; 1; 0; 1; 0
12639; 13; 0; 0; 0,878391930970487; 0,878391930970487; 1; 0; 1; 0
12670; 10; 2; 0; 0,81713884174578; 0,0783295408701935; 1; 0; 1; 0
12726; 2; 1; 0; 1; 0; 1; 0; 1; 0
12745; 3; 0; 0; 0,725777529190602; 0,725777529190602; 1; 0; 1; 0
12762; 2; 1; 1; 0,991063398207051; 0,991063398207051; 0; 0; 0,429117560232381; 0,570882439767619
12780; 100; 20; 0; 0,246667592985668; 0,241892677521984; 1; 0; 1; 0
12793; 10; 0; 0; 0,649206653869997; 0,649206653869997; 1; 0; 1; 0
12794; 11; 2; 0; 0,333951280074489; 0,185798183209855; 1; 0; 1; 0
12809; 18; 5; 1; 0,21922407526631; 0,066221949901398; 0; 1; 0; 1
12846; 10; 3; 0; 0,273058539273944; 0,0413253265857578; 1; 0; 1; 0
12867; 2; 0; 0; 1; 1; 1; 0; 1; 0
12896; 4; 0; 0; 0,999398942748226; 0,999398942748226; 1; 0; 1; 0
12901; 11; 0; 0; 1; 1; 1; 0; 1; 0
12916; 2; 0; 1; 1; 0; 0; 0; 0,167385047325938; 0,832614952674062
12950; 2; 0; 0; 0,994399024746734; 0,994399024746734; 1; 0; 1; 0
12953; 3; 2; 0; 0,841101048134382; 0,0759344484840598; 1; 0; 1; 0
12957; 3; 0; 0; 0,943786728934661; 0,943786728934661; 1; 0; 1; 0
12963; 20; 10; 0; 0,24557233883785; 0,158635672571576; 1; 0; 1; 0
12991; 10; 4; 0; 0,40232951636843; 0,120652933541058; 1; 0; 1; 0
12993; 2; 1; 1; 0,999868118996852; 0,999868118996852; 0; 0; 0,499954889917529; 0,500045110082471
13018; 10; 1; 0; 0,331284703642694; 0,318323820041609; 1; 0; 1; 0
13055; 2; 0; 0; 0,992394879814712; 0,992394879814712; 1; 0; 1; 0
13058; 2; 0; 0; 0,999324992746544; 0,999324992746544; 1; 0; 1; 0
13070; 2; 0; 0; 0,997417389850223; 0,997417389850223; 1; 0; 1; 0
13097; 10; 0; 0; 0,385668357636532; 0,385668357636532; 1; 0; 1; 0
13098; 10; 0; 0; 0,725194897153035; 0,725194897153035; 1; 0; 1; 0
13108; 16; 2; 0; 0,493950583608895; 0,43451462843786; 1; 0; 1; 0
13112; 18; 0; 0; 0,770236113988657; 0,770236113988657; 1; 0; 1; 0
13121; 3; 0; 0; 0,72741361109896; 0,72741361109896; 1; 0; 1; 0
13154; 8; 0; 0; 0,998536732417163; 0,998536732417163; 1; 0; 1; 0
13167; 2; 0; 0; 0,997668166924359; 0,997668166924359; 1; 0; 1; 0
13179; 3; 0; 0; 0,866280506665078; 0,866280506665078; 1; 0; 1; 0
13216; 2; 1; 0; 0,832870865260608; 0,167129134739392; 1; 0; 1; 0
13218; 10; 0; 0; 0,99968332923076; 0,99968332923076; 1; 0; 1; 0
13221; 4; 0; 0; 0,997766833343046; 0,997766833343046; 1; 0; 1; 0
13237; 10; 4; 0; 0,364633874369754; 0,0627180915395429; 1; 0; 1; 0
13298; 22; 0; 0; 0,992330338616361; 0,992330338616361; 1; 0; 1; 0
13312; 3; 0; 0; 0,57989714850185; 0,57989714850185; 1; 0; 1; 0
13325; 10; 0; 0; 0,845323401374225; 0,845323401374225; 1; 0; 1; 0
13326; 2; 0; 0; 1; 1; 1; 0; 1; 0
13334; 4; 0; 0; 0,999005856841256; 0,999005856841256; 1; 0; 1; 0
13360; 10; 0; 0; 0,994470542317824; 0,994470542317824; 1; 0; 1; 0
13395; 10; 0; 0; 0,993474511790613; 0,993474511790613; 1; 0; 1; 0
13405; 2; 1; 0; 1; 0; 1; 0; 1; 0
13422; 3; 0; 0; 0,558295314879983; 0,558295314879983; 1; 0; 1; 0
13464; 10; 6; 0; 0,267900635564833; 0; 1; 0; 1; 0
13503; 16; 0; 0; 0,981363204354498; 0,981363204354498; 1; 0; 1; 0
13513; 11; 0; 0; 0,999424817022446; 0,999424817022446; 1; 0; 1; 0
13514; 10; 9; 0; 0,189985588226799; 0; 1; 0; 1; 0
13515; 16; 2; 0; 0,31254429488513; 0; 1; 0; 1; 0
13532; 2; 0; 0; 0,989034894501198; 0,989034894501198; 1; 0; 1; 0
13540; 10; 0; 0; 0,432833922240019; 0,432833922240019; 1; 0; 1; 0
13571; 4; 0; 0; 0,843728916508349; 0,843728916508349; 1; 0; 1; 0
13572; 2; 0; 0; 0,999577851879027; 0,999577851879027; 1; 0; 1; 0
13586; 2; 0; 0; 0,705263413367794; 0,705263413367794; 1; 0; 1; 0
13588; 10; 4; 0; 0,363298816886212; 0,074730313865281; 1; 0; 1; 0
13603; 10; 4; 0; 0,379243241662908; 0,0876323012979307; 1; 0; 1; 0
13614; 2; 1; 0; 0,776175977988343; 0,223824022011657; 1; 0; 1; 0
13625; 2; 0; 0; 0,99733017157054; 0,99733017157054; 1; 0; 1; 0
13633; 2; 1; 0; 0,776271947841246; 0,223728052158754; 1; 0; 1; 0
13644; 2; 1; 0; 1; 0; 1; 0; 1; 0
13684; 18; 1; 0; 0,367128389620885; 0,288857141373549; 1; 0; 1; 0
13685; 13; 0; 0; 0,999990618474115; 0,999990618474115; 1; 0; 1; 0
13689; 2; 0; 0; 0,713673872681286; 0,713673872681286; 1; 0; 1; 0
13693; 2; 0; 0; 0,641725145611489; 0,641725145611489; 1; 0; 1; 0
13707; 2; 0; 0; 0,999123447188294; 0,999123447188294; 1; 0; 1; 0
13717; 10; 0; 0; 1; 1; 1; 0; 1; 0
13720; 3; 0; 0; 0,729104240068283; 0,729104240068283; 1; 0; 1; 0
13723; 4; 0; 0; 1; 1; 1; 0; 1; 0
13728; 4; 0; 0; 0,935433890514901; 0,935433890514901; 1; 0; 1; 0
13737; 20; 0; 0; 0,99048225128391; 0,99048225128391; 1; 0; 1; 0
13746; 18; 1; 0; 0,51052974024714; 0,288429471042583; 1; 0; 1; 0
13747; 2; 0; 0; 0,769125855550479; 0,769125855550479; 1; 0; 1; 0
13762; 20; 0; 0; 0,991581292686509; 0,991581292686509; 1; 0; 1; 0
13797; 2; 1; 1; 0,99786390232288; 0,99786390232288; 0; 0; 0,33314918551223; 0,66685081448777
13803; 3; 0; 0; 0,883198050231351; 0,883198050231351; 1; 0; 1; 0
13846; 11; 0; 0; 1; 1; 1; 0; 1; 0
13848; 3; 0; 0; 0,711220623321093; 0,711220623321093; 1; 0; 1; 0
13894; 2; 0; 0; 0,615585988100188; 0,615585988100188; 1; 0; 1; 0
13927; 3; 0; 0; 0,717564245747098; 0,717564245747098; 1; 0; 1; 0
13947; 3; 0; 0; 0,519023335425751; 0,519023335425751; 1; 0; 1; 0
13951; 10; 2; 0; 0,449387501655528; 0,0850335516883444; 1; 0; 1; 0
13984; 10; 0; 0; 0,91315789549008; 0,91315789549008; 1; 0; 1; 0
13985; 16; 0; 0; 0,999652073017095; 0,999652073017095; 1; 0; 1; 0
14022; 2; 0; 0; 0,998143056699868; 0,998143056699868; 1; 0; 1; 0
14032; 10; 0; 0; 0,396667146878635; 0,396667146878635; 1; 0; 1; 0
14059; 16; 0; 0; 0,997484424317536; 0,997484424317536; 1; 0; 1; 0
14073; 19; 11; 0; 0,325081414652067; 0,293177439258107; 1; 0; 1; 0
14110; 2; 1; 0; 0,620322034496409; 0,379677965503591; 1; 0; 1; 0
14143; 3; 0; 0; 0,947015230521179; 0,947015230521179; 1; 0; 1; 0
14185; 3; 0; 0; 0,983241451924385; 0,983241451924385; 1; 0; 1; 0
14201; 2; 1; 1; 0,65667085202073; 0,65667085202073; 0; 0; 0,499871699868275; 0,500128300131725
14219; 2; 0; 0; 1; 1; 1; 0; 1; 0
14222; 3; 0; 0; 0,575011637584342; 0,575011637584342; 1; 0; 1; 0
14225; 3; 0; 0; 0,684669154861627; 0,684669154861627; 1; 0; 1; 0
14231; 3; 0; 0; 0,684256448390893; 0,684256448390893; 1; 0; 1; 0
14269; 2; 0; 0; 1; 1; 1; 0; 1; 0
14287; 20; 0; 0; 0,982701094991975; 0,982701094991975; 1; 0; 1; 0
14330; 20; 0; 0; 0,988596939946222; 0,988596939946222; 1; 0; 1; 0
14332; 16; 2; 0; 0,552638941486143; 0,442196507826894; 1; 0; 1; 0
14333; 2; 1; 1; 0,549654285914323; 0,549654285914323; 0; 0; 0,50057903542205; 0,49942096457795
14357; 16; 0; 0; 0,955859247483618; 0,955859247483618; 1; 0; 1; 0
14370; 2; 0; 0; 0,653888135813149; 0,653888135813149; 1; 0; 1; 0
14371; 13; 0; 0; 0,800629328442301; 0,800629328442301; 1; 0; 1; 0
14379; 11; 0; 0; 0,999999424738989; 0,999999424738989; 1; 0; 1; 0
14385; 10; 0; 0; 0,9470929263314; 0,9470929263314; 1; 0; 1; 0
14391; 2; 0; 0; 1; 1; 1; 0; 1; 0
14427; 16; 0; 0; 0,999179274928218; 0,999179274928218; 1; 0; 1; 0
14428; 2; 0; 0; 0,997768442519434; 0,997768442519434; 1; 0; 1; 0
14431; 16; 0; 0; 0,990424399120442; 0,990424399120442; 1; 0; 1; 0
14444; 3; 0; 0; 0,637077365027825; 0,637077365027825; 1; 0; 1; 0
14457; 2; 0; 0; 1; 1; 1; 0; 1; 0
14461; 10; 0; 0; 0,370666808924988; 0,370666808924988; 1; 0; 1; 0
14468; 10; 0; 0; 0,996600172528682; 0,996600172528682; 1; 0; 1; 0
14501; 2; 0; 1; 0,532021755483777; 0,467978244516223; 0; 0; 0,499204896857961; 0,500795103142039
14524; 3; 0; 0; 0,66506273905419; 0,66506273905419; 1; 0; 1; 0
14545; 2; 0; 0; 0,998428753583982; 0,998428753583982; 1; 0; 1; 0
14570; 16; 0; 0; 0,820979589437175; 0,820979589437175; 1; 0; 1; 0
14571; 10; 0; 0; 0,999532333574439; 0,999532333574439; 1; 0; 1; 0
14576; 10; 0; 0; 0,994202709596834; 0,994202709596834; 1; 0; 1; 0
14586; 10; 0; 0; 0,993681208704683; 0,993681208704683; 1; 0; 1; 0
14591; 4; 0; 0; 1; 1; 1; 0; 1; 0
14625; 10; 0; 0; 0,510963658890599; 0,510963658890599; 1; 0; 1; 0
14649; 16; 0; 0; 0,999705135021463; 0,999705135021463; 1; 0; 1; 0
14650; 2; 0; 0; 1; 1; 1; 0; 1; 0
14665; 2; 0; 0; 0,789439302957567; 0,789439302957567; 1; 0; 1; 0
14674; 16; 0; 0; 0,998413575455108; 0,998413575455108; 1; 0; 1; 0
14677; 2; 0; 0; 0,947471691665327; 0,947471691665327; 1; 0; 1; 0
14682; 3; 0; 0; 0,94071436078848; 0,94071436078848; 1; 0; 1; 0
14702; 2; 0; 1; 0,532357266772071; 0,467642733227929; 0; 0; 0,499204896857961; 0,500795103142039
14719; 2; 1; 0; 0,80920247668852; 0,19079752331148; 1; 0; 1; 0
14724; 40; 0; 0; 0,981344077112929; 0,981344077112929; 1; 0; 1; 0
14762; 4; 2; 2; 0,822868324229197; 0,822868324229197; 0; 0; 0,25018242581366; 0,74981757418634
14783; 2; 0; 0; 1; 1; 1; 0; 1; 0
14795; 10; 2; 0; 0,325877244984823; 0,281371466456016; 1; 0; 1; 0
14811; 6; 0; 0; 0,598929900549899; 0,598929900549899; 1; 0; 1; 0
14827; 16; 0; 0; 0,543233713749258; 0,543233713749258; 1; 0; 1; 0
14829; 4; 0; 0; 0,842559591683869; 0,842559591683869; 1; 0; 1; 0
14838; 16; 0; 0; 0,805633597727622; 0,805633597727622; 1; 0; 1; 0
14845; 16; 0; 0; 0,927139235982724; 0,927139235982724; 1; 0; 1; 0
14852; 20; 0; 0; 0,86939634061621; 0,86939634061621; 1; 0; 1; 0
14854; 16; 0; 0; 0,860557934678432; 0,860557934678432; 1; 0; 1; 0
14858; 22; 0; 0; 0,928371205491284; 0,928371205491284; 1; 0; 1; 0
14862; 4; 0; 0; 0,819131489640133; 0,819131489640133; 1; 0; 1; 0
14867; 2; 0; 0; 0,856874968548193; 0,856874968548193; 1; 0; 1; 0
14872; 2; 0; 0; 1; 1; 1; 0; 1; 0
14921; 2; 0; 0; 1; 1; 1; 0; 1; 0
14971; 22; 0; 0; 0,532199189851523; 0,532199189851523; 1; 0; 1; 0
14972; 16; 2; 0; 0,41314398537098; 0,191009691734734; 1; 0; 1; 0
14973; 4; 0; 0; 0,948485535995455; 0,948485535995455; 1; 0; 1; 0
14998; 2; 0; 0; 1; 1; 1; 0; 1; 0
15004; 10; 0; 0; 0,970743659997507; 0,970743659997507; 1; 0; 1; 0
15019; 2; 0; 0; 1; 1; 1; 0; 1; 0
15037; 2; 0; 0; 0,524095349632571; 0,524095349632571; 1; 0; 1; 0
15050; 2; 1; 1; 0,652769217853368; 0,652769217853368; 0; 0; 0,500599967389935; 0,499400032610065
15057; 3; 0; 0; 0,953385510139743; 0,953385510139743; 1; 0; 1; 0
15060; 2; 0; 0; 0,530682990858707; 0,530682990858707; 1; 0; 1; 0
15083; 2; 0; 0; 1; 1; 1; 0; 1; 0
15086; 11; 0; 0; 0,820923890682945; 0,820923890682945; 1; 0; 1; 0
15095; 22; 0; 0; 0,930350334415406; 0,930350334415406; 1; 0; 1; 0
15107; 11; 0; 0; 1; 1; 1; 0; 1; 0
15111; 2; 0; 0; 1; 1; 1; 0; 1; 0
15148; 3; 1; 2; 0,377930065238347; 0,346825197016852; 0; 0; 0,428139817652065; 0,571860182347935
15165; 10; 0; 0; 0,999962263917344; 0,999962263917344; 1; 0; 1; 0
15185; 16; 0; 0; 0,999957997357167; 0,999957997357167; 1; 0; 1; 0
15213; 3; 2; 0; 0,767610939816216; 0; 1; 0; 1; 0
15216; 16; 0; 0; 0,999987687484273; 0,999987687484273; 1; 0; 1; 0
15236; 10; 0; 0; 0,999691478617858; 0,999691478617858; 1; 0; 1; 0
15254; 2; 0; 0; 0,961206550459616; 0,961206550459616; 1; 0; 1; 0
15261; 11; 0; 0; 0,998116321703502; 0,998116321703502; 1; 0; 1; 0
15267; 16; 0; 0; 0,648300493065887; 0,648300493065887; 1; 0; 1; 0
15271; 3; 0; 0; 0,422406620726298; 0,422406620726298; 1; 0; 1; 0
15272; 3; 0; 0; 0,512733010324308; 0,512733010324308; 1; 0; 1; 0
15283; 11; 0; 0; 0,677799021379357; 0,677799021379357; 1; 0; 1; 0
15284; 22; 0; 0; 0,998213759447207; 0,998213759447207; 1; 0; 1; 0
15286; 2; 1; 1; 0,574114101615901; 0,574114101615901; 0; 0; 0,499871699868275; 0,500128300131725
15295; 3; 0; 0; 0,938517665332501; 0,938517665332501; 1; 0; 1; 0
15299; 22; 0; 0; 0,937538993758711; 0,937538993758711; 1; 0; 1; 0
15301; 2; 0; 0; 1; 1; 1; 0; 1; 0
15302; 16; 0; 0; 0,626102222344489; 0,626102222344489; 1; 0; 1; 0
15311; 2; 1; 0; 0,536020789377215; 0,463979210622785; 1; 0; 1; 0
15325; 19; 11; 0; 0,200578743167021; 0; 1; 0; 1; 0
15339; 13; 0; 0; 0,999928076043897; 0,999928076043897; 1; 0; 1; 0
15374; 16; 0; 0; 0,921557162163166; 0,921557162163166; 1; 0; 1; 0
15393; 10; 1; 0; 0,304064035157137; 0,275586723576899; 1; 0; 1; 0
15406; 2; 0; 0; 1; 1; 1; 0; 1; 0
15419; 3; 0; 0; 0,956200049472614; 0,956200049472614; 1; 0; 1; 0
15436; 19; 5; 0; 0,205955453702081; 0; 1; 0; 1; 0
15458; 40; 0; 0; 0,935629658818362; 0,935629658818362; 1; 0; 1; 0
15462; 4; 0; 0; 0,765766562988178; 0,765766562988178; 1; 0; 1; 0
15466; 2; 0; 0; 1; 1; 1; 0; 1; 0
15468; 2; 0; 0; 1; 1; 1; 0; 1; 0
15472; 2; 0; 0; 0,971073408649918; 0,971073408649918; 1; 0; 1; 0
15484; 2; 1; 1; 0,816299791810299; 0,816299791810299; 0; 0; 0,429117560232381; 0,570882439767619
15485; 22; 0; 0; 0,969284339004816; 0,969284339004816; 1; 0; 1; 0
15507; 3; 1; 0; 0,764334475176955; 0,158387156844354; 1; 0; 1; 0
15522; 2; 0; 0; 0,911337428114574; 0,911337428114574; 1; 0; 1; 0
15523; 3; 0; 0; 0,650809036333161; 0,650809036333161; 1; 0; 1; 0
15530; 2; 1; 1; 0,546302203588184; 0,546302203588184; 0; 0; 0,334321691806297; 0,665678308193703
15531; 2; 0; 0; 0,532306176377592; 0,532306176377592; 1; 0; 1; 0
15546; 16; 0; 0; 0,999987577428804; 0,999987577428804; 1; 0; 1; 0
15549; 2; 0; 1; 0,500297044431256; 0,499702955568744; 0; 0; 0,200412394553236; 0,799587605446764
15562; 22; 0; 0; 0,928314582077752; 0,928314582077752; 1; 0; 1; 0
15587; 10; 0; 0; 0,391741729115139; 0,391741729115139; 1; 0; 1; 0
15620; 3; 0; 0; 0,974227200526425; 0,974227200526425; 1; 0; 1; 0
15622; 2; 0; 0; 0,941306892356467; 0,941306892356467; 1; 0; 1; 0
15627; 11; 0; 0; 1; 1; 1; 0; 1; 0
15630; 2; 0; 0; 0,70239719246403; 0,70239719246403; 1; 0; 1; 0
15641; 2; 1; 1; 0,617712653307374; 0,617712653307374; 0; 0; 0,334321691806297; 0,665678308193703
15650; 13; 0; 0; 0,999894121604612; 0,999894121604612; 1; 0; 1; 0
15656; 11; 0; 0; 1; 1; 1; 0; 1; 0
15703; 2; 0; 0; 1; 1; 1; 0; 1; 0
15709; 10; 0; 0; 0,964025112073763; 0,964025112073763; 1; 0; 1; 0
15725; 2; 0; 0; 0,566782733743392; 0,566782733743392; 1; 0; 1; 0
15726; 10; 0; 0; 0,92893697011028; 0,92893697011028; 1; 0; 1; 0
15740; 2; 1; 1; 0,64627698338867; 0,64627698338867; 0; 0; 0,499871699868275; 0,500128300131725
15750; 10; 0; 0; 0,993949775815882; 0,993949775815882; 1; 0; 1; 0
15754; 13; 0; 0; 0,998602208280268; 0,998602208280268; 1; 0; 1; 0
15775; 26; 1; 1; 0,551993540983153; 0,551993540983153; 0; 0; 0,499830914844845; 0,500169085155155
15798; 2; 0; 0; 1; 1; 1; 0; 1; 0
15810; 2; 0; 0; 1; 1; 1; 0; 1; 0
15818; 3; 2; 0; 0,594764278879376; 0,309914894097298; 1; 0; 1; 0
15830; 10; 0; 0; 0,999996881867294; 0,999996881867294; 1; 0; 1; 0
15834; 2; 0; 0; 0,985436107834453; 0,985436107834453; 1; 0; 1; 0
15863; 10; 0; 0; 0,936753869270309; 0,936753869270309; 1; 0; 1; 0
15875; 16; 2; 0; 0,401385762293103; 0,16480420131042; 1; 0; 1; 0
15900; 4; 0; 0; 0,96147779898813; 0,96147779898813; 1; 0; 1; 0
15912; 2; 0; 0; 0,552938170019117; 0,552938170019117; 1; 0; 1; 0
15961; 2; 0; 0; 0,995375643597176; 0,995375643597176; 1; 0; 1; 0
