MAC; alternativas; MasProb; Elección; MaxProb; ElecProb; velocidad
4; 11; 0; 0; 1; 1; 9,32147264498352
21; 2; 0; 0; 1; 1; 7,0069563234326
32; 10; 0; 0; 1; 1; 11,2809050151125
54; 20; 0; 0; 0,999987313868461; 0,999987313868461; 6,27811334125051
68; 3; 0; 0; 0,982934605205545; 0,982934605205545; 9,42637634920573
70; 16; 0; 0; 1; 1; 14,0990981810611
77; 16; 2; 0; 0,827365719808408; 0,169457929728552; 5,63963927242444
109; 2; 0; 0; 1; 1; 7,02634502484776
113; 4; 0; 0; 1; 1; 8,02923830221735
113; 10; 0; 0; 1; 1; 8,0577892965089
128; 2; 0; 0; 1; 1; 7,03189740248644
176; 10; 0; 0; 1; 1; 8,41206885352755
191; 10; 0; 0; 0,999957816500601; 0,999957816500601; 9,35516627376719
231; 20; 0; 0; 0,995869011458554; 0,995869011458554; 5,13663818829587
235; 10; 7; 0; 0,148606562604248; 0,0264606480161076; 10,0717820636226
244; 20; 0; 0; 1; 1; 9,41717001187576
273; 3; 0; 0; 0,538958994779859; 0,538958994779859; 5,65582580952344
277; 10; 0; 0; 1; 1; 8,45926465494068
281; 10; 0; 0; 0,999995821093547; 0,999995821093547; 4,67337158529308
302; 10; 8; 0; 0,118563324329322; 0,0286711792741547; 11,7504124075597
304; 10; 7; 0; 0,14127643198304; 0,0617643878897276; 7,00210496444723
321; 10; 0; 0; 1; 1; 11,2809050151125
340; 2; 1; 0; 0,993377451950076; 0,00662254804992423; 8,44782127273664
358; 2; 0; 0; 1; 1; 6,0324472084581
362; 3; 1; 0; 0,387816473850521; 0,224367052298957; 10,5149791938726
363; 3; 1; 0; 0,369241097181702; 0,261517805636596; 14,118266089305
365; 10; 0; 0; 1; 1; 7,98998492008638
379; 4; 0; 0; 1; 1; 11,2128235288417
379; 17; 0; 0; 1; 1; 10,5688893630129
402; 2; 1; 0; 0,999900440937046; 9,95590629545087E-05; 14,066509878026
416; 10; 0; 0; 0,83527342971616; 0,83527342971616; 6,15364992680599
447; 10; 0; 0; 1; 1; 7,01005737793963
468; 10; 0; 0; 0,85086444080193; 0,85086444080193; 7,04532067852356
477; 2; 0; 0; 1; 1; 7,03189740248644
498; 2; 0; 0; 0,991200904684826; 0,991200904684826; 9,37962301507323
503; 2; 1; 0; 1; 0; 4,01371620543174
510; 2; 0; 0; 0,559488835855106; 0,559488835855106; 7,0385283458323
528; 2; 0; 0; 1; 1; 7,05156359990031
537; 10; 0; 0; 0,842408152175377; 0,842408152175377; 7,04532067852356
541; 2; 0; 0; 1; 1; 7,03691904436078
543; 20; 0; 0; 1; 1; 8,07186001017923
546; 10; 0; 0; 1; 1; 6,98856855717409
555; 10; 0; 0; 0,999996692676666; 0,999996692676666; 4,67337158529308
565; 2; 0; 0; 1; 1; 9,42537666037043
570; 10; 6; 0; 0,148606562604248; 0,0264606480161076; 10,0717820636226
615; 2; 0; 0; 1; 1; 10,5206347340795
620; 18; 0; 0; 0,877996630304539; 0,877996630304539; 8,66056665018511
630; 10; 0; 0; 1; 1; 11,2809050151125
671; 2; 0; 0; 0,661654498098793; 0,661654498098793; 6,24253821842544
673; 13; 0; 0; 0,583504930046715; 0,583504930046715; 10,524711590337
679; 4; 0; 0; 1; 1; 8,00915966345835
692; 10; 0; 0; 1; 1; 8,41206885352755
718; 2; 0; 0; 1; 1; 10,0747497943563
734; 10; 0; 0; 1; 1; 6,39493122143679
743; 2; 0; 0; 0,61804005410388; 0,61804005410388; 7,0385283458323
766; 2; 0; 0; 1; 1; 7,03189740248644
786; 10; 0; 0; 0,990279330550241; 0,990279330550241; 8,45438481422827
794; 13; 2; 0; 0,731738301441508; 0,239592561751606; 6,47674559405356
795; 2; 0; 0; 1; 1; 7,02634502484776
821; 2; 0; 0; 1; 1; 4,68423001656517
825; 3; 0; 0; 1; 1; 9,35392291611798
827; 10; 0; 0; 1; 1; 14,1031271998006
828; 16; 0; 0; 1; 1; 12,0024392296373
829; 2; 0; 0; 1; 1; 7,02634502484776
830; 4; 0; 0; 1; 1; 9,34401960736808
830; 17; 0; 0; 1; 1; 8,45511149041034
844; 2; 0; 0; 0,50051956733079; 0,50051956733079; 7,0131354232374
881; 18; 0; 0; 0,893138138565207; 0,893138138565207; 9,38228053770054
894; 10; 0; 0; 1; 1; 8,41206885352755
914; 10; 0; 0; 0,559101766958627; 0,559101766958627; 6,03884629587733
919; 10; 0; 0; 1; 1; 8,0577892965089
928; 11; 0; 0; 1; 1; 13,9822089674753
987; 13; 2; 0; 0,703865177025147; 0,24887624740568; 6,01412090876402
991; 3; 0; 0; 0,931174657765146; 0,931174657765146; 8,07975115646205
1001; 2; 0; 0; 1; 1; 4,68423001656517
1007; 3; 2; 0; 0,387417728374367; 0,225164543251266; 10,5886995669788
1018; 3; 0; 0; 0,999998645539056; 0,999998645539056; 5,6206046436487
1051; 10; 0; 0; 0,407906259746954; 0,407906259746954; 6,03884629587733
1092; 10; 0; 0; 1; 1; 8,41206885352755
1093; 10; 2; 0; 0,560038103223206; 0,0320739398097498; 3,75980595423084
1098; 4; 0; 0; 1; 1; 8,02923830221735
1098; 10; 0; 0; 1; 1; 11,2809050151125
1102; 10; 2; 0; 0,518355543033364; 0,077442720840334; 4,02836352239019
1110; 10; 0; 0; 1; 1; 7,05024744453582
1111; 10; 0; 0; 0,464808414851339; 0,464808414851339; 6,03884629587733
1127; 2; 1; 0; 0,585101233837668; 0,414898766162332; 2,94317732745534
1183; 3; 0; 0; 1; 1; 10,5209581403273
1187; 2; 0; 0; 1; 1; 7,03189740248644
1208; 16; 0; 0; 1; 1; 10,5691609502384
1212; 3; 0; 0; 1; 1; 10,5209581403273
1250; 16; 2; 0; 0,0650747812183973; 0,0238782817240402; 11,2709013206505
1256; 2; 0; 0; 1; 1; 5,27107816018287
1271; 2; 0; 0; 1; 1; 11,2689070200935
1273; 3; 0; 0; 0,866709232956158; 0,866709232956158; 7,06978226190429
1315; 16; 0; 0; 1; 1; 9,39241776720872
1329; 2; 0; 0; 1; 1; 5,62551792198915
1331; 10; 0; 0; 1; 1; 13,9771371143482
1338; 16; 2; 0; 0,860596133266245; 0,129709746570646; 5,12694479311313
1342; 2; 0; 0; 1; 1; 10,5600997620791
1347; 13; 2; 0; 0,734784581157619; 0,246682489846417; 7,01647439355802
1354; 2; 0; 0; 0,99984869853734; 0,99984869853734; 11,1859736324442
1368; 3; 0; 0; 0,992813178635813; 0,992813178635813; 3,82580296011903
1370; 2; 0; 0; 1; 1; 10,4888446894103
1376; 2; 0; 0; 1; 1; 7,67983752068097
1380; 2; 0; 0; 1; 1; 10,4888446894103
1380; 10; 1; 0; 0,377727859556401; 0,368112419858503; 6,03884629587733
1392; 2; 0; 0; 0,850179789156129; 0,850179789156129; 6,26364806965071
1431; 2; 0; 0; 0,970444481322199; 0,970444481322199; 7,04660407849692
1438; 2; 0; 0; 1; 1; 3,50336252376883
1471; 3; 0; 0; 0,637873463387311; 0,637873463387311; 8,20932019880249
1474; 3; 0; 0; 0,928666241553869; 0,928666241553869; 8,07975115646205
1477; 10; 1; 0; 0,39852257497073; 0,337747473158575; 6,03884629587733
1478; 3; 0; 0; 0,815129883544573; 0,815129883544573; 6,22005108177243
1484; 3; 0; 0; 1; 1; 6,05068546684501
1489; 2; 0; 0; 1; 1; 5,62107601987821
1495; 20; 0; 0; 0,996337384782338; 0,996337384782338; 5,13663818829587
1576; 2; 0; 0; 0,573076016761761; 0,573076016761761; 7,01113123969638
1576; 10; 1; 0; 0,520064702758846; 0,111044652138539; 5,28399050889267
1587; 10; 0; 0; 1; 1; 7,69397085143373
1588; 2; 0; 0; 1; 1; 7,69261483625488
1607; 10; 0; 0; 1; 1; 5,25754303345472
1618; 18; 0; 0; 1; 1; 6,23159404235021
1624; 2; 0; 0; 0,995960336814506; 0,995960336814506; 9,32164469370353
1649; 22; 0; 0; 1; 1; 7,69376746080626
1650; 2; 0; 0; 0,629103444574556; 0,629103444574556; 5,09580003457285
1675; 13; 2; 0; 0,638865273254451; 0,35852605945115; 9,3552991914107
1676; 2; 1; 0; 1; 0; 5,38996640264046
1687; 2; 0; 0; 0,959084459038921; 0,959084459038921; 4,69537792503896
1690; 2; 0; 0; 1; 1; 5,62551792198915
1691; 22; 0; 0; 1; 1; 8,46314420688689
1698; 2; 1; 0; 0,587038927743678; 0,412961072256323; 13,9851262525471
1703; 10; 0; 0; 0,747522551848408; 0,747522551848408; 5,18202099099452
1729; 2; 0; 0; 1; 1; 7,03189740248644
1753; 10; 0; 0; 0,746566212239071; 0,746566212239071; 5,27868570987221
1800; 10; 0; 0; 1; 1; 5,25754303345472
1808; 18; 0; 0; 0,882374525461412; 0,882374525461412; 8,66056665018511
1809; 3; 0; 0; 1; 1; 7,05913304465251
1809; 16; 0; 0; 1; 1; 14,0922146003179
1811; 18; 0; 0; 0,849174342289207; 0,849174342289207; 7,50582443016043
1813; 2; 0; 0; 0,598862545094669; 0,598862545094669; 6,47628517339648
1842; 2; 1; 0; 1; 0; 5,25985156742805
1875; 2; 0; 0; 0,783746120700748; 0,783746120700748; 7,79014582188486
1875; 2; 0; 0; 1; 1; 7,04306688755844
1945; 10; 0; 0; 0,999917570061848; 0,999917570061848; 4,20603442676378
1954; 10; 7; 0; 0,104137429649686; 0,0627631331528219; 11,1859788881209
1956; 10; 0; 0; 0,842408152175377; 0,842408152175377; 7,04532067852356
1965; 3; 0; 0; 1; 1; 4,67332408616558
1975; 2; 0; 0; 1; 1; 7,03691904436078
1980; 2; 0; 0; 1; 1; 18,8377943660565
1981; 2; 0; 0; 1; 1; 5,62107601987821
1997; 2; 0; 0; 0,701722499998163; 0,701722499998163; 4,32905677618765
2008; 22; 16; 0; 0,0579159504719559; 0,0113493523425232; 10,5789302586086
2021; 2; 0; 0; 1; 1; 5,01371420848693
2023; 2; 0; 0; 1; 1; 7,02634502484776
2030; 2; 1; 0; 0,71970690860929; 0,28029309139071; 4,96119103678352
2031; 10; 0; 0; 1; 1; 7,69397085143373
2032; 2; 1; 0; 0,986061582055395; 0,0139384179446053; 3,51142774786431
2033; 2; 0; 0; 0,910877283056289; 0,910877283056289; 4,31183079848472
2059; 2; 1; 0; 0,887617959436567; 0,112382040563433; 5,61050833858992
2102; 10; 0; 0; 1; 1; 13,9813837515407
2126; 10; 0; 0; 1; 1; 11,2809050151125
2145; 18; 0; 0; 1; 1; 7,01054329764399
2155; 2; 0; 0; 0,926959378420928; 0,926959378420928; 8,77959288589469
2163; 2; 0; 0; 0,692898817979645; 0,692898817979645; 4,32905677618765
2175; 2; 0; 0; 1; 1; 4,66170875084903
2187; 2; 0; 0; 0,907061170381887; 0,907061170381887; 4,00384288430724
2224; 2; 0; 0; 1; 1; 5,62107601987821
2246; 10; 7; 0; 0,14127643198304; 0,0617643878897276; 7,00210496444723
2278; 2; 1; 0; 0,792887904155463; 0,207112095844537; 7,01597560451285
2283; 2; 1; 0; 0,792887904155463; 0,207112095844537; 7,01597560451285
2291; 2; 0; 0; 1; 1; 5,27107816018287
2299; 4; 0; 0; 1; 1; 11,2128235288417
2310; 10; 0; 0; 1; 1; 11,215686962354
2329; 22; 0; 0; 0,999999996058389; 0,999999996058389; 7,69376746080626
2398; 2; 0; 0; 1; 1; 4,68423001656517
2417; 10; 0; 0; 1; 1; 11,7504124075597
2421; 2; 0; 0; 1; 1; 14,1380649905556
2423; 3; 1; 0; 0,999974493288323; 0; 4,6944967701438
2426; 16; 0; 0; 1; 1; 8,45532876019076
2442; 2; 0; 0; 1; 1; 11,3026766196339
2453; 18; 0; 0; 0,19872886294292; 0,19872886294292; 4,97352669566138
2456; 10; 2; 0; 0,499165758960702; 0,444133155245049; 4,13789667269439
2496; 16; 0; 0; 0,999906287093785; 0,999906287093785; 11,2792785448489
2507; 10; 0; 0; 1; 1; 8,41206885352755
2514; 4; 0; 0; 1; 1; 9,34401960736808
2514; 10; 0; 0; 1; 1; 11,2809050151125
2518; 2; 1; 0; 1; 0; 3,52153344377922
2531; 22; 0; 0; 0,999999996058389; 0,999999996058389; 7,69376746080626
2532; 14; 1; 0; 0,50307418927756; 0,0797517934345393; 6,69248703919827
2536; 10; 0; 0; 1; 1; 7,01005737793963
2542; 2; 0; 0; 0,512935582345265; 0,512935582345265; 7,0131354232374
2553; 2; 0; 0; 0,999837556983394; 0,999837556983394; 6,49832405596082
2571; 3; 0; 0; 0,913471157375118; 0,913471157375118; 8,07975115646205
2626; 10; 0; 0; 0,999999860931902; 0,999999860931902; 5,83508747037269
2627; 19; 2; 0; 0,805044750533725; 0; 6,03339015503646
2636; 16; 0; 0; 1; 1; 7,04610730015896
2657; 10; 0; 0; 0,972779460745075; 0,972779460745075; 6,99069187577033
2663; 10; 0; 0; 0,999935673609901; 0,999935673609901; 4,67337158529308
2708; 2; 1; 0; 0,533838572364214; 0,466161427635786; 5,09580003457285
2738; 10; 0; 0; 1; 1; 7,01005737793963
2766; 13; 0; 0; 0,937779001948778; 0,937779001948778; 10,524711590337
2766; 2; 0; 0; 1; 1; 11,2689070200935
2775; 3; 0; 0; 0,988390933234864; 0,988390933234864; 4,20838325613094
2801; 16; 2; 0; 0,74936584979508; 0; 6,49440072774096
2807; 11; 0; 0; 1; 1; 13,9822089674753
2814; 10; 0; 0; 0,834973128414851; 0,834973128414851; 7,04532067852356
2822; 17; 0; 0; 1; 1; 8,45511149041034
2832; 10; 0; 0; 0,99450015662761; 0,99450015662761; 3,82366766069434
2838; 11; 0; 0; 1; 1; 9,32147264498352
2856; 2; 0; 0; 1; 1; 10,0747497943563
2858; 4; 0; 0; 1; 1; 14,0160294110521
2858; 17; 0; 0; 1; 1; 8,45511149041034
2872; 18; 1; 0; 0,659892445294164; 0,284684021574725; 5,92748806267931
2874; 2; 0; 0; 1; 1; 4,68423001656517
2875; 3; 0; 0; 0,999820860688149; 0,999820860688149; 10,5886995669788
2878; 4; 0; 0; 0,999992963841962; 0,999992963841962; 7,02558351444018
2878; 2; 0; 0; 1; 1; 5,62551792198915
2883; 3; 0; 0; 0,999832932308287; 0,999832932308287; 10,5886995669788
2895; 2; 0; 0; 1; 1; 5,62107601987821
2898; 3; 0; 0; 0,795893515995032; 0,795893515995032; 6,28425089947048
2911; 2; 0; 0; 1; 1; 7,04306688755844
2922; 10; 2; 0; 0,515935726850423; 0,0258825683582598; 3,49534593788516
2936; 20; 0; 0; 1; 1; 9,41717001187576
2936; 2; 0; 0; 1; 1; 4,66170875084903
2952; 10; 0; 0; 1; 1; 7,01005737793963
2957; 2; 0; 0; 1; 1; 5,26495618066078
2973; 2; 1; 0; 1; 0; 3,74880524525515
2992; 2; 0; 0; 0,895806083098759; 0,895806083098759; 2,79601846108257
2994; 3; 0; 0; 0,990177283282811; 0,990177283282811; 4,20838325613094
3011; 10; 0; 0; 0,810541024982462; 0,810541024982462; 7,04532067852356
3018; 2; 1; 0; 0,778264779066278; 0,221735220933722; 7,01597560451285
3045; 3; 0; 0; 0,969306944698039; 0,969306944698039; 3,82580296011903
3045; 2; 0; 0; 1; 1; 7,03691904436078
3053; 11; 3; 0; 0,913808057019338; 0; 7,67980009403301
3060; 2; 0; 0; 1; 1; 11,2689070200935
3063; 10; 0; 0; 1; 1; 10,5150860669094
3063; 10; 0; 0; 0,999999938151164; 0,999999938151164; 7,03442434358047
3069; 2; 0; 0; 1; 1; 4,68793160165763
3081; 11; 3; 0; 0,913849433461327; 0; 7,67980009403301
3082; 3; 0; 0; 0,684339692930191; 0,684339692930191; 5,14165982683949
3100; 2; 0; 0; 0,978496820268241; 0,978496820268241; 7,00880232919177
3103; 3; 1; 0; 0,369684948360509; 0,260630103278982; 14,0279441871031
3121; 2; 0; 0; 1; 1; 10,5600997620791
3129; 16; 0; 0; 0,999876330556735; 0,999876330556735; 11,2792785448489
3130; 2; 0; 0; 1; 1; 5,62551792198915
3152; 3; 0; 0; 0,933069971443107; 0,933069971443107; 8,07975115646205
3160; 2; 1; 0; 1; 0; 4,6754236154916
3169; 10; 0; 0; 0,998113427411471; 0,998113427411471; 9,40208479986707
3212; 22; 0; 0; 1; 1; 14,1052403448115
3214; 3; 0; 0; 1; 1; 8,41676651226188
3220; 11; 0; 0; 1; 1; 12,0048119551263
3225; 10; 0; 0; 1; 1; 7,01005737793963
3226; 2; 0; 0; 1; 1; 5,01371420848693
3229; 13; 0; 0; 0,856239254446149; 0,856239254446149; 9,3552991914107
3270; 17; 0; 0; 1; 1; 8,45511149041034
3304; 2; 0; 0; 1; 1; 4,68423001656517
3315; 2; 0; 0; 1; 1; 5,62551792198915
3321; 16; 2; 0; 0,730471727219657; 0,268162575358941; 5,12694479311313
3327; 19; 2; 0; 0,957354225629424; 0; 7,03895518087587
3332; 10; 0; 0; 1; 1; 10,0717820636226
3336; 3; 0; 0; 1; 1; 4,67332408616558
3355; 2; 0; 0; 1; 1; 7,06903249527782
3359; 10; 0; 0; 0,606362717441686; 0,606362717441686; 6,03884629587733
3366; 2; 0; 0; 0,509235326080384; 0,509235326080384; 6,24253821842544
3395; 18; 0; 0; 0,892446780335158; 0,892446780335158; 7,50582443016043
3402; 2; 1; 0; 1; 0; 4,6754236154916
3405; 3; 0; 0; 0,999831423804664; 0,999831423804664; 5,26047907016367
3409; 3; 2; 0; 0,470553576669656; 0,109536139713886; 6,1462832707773
3420; 2; 0; 0; 0,707841818303868; 0,707841818303868; 7,65069318898626
3435; 10; 2; 0; 0,529135536501983; 0,359451363241088; 5,28399050889267
3472; 10; 0; 0; 1; 1; 11,1817096914785
3475; 2; 0; 0; 0,998903699844804; 0,998903699844804; 4,69537792503896
3477; 10; 4; 0; 0,468819363228853; 0; 7,69261483625487
3484; 2; 1; 0; 0,824765416105282; 0,175234583894718; 5,61050833858992
3486; 2; 0; 0; 1; 1; 9,38255872581438
3512; 3; 0; 0; 0,998338067814094; 0,998338067814094; 4,67598139570104
3527; 2; 0; 0; 1; 1; 7,03189740248644
3539; 3; 0; 0; 0,899980778697807; 0,899980778697807; 8,07975115646205
3567; 16; 0; 0; 0,988707669936368; 0,988707669936368; 9,39939878737407
3570; 16; 0; 0; 1; 1; 14,0886266508131
3578; 2; 0; 0; 1; 1; 5,26495618066078
3594; 3; 0; 0; 0,913471157375118; 0,913471157375118; 8,07975115646205
3600; 3; 0; 0; 0,916255419377393; 0,916255419377393; 8,07975115646205
3604; 10; 0; 0; 0,999978959989907; 0,999978959989907; 5,28704040933793
3604; 10; 0; 0; 1; 1; 7,81602704842274
3611; 3; 0; 0; 1; 1; 14,118266089305
3645; 2; 0; 0; 1; 1; 7,03189740248644
3648; 2; 1; 0; 0,52085197526451; 0,47914802473549; 4,68190366381908
3658; 2; 0; 0; 1; 1; 7,02634502484776
3676; 10; 0; 0; 1; 1; 11,1817096914785
3682; 2; 0; 0; 1; 1; 5,27839130740084
3695; 10; 0; 0; 0,991133923541505; 0,991133923541505; 7,98936214373752
3740; 2; 0; 0; 0,883412500223315; 0,883412500223315; 3,12528773443842
3769; 10; 2; 0; 0,600324390198977; 0,098934123377637; 4,69688045234904
3771; 10; 0; 0; 0,999402500057273; 0,999402500057273; 4,20603442676378
3783; 10; 0; 0; 0,999927057726149; 0,999927057726149; 6,2120609397103
3790; 10; 0; 0; 0,999938977942356; 0,999938977942356; 4,67337158529308
3795; 2; 0; 0; 1; 1; 7,02634502484776
3798; 11; 0; 0; 1; 1; 5,59288358699011
3805; 2; 1; 0; 0,52281863402711; 0,47718136597289; 5,02219466003125
3806; 3; 0; 0; 0,99714825511135; 0,99714825511135; 3,82362879777184
3809; 4; 0; 0; 1; 1; 8,02923830221735
3817; 2; 0; 0; 0,794736017097619; 0,794736017097619; 6,25308201004882
3817; 2; 0; 0; 1; 1; 7,04306688755844
3822; 16; 2; 0; 0,648420548615702; 0; 6,03051496147375
3824; 2; 0; 0; 0,930255675893002; 0,930255675893002; 6,15625633464721
3843; 16; 0; 0; 0,999863387832522; 0,999863387832522; 11,2792785448489
3846; 2; 0; 0; 0,999867578259919; 0,999867578259919; 7,05156359990031
3888; 10; 0; 0; 1; 1; 6,00862060966254
3940; 11; 0; 0; 1; 1; 5,59288358699011
3942; 2; 0; 0; 1; 1; 4,68793160165763
3958; 2; 1; 0; 1; 0; 4,6754236154916
3964; 2; 1; 0; 0,587038927743678; 0,412961072256323; 13,9851262525471
3984; 20; 0; 0; 1; 1; 8,07186001017923
4017; 10; 0; 0; 1; 1; 7,01005737793963
4030; 2; 0; 0; 1; 1; 5,62107601987821
4032; 10; 0; 0; 0,644003713847648; 0,644003713847648; 5,59298944406047
4047; 2; 1; 0; 0,750596237762321; 0,249403762237679; 4,32905677618765
4055; 16; 0; 0; 1; 1; 11,2709013206505
4069; 22; 0; 0; 1; 1; 12,0902060098384
4083; 10; 0; 0; 1; 1; 7,69397085143373
4085; 2; 0; 0; 1; 1; 7,03189740248644
4108; 2; 1; 0; 0,53675819865627; 0,46324180134373; 5,09580003457285
4124; 10; 0; 0; 1; 1; 11,1817096914785
4125; 16; 0; 0; 1; 1; 7,04610730015896
4144; 3; 1; 0; 0,531273417814824; 0,468058601383957; 9,36947936008866
4147; 22; 0; 0; 1; 1; 8,46314420688689
4153; 2; 0; 0; 0,667167925270308; 0,667167925270308; 7,01113123969638
4166; 2; 0; 0; 1; 1; 5,27839130740084
4193; 4; 0; 0; 1; 1; 11,2128235288417
4193; 17; 0; 0; 1; 1; 10,5688893630129
4207; 16; 2; 0; 0,419285669616198; 0; 5,27670059128953
4225; 10; 0; 0; 0,993436599710641; 0,993436599710641; 3,82366766069434
4225; 10; 0; 0; 0,949893187000996; 0,949893187000996; 7,04532067852356
4242; 2; 0; 0; 1; 1; 7,03785507653446
4245; 13; 0; 0; 0,563086630176158; 0,563086630176158; 7,6543357020633
4278; 20; 0; 0; 1; 1; 8,07186001017923
4294; 10; 0; 0; 1; 1; 6,0423318963862
4302; 11; 0; 0; 1; 1; 9,32147264498352
4317; 3; 0; 0; 0,98172237802438; 0,98172237802438; 7,05913304465251
4335; 2; 0; 0; 1; 1; 7,03189740248644
4341; 2; 1; 0; 0,837346474780369; 0,162653525219631; 5,60253347316479
4354; 2; 0; 0; 0,999960012524644; 0,999960012524644; 7,03985106062423
4355; 10; 0; 0; 0,900106651810572; 0,900106651810572; 6,56389325525972
4372; 2; 0; 0; 1; 1; 10,4888446894103
4379; 2; 0; 0; 1; 1; 4,66170875084903
4384; 10; 0; 0; 0,958268083165537; 0,958268083165537; 7,04532067852356
4391; 3; 0; 0; 1; 1; 4,67332408616558
4392; 19; 0; 0; 0,456654464494322; 0,456654464494322; 5,62116945715164
4431; 2; 0; 0; 1; 1; 4,14031079166606
4436; 2; 0; 0; 0,91716052739217; 0,91716052739217; 7,02315061497677
4466; 10; 0; 0; 0,768177462519849; 0,768177462519849; 5,08413954601478
4486; 20; 0; 0; 1; 1; 7,06287750890682
4488; 10; 0; 0; 1; 1; 14,0196087029426
4497; 10; 0; 0; 1; 1; 8,45926465494068
4497; 10; 0; 0; 1; 1; 7,81602704842274
4512; 20; 0; 0; 1; 1; 8,07186001017923
4517; 3; 0; 0; 1; 1; 4,20599167754902
4523; 4; 0; 0; 1; 1; 8,02923830221735
4523; 2; 0; 0; 1; 1; 9,37586320331525
4534; 10; 0; 0; 1; 1; 6,0423318963862
4565; 10; 0; 0; 0,878262833708998; 0,878262833708998; 5,59255350061626
4577; 10; 0; 0; 0,999938977942356; 0,999938977942356; 4,67337158529308
4589; 3; 2; 0; 0,714052499332521; 0,11660377573445; 7,56459039202001
4590; 19; 3; 0; 0,247538785901051; 0,077030372214782; 4,32397650550126
4592; 3; 0; 0; 1; 1; 8,41676651226188
4592; 16; 0; 0; 0,999996062312982; 0,999996062312982; 7,04610730015896
4608; 2; 0; 0; 1; 1; 7,04306688755844
4613; 3; 0; 0; 0,985056962766856; 0,985056962766856; 7,0417451552157
4622; 10; 0; 0; 1; 1; 7,01005737793963
4627; 10; 0; 0; 1; 1; 7,01005737793963
4634; 4; 0; 0; 0,999997208896134; 0,999997208896134; 7,02558351444018
4645; 4; 0; 0; 1; 1; 11,2128235288417
4645; 17; 0; 0; 1; 1; 8,45511149041034
4656; 3; 0; 0; 0,999779518132464; 0,999779518132464; 5,26047907016367
4656; 2; 0; 0; 1; 1; 9,38255872581438
4680; 2; 0; 0; 1; 1; 10,4888446894103
4704; 10; 0; 0; 0,999999902698172; 0,999999902698172; 13,9771371143482
4724; 2; 0; 0; 0,981620233560281; 0,981620233560281; 6,25308201004882
4746; 17; 0; 0; 1; 1; 8,45511149041034
4747; 10; 0; 0; 1; 1; 7,05056563444529
4749; 3; 0; 0; 0,905718388270347; 0,905718388270347; 8,07975115646205
4758; 19; 2; 0; 0,921474019010514; 0; 5,63116414470069
4765; 2; 0; 0; 1; 1; 7,03189740248644
4770; 2; 0; 0; 1; 1; 7,03691904436078
4771; 2; 1; 0; 0,777703237266922; 0,222296762733078; 6,39188411276705
4771; 2; 0; 0; 1; 1; 5,62953523548863
4784; 2; 0; 0; 0,999999639570404; 0,999999639570404; 4,68423001656517
4812; 16; 0; 0; 1; 1; 11,2792785448489
4816; 2; 0; 0; 1; 1; 5,26495618066078
4824; 2; 1; 0; 0,997711840372734; 0,00228815962726592; 7,67983752066968
4914; 16; 0; 0; 1; 1; 11,2709013206505
4927; 2; 0; 0; 0,986200171148346; 0,986200171148346; 4,22391063637454
4932; 2; 0; 0; 1; 1; 7,03691904436078
4933; 2; 0; 0; 1; 1; 6,99256312627354
4936; 2; 0; 0; 1; 1; 11,1859736324442
4950; 2; 1; 0; 0,874050801463403; 0,125949198536597; 4,69235223055487
4965; 11; 0; 0; 1; 1; 13,9822089674753
4972; 3; 0; 0; 0,99999141521474; 0,99999141521474; 8,41676651226188
4972; 2; 0; 0; 1; 1; 7,03691904436078
5003; 4; 0; 0; 0,999995566397922; 0,999995566397922; 8,00915966345835
5073; 10; 0; 0; 0,997104646799805; 0,997104646799805; 4,69959147496705
5087; 10; 0; 0; 0,999852493135877; 0,999852493135877; 4,20603442676378
5120; 2; 1; 0; 1; 0; 4,42934868836047
5134; 2; 0; 0; 1; 1; 7,06903249527782
5153; 10; 0; 0; 0,999161022715971; 0,999161022715971; 5,28704040933793
5174; 2; 1; 0; 0,517072280882948; 0,482927719117052; 4,32905677618765
5197; 11; 0; 0; 1; 1; 13,9822089674753
5201; 10; 0; 0; 0,999999059192945; 0,999999059192945; 8,45926465494068
5211; 2; 1; 0; 0,553170223696978; 0,446829776303022; 4,68190366381908
5225; 2; 0; 0; 1; 1; 5,62551792198915
5227; 20; 0; 0; 1; 1; 8,07186001017923
5260; 4; 0; 0; 0,995016908714917; 0,995016908714917; 5,10951528322922
5302; 3; 0; 0; 0,90611345814232; 0,90611345814232; 8,07975115646205
5306; 2; 0; 0; 1; 1; 8,75869540429075
5321; 2; 1; 0; 0,553170223696978; 0,446829776303022; 4,68190366381908
5331; 3; 0; 0; 0,999779518132464; 0,999779518132464; 5,26047907016367
5355; 2; 0; 0; 0,663203953068121; 0,663203953068121; 3,74880524525515
5359; 2; 0; 0; 1; 1; 6,99256312627354
5396; 10; 0; 0; 1; 1; 11,215686962354
5397; 4; 0; 0; 0,99995464038322; 0,99995464038322; 7,00801470552606
5397; 2; 0; 0; 1; 1; 5,62551792198915
5424; 18; 0; 0; 0,999948370116637; 0,999948370116637; 5,09857694374108
5441; 10; 0; 0; 0,773397336586066; 0,773397336586066; 5,11201109423631
5445; 2; 0; 0; 1; 1; 7,06903249527782
5524; 2; 1; 0; 0,917511977582802; 0,0824880224171977; 7,02162779069603
5548; 3; 0; 0; 0,903591330824552; 0,903591330824552; 7,06978226190429
5569; 10; 0; 0; 0,999529310184231; 0,999529310184231; 3,82366766069434
5571; 3; 0; 0; 1; 1; 6,00855953935574
5575; 10; 0; 0; 0,999999993108398; 0,999999993108398; 5,09803952834275
5611; 2; 0; 0; 1; 1; 9,37586320331525
5715; 10; 0; 0; 0,999999987449544; 0,999999987449544; 6,39493122143679
5716; 2; 1; 0; 0,637869239470544; 0,362130760529456; 4,14031079166606
5734; 2; 0; 0; 1; 1; 5,62107601987821
5759; 2; 0; 0; 1; 1; 5,62551792198915
5795; 11; 0; 0; 1; 1; 9,32147264498352
5798; 4; 0; 0; 1; 1; 9,34401960736808
5800; 10; 0; 0; 0,949975116670816; 0,949975116670816; 6,21394833401807
5800; 3; 1; 0; 0,907656656794777; 0,0475501397046732; 2,81669806208628
5804; 2; 0; 0; 1; 1; 4,69537792503896
5805; 4; 0; 0; 0,999950076221369; 0,999950076221369; 7,00801470552606
5814; 2; 1; 0; 0,99992235122159; 7,76487784102115E-05; 7,65379156855948
5833; 10; 8; 0; 0,422162963842769; 0,292757505672384; 3,01109722216164
5874; 3; 0; 0; 0,999962522173737; 0,999962522173737; 7,0234158438026
5889; 10; 0; 0; 0,961631111194509; 0,961631111194509; 4,22963232747034
5889; 10; 0; 0; 0,458055879010673; 0,458055879010673; 4,69688045234904
5892; 2; 0; 0; 0,995278181146086; 0,995278181146086; 2,47762643795801
5908; 14; 1; 0; 0,665382191536121; 0,0334034403702179; 6,24832824769447
5930; 10; 0; 0; 0,843598711682812; 0,843598711682812; 5,61309976426031
5932; 3; 2; 0; 0,617952326680216; 0,002559128894907; 8,1950443610364
5937; 16; 0; 0; 0,999780423444501; 0,999780423444501; 6,27811633049087
5947; 10; 0; 0; 0,989653671579347; 0,989653671579347; 4,68392901225144
5951; 10; 0; 0; 1; 1; 9,40075417926039
5993; 3; 0; 0; 0,996676122533035; 0,996676122533035; 4,20838325613094
5996; 2; 0; 0; 1; 1; 14,1380649905556
5996; 11; 0; 0; 1; 1; 2,79644179349506
6004; 2; 0; 0; 1; 1; 7,02634502484776
6023; 2; 0; 0; 0,754429604935077; 0,754429604935077; 3,74552293105527
6032; 2; 0; 0; 0,966175274672724; 0,966175274672724; 7,04660407849692
6042; 3; 1; 0; 1; 0; 9,83405323324368
6057; 3; 0; 0; 0,903844820322944; 0,903844820322944; 7,06978226190429
6062; 3; 0; 0; 0,907089188307612; 0,907089188307612; 9,42637634920573
6066; 10; 0; 0; 0,893255439195008; 0,893255439195008; 7,02901525457492
6070; 4; 0; 0; 0,999962315772439; 0,999962315772439; 7,02558351444018
6076; 2; 1; 0; 0,649035353613362; 0,350964646386638; 5,27864349053323
6077; 10; 0; 0; 0,999944208374398; 0,999944208374398; 4,31372575475156
6083; 10; 0; 0; 0,999978830257002; 0,999978830257002; 7,04938721245057
6108; 10; 0; 0; 0,582464210774608; 0,582464210774608; 6,5091356306772
6119; 13; 2; 0; 0,495511851403808; 0,407065441773713; 4,67764959570535
6125; 10; 0; 0; 0,999999992606435; 0,999999992606435; 5,09803952834275
6130; 10; 0; 0; 0,816496523512158; 0,816496523512158; 6,03278366842539
6139; 2; 1; 0; 0,775139830902186; 0,224860169097814; 5,4085173261875
6153; 3; 0; 0; 0,535706972425855; 0,535706972425855; 4,6791851823837
6169; 3; 0; 0; 0,933813733525557; 0,933813733525557; 3,50499306462418
6171; 2; 0; 0; 1; 1; 4,69537792503896
6204; 10; 0; 0; 0,999889156161936; 0,999889156161936; 4,20603442676378
6206; 4; 0; 0; 1; 1; 9,34401960736808
6206; 10; 0; 0; 1; 1; 9,40075417926039
6209; 10; 1; 0; 0,586543880491127; 0; 2,33023062525678
6231; 20; 0; 0; 0,999941038071625; 0,999941038071625; 4,34638615932728
6236; 4; 0; 0; 1; 1; 9,34401960736808
6268; 2; 1; 0; 0,725282754182011; 0,274717245817989; 4,68738168269583
6283; 2; 0; 0; 1; 1; 9,42537666037043
6283; 11; 0; 0; 1; 1; 3,49555224186882
6286; 2; 0; 0; 1; 1; 5,27839130740084
6287; 2; 0; 0; 0,993911468893989; 0,993911468893989; 4,02460965003339
6297; 3; 0; 0; 0,99991198300686; 0,99991198300686; 6,01197608018705
6301; 3; 0; 0; 0,999991878300582; 0,999991878300582; 8,41676651226188
6305; 2; 0; 0; 0,998267684392801; 0,998267684392801; 8,01005980479059
6321; 2; 1; 0; 0,725282754182011; 0,274717245817989; 4,68738168269583
6323; 3; 0; 0; 0,875356611918273; 0,875356611918273; 5,65582580952344
6334; 2; 0; 0; 1; 1; 5,00496880245186
6346; 10; 0; 0; 0,998870019662726; 0,998870019662726; 9,3209225010271
6389; 13; 2; 0; 0,503029865297818; 0,383200624621207; 4,20988463613481
6401; 4; 0; 0; 0,386419587606573; 0,386419587606573; 2,95814042713271
6430; 2; 0; 0; 0,995278181146086; 0,995278181146086; 2,47762643795801
6450; 2; 0; 0; 1; 1; 5,61932379282275
6453; 10; 0; 0; 0,999999684668426; 0,999999684668426; 5,86202028631706
6472; 19; 0; 0; 0,382816313683231; 0,382816313683231; 4,16382922751973
6495; 2; 0; 0; 0,999483988567169; 0,999483988567169; 8,03967687006277
6503; 10; 1; 0; 0,287217344924981; 0,235796704801194; 4,50154871324242
6511; 10; 0; 0; 0,588262184953885; 0,588262184953885; 4,02185577895026
6511; 11; 0; 0; 1; 1; 9,32147264498352
6515; 10; 0; 0; 0,996287759725968; 0,996287759725968; 4,30065757364559
6523; 10; 0; 0; 0,996760142968603; 0,996760142968603; 3,2354110975106
6528; 10; 3; 0; 0,54882295840871; 0,0317536246095991; 5,28867269992523
6549; 2; 0; 0; 1; 1; 2,67537352218233
6569; 2; 0; 0; 1; 1; 7,02634502484776
6615; 2; 0; 0; 1; 1; 7,03189740248644
6651; 18; 0; 0; 0,994796848697056; 0,994796848697056; 3,1157970211751
6676; 2; 0; 0; 1; 1; 4,6919033843563
6682; 2; 0; 0; 0,59100981542171; 0,59100981542171; 3,99431208726082
6687; 2; 1; 0; 0,591559931488187; 0,408440068511813; 5,10753126962082
6716; 2; 0; 0; 1; 1; 3,81412534160375
6718; 2; 0; 0; 0,590097273390434; 0,590097273390434; 4,38699993242606
6718; 13; 0; 0; 1; 1; 14,0344991935389
6721; 2; 0; 0; 1; 1; 3,12751957527146
6730; 3; 0; 0; 0,998977433895714; 0,998977433895714; 4,67598139570104
6733; 2; 0; 0; 0,999999760841804; 0,999999760841804; 4,68423001656517
6739; 10; 0; 0; 0,767389713285023; 0,767389713285023; 6,61992457829768
6749; 2; 1; 0; 0,750068793191953; 0,249931206808047; 6,02373269467623
6783; 10; 0; 0; 0,995430232135124; 0,995430232135124; 3,2354110975106
6787; 20; 0; 0; 0,999999954526942; 0,999999954526942; 5,65030200712546
6794; 2; 0; 0; 0,999998790852821; 0,999998790852821; 2,99681276840295
6820; 10; 0; 0; 0,999482232496159; 0,999482232496159; 4,66082453671706
6824; 2; 0; 0; 0,99999767868937; 0,99999767868937; 2,99681276840295
6826; 2; 0; 0; 0,995781407038614; 0,995781407038614; 4,69323404041615
6828; 10; 0; 0; 0,995262325205566; 0,995262325205566; 3,2354110975106
6836; 2; 0; 0; 0,999985056055954; 0,999985056055954; 2,79702525050942
6837; 3; 1; 0; 0,998375791369661; 0,0016242086303393; 7,03205924410529
6861; 10; 8; 0; 0,441853615730797; 0,25683708256854; 3,01109722216164
6863; 2; 0; 0; 0,848384116895518; 0,848384116895518; 7,65069318898626
6866; 10; 0; 0; 0,965184885699528; 0,965184885699528; 4,0067124232693
6878; 10; 0; 0; 0,976740184754177; 0,976740184754177; 4,22963232747034
6903; 2; 0; 0; 0,946123290159207; 0,946123290159207; 6,26364806977504
6907; 10; 0; 0; 0,999904735831777; 0,999904735831777; 6,2120609397103
6909; 2; 0; 0; 0,924345700726707; 0,924345700726707; 6,26364806977504
6912; 10; 0; 0; 0,979154366333875; 0,979154366333875; 4,22963232747034
6918; 2; 0; 0; 1; 1; 7,03189740248644
6937; 10; 0; 0; 0,925071157213292; 0,925071157213292; 2,47413789809634
6942; 2; 0; 0; 0,999898894342244; 0,999898894342244; 2,34563968145359
6960; 13; 2; 0; 0,49949041072063; 0,292812434696484; 3,50823719677901
6967; 16; 0; 0; 0,999698932507916; 0,999698932507916; 6,26161184480581
6970; 16; 2; 0; 0,643743528399881; 0,169603496191328; 6,03051496147375
6986; 2; 0; 0; 0,999999760841804; 0,999999760841804; 4,68423001656517
7011; 16; 0; 0; 0,968451673221434; 0,968451673221434; 5,12694479311313
7056; 2; 1; 0; 0,855884836895399; 0,144115163104601; 4,22403990483164
7056; 11; 0; 0; 1; 1; 2,79644179349506
7092; 10; 3; 0; 0,531864776375699; 0,000215095187505912; 4,70104239993353
7130; 11; 0; 0; 1; 1; 9,32147264498352
7140; 2; 1; 0; 0,756159887942814; 0,243840112057186; 6,02373269467623
7155; 2; 1; 0; 1; 0; 3,75630234003117
7175; 16; 1; 0; 0,0634077283663018; 0,0488840745054732; 18,8343489914726
7200; 3; 0; 0; 0,99996818048507; 0,99996818048507; 7,01397209355156
7226; 2; 0; 0; 0,590097273390434; 0,590097273390434; 4,38699993242606
7244; 3; 0; 0; 0,524508855355784; 0,524508855355784; 4,6791851823837
7262; 10; 0; 0; 0,978645858823563; 0,978645858823563; 6,99069187577033
7278; 10; 0; 0; 0,999994505134871; 0,999994505134871; 9,31809140956545
7279; 10; 0; 0; 1; 1; 6,2309372013078
7283; 2; 1; 0; 0,692201077074478; 0,307798922925522; 6,03415805195475
7287; 18; 1; 0; 0,75924323582577; 0,178258933343655; 4,89662057351769
7288; 2; 0; 0; 0,999999760841804; 0,999999760841804; 4,68423001656517
7314; 2; 0; 0; 1; 1; 2,81476761774431
7316; 10; 0; 0; 1; 1; 9,39513110520466
7332; 10; 0; 0; 0,99994088442553; 0,99994088442553; 10,5245620579881
7334; 2; 0; 0; 1; 1; 9,37586320331525
7335; 2; 1; 0; 0,549151348429581; 0,450848651570419; 3,72802461477676
7344; 17; 0; 0; 0,998483508815137; 0,998483508815137; 3,84323249564106
7345; 3; 0; 0; 0,886019047084345; 0,886019047084345; 6,28425089947048
7364; 10; 1; 0; 0,689922955277549; 0; 3,31592862536635
7375; 2; 1; 0; 0,987235397586983; 0,0127646024130166; 3,50336252376883
7466; 3; 0; 0; 0,886294394059073; 0,886294394059073; 5,65582580952344
7473; 10; 0; 0; 0,99843676445987; 0,99843676445987; 5,26942013878287
7473; 10; 0; 0; 0,99999998776291; 0,99999998776291; 6,39493122143679
7492; 10; 0; 0; 0,999995621674695; 0,999995621674695; 5,59298944406047
7521; 11; 2; 0; 0,565852014127275; 0; 1,39822089674753
7522; 16; 0; 0; 0,891379199540198; 0,891379199540198; 4,69969939368703
7528; 16; 0; 0; 0,999910604453262; 0,999910604453262; 7,06288087180223
7538; 2; 1; 0; 0,742193241852777; 0,257806758147223; 5,41019610693308
7552; 16; 5; 0; 0,0634077283663018; 0,0488840745054732; 18,8343489914726
7580; 16; 0; 0; 1; 1; 14,1257617436045
7591; 2; 0; 0; 1; 1; 5,62551792198915
7597; 2; 1; 0; 0,86461888358626; 0,13538111641374; 4,69337767203515
7617; 10; 0; 0; 1; 1; 6,2309372013078
7623; 4; 0; 0; 0,642118689541446; 0,642118689541446; 3,50400735276303
7626; 14; 12; 0; 0,257792247513281; 0,256470120490324; 4,01678244494644
7651; 2; 0; 0; 1; 1; 7,03189740248644
7662; 3; 1; 0; 0,473439915670092; 0,319669018878432; 3,30280872057158
7668; 3; 0; 0; 0,976245508453431; 0,976245508453431; 10,5886995669788
7698; 4; 0; 0; 0,960806792222465; 0,960806792222465; 3,20847696267236
7701; 10; 0; 0; 0,999999990577406; 0,999999990577406; 6,39493122143679
7702; 10; 0; 0; 0,947438966827979; 0,947438966827979; 2,47413789809634
7721; 2; 0; 0; 1; 1; 2,94870182798147
7724; 16; 0; 0; 0,999983638626076; 0,999983638626076; 6,0395205429934
7731; 2; 1; 0; 0,748272622613617; 0,251727377386383; 5,60835408966466
7766; 2; 0; 0; 1; 1; 6,99256312627354
7784; 2; 1; 0; 1; 0; 2,50248440122593
7787; 10; 0; 0; 0,988330050877922; 0,988330050877922; 3,00431030483127
7790; 10; 0; 0; 0,999999425519598; 0,999999425519598; 8,45926465494068
7796; 10; 0; 0; 0,992800625582003; 0,992800625582003; 3,00431030483127
7798; 2; 0; 0; 1; 1; 3,12751957527146
7812; 10; 0; 0; 0,999004196793104; 0,999004196793104; 7,65422695126406
7820; 3; 0; 0; 0,900197993915251; 0,900197993915251; 7,06978226190429
7832; 3; 0; 0; 0,828745870264564; 0,828745870264564; 6,01609523449333
7841; 16; 0; 0; 1; 1; 11,3006093948836
7846; 2; 1; 0; 0,902305011720017; 0,0976949882799835; 4,68244953914383
7853; 2; 0; 0; 1; 1; 2,55376563481041
7859; 3; 0; 0; 0,965013477636697; 0,965013477636697; 3,82362879777184
7861; 10; 0; 0; 0,99995287819011; 0,99995287819011; 5,08453585823679
7902; 2; 1; 0; 0,988077858042775; 0,0119221419572246; 5,86544028819359
7904; 10; 0; 0; 0,911666876599168; 0,911666876599168; 3,10603046985515
7959; 4; 0; 0; 0,346156153042832; 0,346156153042832; 3,12248156197341
7959; 2; 0; 0; 1; 1; 5,62551792198915
7970; 3; 0; 0; 0,984684658605374; 0,984684658605374; 14,118266089305
7974; 2; 1; 0; 0,947995783338035; 0,0520042166619655; 2,80352093167671
7989; 10; 1; 0; 0,553613135270391; 0; 4,95273508611204
8007; 10; 0; 0; 0,995389124139175; 0,995389124139175; 3,2354110975106
8041; 2; 0; 0; 0,977864143103126; 0,977864143103126; 4,13036928864472
8090; 3; 0; 0; 0,998616857096039; 0,998616857096039; 4,20838325613094
8117; 2; 1; 0; 0,751813501989215; 0,248186498010785; 4,38979644294735
8125; 10; 1; 0; 0,660310785012265; 0; 3,13171036840155
8130; 2; 0; 0; 0,936569091100786; 0,936569091100786; 5,62777380904394
8130; 2; 0; 0; 0,993911468893989; 0,993911468893989; 4,02460965003339
8136; 10; 0; 0; 0,99901948171354; 0,99901948171354; 5,08453585823679
8156; 2; 1; 0; 0,638681587941966; 0,361318412058034; 5,6182843965829
8194; 17; 0; 0; 1; 1; 6,0393653502931
8206; 3; 0; 0; 0,99949869431857; 0,99949869431857; 4,67598139570104
8214; 13; 2; 0; 0,506928556034452; 0,364958456205116; 4,00941393917601
8215; 10; 0; 0; 0,890998229661216; 0,890998229661216; 3,84512029770031
8260; 10; 0; 0; 0,951194041187108; 0,951194041187108; 2,33668579264654
8304; 2; 0; 0; 1; 1; 5,99362553680589
8307; 2; 1; 0; 1; 0; 4,95044853404993
8312; 16; 2; 0; 0,365955247903751; 0; 4,69040052559069
8315; 2; 1; 0; 0,500376763702002; 0,499623236297998; 2,24215201521205
8341; 2; 0; 0; 0,999825760612582; 0,999825760612582; 3,12282001104345
8352; 2; 1; 0; 0,809574183542669; 0,190425816457331; 4,01983843503138
8356; 2; 1; 0; 1; 0; 2,66922858953816
8357; 3; 0; 0; 0,847111302014629; 0,847111302014629; 5,29434978348938
8366; 2; 0; 0; 1; 1; 9,38255872581438
8369; 2; 0; 0; 1; 1; 4,71268833018521
8373; 3; 0; 0; 0,950836701672699; 0,950836701672699; 8,47095965358302
8375; 10; 0; 0; 0,764705061975211; 0,764705061975211; 3,52528281722265
8376; 10; 0; 0; 1; 1; 6,26716945284026
8381; 16; 0; 0; 0,867609339925695; 0,867609339925695; 5,60113830716406
8389; 2; 0; 0; 1; 1; 7,06903249527782
8408; 10; 0; 0; 0,996714567775366; 0,996714567775366; 7,01637470532539
8410; 10; 0; 0; 0,99512388302683; 0,99512388302683; 3,73856232078468
8413; 16; 0; 0; 1; 1; 11,3006093948836
8419; 2; 0; 0; 1; 1; 5,63445351004675
8436; 2; 0; 0; 1; 1; 11,1840738443303
8445; 16; 0; 0; 1; 1; 9,39241776720872
8451; 14; 1; 0; 0,405689306323614; 0,151405497941177; 4,16555216512964
8462; 2; 1; 0; 0,732183140083131; 0,267816859916869; 6,03434272118805
8491; 4; 0; 0; 0,720874090025355; 0,720874090025355; 3,30615694797185
8491; 2; 0; 0; 1; 1; 4,71268833018521
8512; 2; 0; 0; 1; 1; 2,50772421096287
8530; 3; 0; 0; 0,96113459455474; 0,96113459455474; 7,06978226190429
8550; 2; 1; 0; 0,697447972824637; 0,302552027175363; 5,09850371787696
8554; 20; 0; 0; 1; 1; 9,41717001187576
8565; 10; 0; 0; 0,816496523512158; 0,816496523512158; 6,03278366842539
8608; 2; 0; 0; 0,966789547240246; 0,966789547240246; 9,3508472309832
8609; 16; 0; 0; 0,99998555681432; 0,99998555681432; 8,07186385348826
8623; 2; 1; 0; 0,750428295060972; 0,249571704939028; 7,03107252404375
8625; 10; 0; 0; 0,943230745546678; 0,943230745546678; 2,33668579264654
8627; 22; 0; 0; 0,950804753771702; 0,950804753771702; 4,03006866994614
8650; 4; 3; 0; 0,424197720873237; 0; 2,07644880163735
8650; 2; 0; 0; 1; 1; 9,42537666037043
8655; 4; 3; 0; 0,422100688149145; 0; 2,07644880163735
8669; 2; 0; 0; 0,718986687413584; 0,718986687413584; 3,70448860306963
8703; 2; 0; 0; 0,992301855669921; 0,992301855669921; 4,44622172249951
8705; 2; 0; 0; 1; 1; 5,99362553680589
8713; 10; 0; 0; 0,86617237569563; 0,86617237569563; 2,10301721338189
8713; 2; 0; 0; 1; 1; 5,63445351004675
8754; 2; 0; 0; 0,988752955594696; 0,988752955594696; 4,70154990403293
8762; 17; 0; 0; 0,514849162659071; 0,514849162659071; 5,60191802878257
8771; 16; 2; 0; 0,466021932164338; 0,0424005156063479; 4,69040052559069
8796; 10; 2; 0; 0,590715733605993; 0,284677644307321; 2,81160610182997
8803; 19; 2; 0; 0,81087175423769; 0; 4,96867424532414
8810; 10; 0; 0; 0,999279277534827; 0,999279277534827; 4,70016496302388
8815; 10; 0; 0; 0,999070222753122; 0,999070222753122; 5,08453585823679
8817; 3; 0; 0; 0,999661377749131; 0,999661377749131; 5,26047907016367
8823; 16; 0; 0; 1; 1; 11,3006093948836
8824; 10; 0; 0; 1; 1; 8,0577892965089
8831; 10; 0; 0; 0,993517978622625; 0,993517978622625; 3,99346774695662
8834; 2; 0; 0; 1; 1; 7,06903249527782
8865; 3; 1; 0; 1; 0; 11,2436046970747
8886; 2; 0; 0; 0,998723131474948; 0,998723131474948; 5,28867269992523
8889; 3; 0; 0; 0,910009042957168; 0,910009042957168; 7,05913304465251
8902; 2; 0; 0; 1; 1; 5,26495618066078
8903; 2; 0; 0; 1; 1; 5,26495618066078
8909; 16; 0; 0; 0,999985417525974; 0,999985417525974; 8,07186385348826
8922; 10; 0; 0; 0,992553938825668; 0,992553938825668; 3,13171036840155
8937; 2; 0; 0; 0,99973750740228; 0,99973750740228; 2,8105380099391
8948; 2; 0; 0; 1; 1; 5,12223046367886
8951; 16; 0; 0; 0,996997074513576; 0,996997074513576; 4,70858724786815
8956; 3; 0; 0; 0,920601275429623; 0,920601275429623; 5,14165982683949
8959; 2; 0; 0; 1; 1; 5,62107601987821
8962; 2; 1; 0; 1; 0; 1,40932081567141
8976; 2; 0; 0; 0,999943007035542; 0,999943007035542; 9,37962301507323
8978; 2; 0; 0; 1; 1; 3,49628156313677
8994; 2; 1; 0; 0,899520701090073; 0,100479298909927; 5,60835408966466
9004; 2; 0; 0; 1; 1; 9,42537666037043
9010; 13; 2; 0; 0,535786240306162; 0,436504528203001; 4,00941393917601
9016; 2; 0; 0; 1; 1; 3,49628156313677
9016; 10; 0; 0; 0,981939316919916; 0,981939316919916; 3,51297016455498
9018; 2; 0; 0; 1; 1; 3,49628156313677
9039; 2; 1; 0; 0,780145682885734; 0,219854317114266; 2,34122476957192
9044; 2; 1; 0; 0,993631815662919; 0,00636818433708129; 2,72446115640425
9051; 10; 0; 0; 0,999604474493966; 0,999604474493966; 5,60784348117702
9060; 16; 0; 0; 0,977292025046816; 0,977292025046816; 5,60113830716406
9089; 2; 0; 0; 1; 1; 4,69537792503896
9090; 10; 0; 0; 1; 1; 6,3655499676793
9123; 3; 0; 0; 0,984684658605374; 0,984684658605374; 14,118266089305
9163; 3; 0; 0; 0,996888733708669; 0,996888733708669; 3,82580296011903
9165; 10; 0; 0; 0,674433653292749; 0,674433653292749; 4,69688045234904
9172; 3; 0; 0; 0,659495844463246; 0,659495844463246; 4,47781101752863
9178; 2; 0; 0; 1; 1; 5,42486527388415
9188; 2; 0; 0; 0,670903137899639; 0,670903137899639; 3,69559357405054
9192; 16; 0; 0; 0,996327479367015; 0,996327479367015; 3,52305365007948
9198; 20; 0; 0; 0,999999964521328; 0,999999964521328; 8,07186001017923
9204; 10; 4; 0; 0,488935516559353; 0; 4,00935697447165
9205; 20; 0; 0; 0,999999989267453; 0,999999989267453; 9,41717001187576
9213; 20; 0; 0; 0,999999263517116; 0,999999263517116; 7,06287750890682
9220; 11; 0; 0; 1; 1; 6,99110448373764
9220; 2; 0; 0; 0,993963359903195; 0,993963359903195; 9,39547210466256
9253; 2; 0; 0; 0,999988960609997; 0,999988960609997; 6,25308201004882
9253; 2; 0; 0; 0,997828295115954; 0,997828295115954; 3,52153344377922
9258; 3; 0; 0; 0,961398882990039; 0,961398882990039; 8,07975115646205
9260; 16; 0; 0; 1; 1; 9,4171744957363
9275; 16; 0; 0; 0,694658044585766; 0,694658044585766; 4,69969939368703
9280; 2; 0; 0; 0,999772764308704; 0,999772764308704; 5,61088157994817
9287; 16; 0; 0; 0,729496731770685; 0,729496731770685; 4,69969939368703
9298; 16; 0; 0; 0,999930497651399; 0,999930497651399; 7,04431332540654
9314; 2; 0; 0; 0,503038794645173; 0,503038794645173; 5,36181061946233
9345; 2; 1; 0; 0,961912560579433; 0,0380874394205669; 4,13720878765471
9360; 2; 0; 0; 0,912565436600926; 0,912565436600926; 3,11502325741856
9388; 4; 1; 0; 0,33937874905322; 0,0409365537065524; 1,80851992400673
9389; 2; 0; 0; 1; 1; 2,50772421096287
9395; 2; 0; 0; 0,982493099066274; 0,982493099066274; 4,44622172249297
9402; 20; 0; 0; 0,999962860840817; 0,999962860840817; 5,13663818829587
9419; 3; 2; 0; 0,575261275497204; 0,151798557569018; 3,17227523653022
9423; 10; 0; 0; 0,998963751952814; 0,998963751952814; 4,22963232747034
9423; 10; 0; 0; 0,991429079276493; 0,991429079276493; 3,90801352421137
9446; 2; 0; 0; 1; 1; 4,02109659677759
9451; 3; 0; 0; 0,685510933895068; 0,685510933895068; 4,03987557823103
9456; 18; 0; 0; 0,529183267227271; 0,529183267227271; 4,97352669566138
9460; 16; 0; 0; 0,9977069866504; 0,9977069866504; 7,00142288395508
9486; 10; 0; 0; 0,956358935505379; 0,956358935505379; 6,21394833401807
9527; 2; 1; 0; 0,69515194085752; 0,30484805914248; 3,24839599417429
9533; 19; 0; 0; 0,989930886038792; 0,989930886038792; 7,03895518087587
9549; 2; 0; 0; 1; 1; 10,4888446894103
9560; 10; 0; 0; 0,99999505510676; 0,99999505510676; 5,12461696647527
9614; 11; 0; 0; 0,709222167186947; 0,709222167186947; 1,55357877416392
9615; 13; 2; 0; 0,540851524156246; 0,43551338925047; 4,00941393917601
9620; 3; 2; 0; 0,504642820868373; 0,382527285249051; 3,64858675502333
9633; 2; 1; 0; 0,932952089409157; 0,0670479105908432; 6,49679198834859
9636; 10; 0; 0; 0,741665578619642; 0,741665578619642; 4,30196423124328
9671; 10; 0; 0; 0,978873154839816; 0,978873154839816; 3,52469360622528
9671; 2; 0; 0; 1; 1; 3,75630234003117
9714; 2; 0; 0; 1; 1; 7,06903249527782
9726; 3; 2; 0; 0,798099240244018; 0,201900460095658; 4,31420306994588
9726; 2; 0; 0; 0,988785308437578; 0,988785308437578; 7,04660407849692
9758; 2; 0; 0; 1; 1; 5,62953523548863
9764; 2; 1; 0; 1; 0; 4,00750595613566
9773; 10; 0; 0; 0,999999122289226; 0,999999122289226; 5,6370786631228
9774; 16; 2; 0; 0,592188344935126; 0,328911012930718; 3,31743486613202
9779; 2; 0; 0; 1; 1; 9,42537666037043
9807; 3; 0; 0; 0,999071439231926; 0,999071439231926; 4,20838325613094
9813; 3; 0; 0; 0,630262827495493; 0,630262827495493; 3,77055053968229
9833; 2; 0; 0; 1; 1; 5,65522599622226
9834; 2; 0; 0; 1; 1; 4,02109659677759
9835; 3; 0; 0; 0,999458809265333; 0,999458809265333; 4,67598139570104
9841; 10; 1; 0; 0,7745846801106; 8,99104583867847E-07; 8,63793860381745
9846; 10; 0; 0; 0,991859374831699; 0,991859374831699; 4,68396021940664
9923; 18; 0; 0; 0,51063162146538; 0,51063162146538; 4,69721965701353
9953; 2; 0; 0; 0,999999981291404; 0,999999981291404; 3,22733682751086
9960; 10; 0; 0; 0,999997775798628; 0,999997775798628; 6,00862060966254
9961; 10; 0; 0; 0,999990480463708; 0,999990480463708; 4,69756555260233
9995; 16; 0; 0; 0,809511360874069; 0,809511360874069; 6,49440072774096
10008; 2; 0; 0; 1; 1; 9,42537666037043
10009; 2; 1; 0; 0,727364905444095; 0,272635094555905; 5,09580003457285
10012; 2; 1; 0; 0,784718047197864; 0,215281952802136; 2,70712628685858
10012; 11; 0; 0; 1; 1; 5,59288358699011
10038; 2; 0; 0; 0,991667583157832; 0,991667583157832; 7,0131354232374
10048; 2; 0; 0; 0,501199628992941; 0,501199628992941; 2,96699119088718
10061; 10; 0; 0; 0,92674381626016; 0,92674381626016; 3,25356332882334
10065; 10; 0; 0; 0,708736258031207; 0,708736258031207; 4,95273508611204
10091; 3; 0; 0; 0,855525182423384; 0,855525182423384; 4,35063523809495
10133; 2; 0; 0; 0,999688635187237; 0,999688635187237; 4,40770303503087
10135; 2; 1; 0; 0,970643754003586; 0,0293562459964143; 5,60253347316479
10161; 3; 0; 0; 0,99916219388569; 0,99916219388569; 6,05068546684501
10163; 2; 1; 0; 0,999982717405146; 1,72825948536925E-05; 9,37080561810289
10172; 10; 3; 0; 0,555219160580656; 0; 3,84630741812744
10193; 16; 0; 0; 0,753770820351482; 0,753770820351482; 6,49440072774096
10199; 3; 2; 0; 0,689633883746548; 0,080503571054056; 3,78229519601001
10202; 2; 0; 0; 0,988092511171455; 0,988092511171455; 4,32905677618765
10203; 3; 0; 0; 0,999453912293773; 0,999453912293773; 7,05913304465251
10211; 2; 0; 0; 0,683895219114253; 0,683895219114253; 3,34247613899129
10216; 3; 0; 0; 0,957506276809587; 0,957506276809587; 6,28425089947048
10221; 2; 0; 0; 1; 1; 7,06903249527782
10223; 2; 1; 0; 0,957750597032407; 0,0422494029675928; 4,13720878765471
10233; 10; 0; 0; 0,994889403565521; 0,994889403565521; 4,30229957235421
10233; 2; 0; 0; 1; 1; 5,63445351004675
10237; 16; 0; 0; 0,722822207330233; 0,722822207330233; 4,69969939368703
10240; 2; 0; 0; 0,994262857395868; 0,994262857395868; 4,70944859151411
10242; 2; 1; 0; 0,915464146942673; 0,0845358530573268; 3,90736385500722
10246; 2; 0; 0; 0,998615959893567; 0,998615959893567; 2,5550345544901
10249; 3; 0; 0; 0,994583176396226; 0,994583176396226; 4,23547982679151
10309; 10; 0; 0; 0,999996291642751; 0,999996291642751; 5,12461696647527
10314; 19; 0; 0; 0,855636974946176; 0,855636974946176; 5,2792163856569
10337; 10; 0; 0; 0,767907448967178; 0,767907448967178; 3,0211659481931
10362; 10; 0; 0; 0,999999977197961; 0,999999977197961; 7,04634832890349
10363; 10; 0; 0; 0,999955243573011; 0,999955243573011; 9,32164907343411
10364; 2; 0; 0; 0,999812397543186; 0,999812397543186; 3,12282001104345
10374; 2; 0; 0; 1; 1; 4,03944714015875
10378; 10; 0; 0; 0,962770016515221; 0,962770016515221; 3,25356332882334
10384; 3; 0; 0; 0,889138078138307; 0,889138078138307; 4,35063523809495
10386; 2; 0; 0; 0,999763317861921; 0,999763317861921; 6,23004651483713
10405; 2; 0; 0; 1; 1; 7,06903249527782
10411; 2; 0; 0; 1; 1; 5,12223046367886
10414; 2; 0; 0; 0,585049126586908; 0,585049126586908; 3,51142774786431
10453; 10; 0; 0; 0,999848167605801; 0,999848167605801; 6,99123680507559
10457; 16; 0; 0; 0,99797476693683; 0,99797476693683; 4,70858724786815
10508; 10; 0; 0; 0,999977729012671; 0,999977729012671; 5,28704040933793
10526; 16; 0; 0; 0,98946090476712; 0,98946090476712; 3,75696710688349
10528; 2; 0; 0; 0,999218261359719; 0,999218261359719; 5,65133830981694
10544; 4; 0; 0; 0,995166812397685; 0,995166812397685; 4,00457983172918
10544; 2; 0; 0; 1; 1; 4,01822708713511
10545; 4; 0; 0; 0,928214607141489; 0,928214607141489; 3,11467320245603
10545; 17; 0; 0; 1; 1; 4,69728416133908
10575; 3; 0; 0; 0,960694866398568; 0,960694866398568; 8,07975115646205
10586; 10; 0; 0; 0,97886659605543; 0,97886659605543; 3,52469360622528
10602; 2; 0; 0; 0,998510395607526; 0,998510395607526; 4,22391063637454
10609; 2; 1; 0; 0,595792733642215; 0,404207266357785; 3,50969184035001
10614; 2; 1; 0; 0,954149845876568; 0,0458501541234317; 4,42934868836047
10618; 3; 0; 0; 0,9098474302993; 0,9098474302993; 4,71318817460286
10621; 2; 0; 0; 1; 1; 9,42537666037043
10628; 10; 0; 0; 0,998963751952814; 0,998963751952814; 4,22963232747034
10641; 3; 0; 0; 0,649039434043182; 0,649039434043182; 4,28312358198391
10645; 2; 1; 0; 0,708916174305557; 0,291083825694443; 4,38851736918502
10651; 10; 0; 0; 0,574269070092601; 0,574269070092601; 3,37835885431822
10654; 10; 0; 0; 0,999195797099527; 0,999195797099527; 4,22963232747034
10662; 2; 0; 0; 1; 1; 5,26495618066078
10675; 10; 3; 0; 0,534293476695864; 0,273043250332469; 4,97757430581198
10678; 10; 0; 0; 0,996318717842667; 0,996318717842667; 3,84512029770031
10678; 16; 0; 0; 0,999327713463491; 0,999327713463491; 4,22766438009538
10687; 10; 0; 0; 0,999999979403533; 0,999999979403533; 7,04634832890349
10694; 16; 2; 0; 0,58752705384327; 0,335063403349642; 3,31743486613202
10696; 2; 0; 0; 0,999647387049483; 0,999647387049483; 2,81275896099458
10709; 10; 0; 0; 0,650196352519792; 0,650196352519792; 4,68911324296085
10767; 10; 0; 0; 0,998728778007524; 0,998728778007524; 8,41964964639047
10771; 10; 0; 0; 0,998776682186964; 0,998776682186964; 8,41964964639047
10777; 2; 0; 0; 0,808733982529171; 0,808733982529171; 3,13025195002597
10791; 4; 0; 0; 0,988406344526956; 0,988406344526956; 3,50400735276303
10827; 3; 0; 0; 0,623499047173374; 0,623499047173374; 2,00285317978525
10830; 2; 1; 0; 0,545745900381539; 0,454254099618461; 3,30487317446053
10833; 2; 0; 0; 1; 1; 4,01822708713511
10841; 3; 0; 0; 0,999719665341406; 0,999719665341406; 10,5886995669788
10888; 10; 0; 0; 0,951507295566103; 0,951507295566103; 2,33668579264654
10909; 2; 0; 0; 0,947862996103466; 0,947862996103466; 3,29825991961966
10921; 3; 0; 0; 0,623499047173374; 0,623499047173374; 2,00285317978525
10964; 2; 0; 0; 0,999999684447868; 0,999999684447868; 4,68423001656517
10964; 10; 0; 0; 0,999987035219307; 0,999987035219307; 4,67449782714751
10975; 10; 4; 0; 0,448597000474095; 0; 3,66071723756107
10976; 10; 0; 0; 0,999388947620551; 0,999388947620551; 4,22963232747034
10988; 2; 0; 0; 1; 1; 9,42537666037043
10989; 10; 1; 0; 0,392143275218288; 0,334759410071343; 2,43154500026794
10990; 3; 2; 0; 0,430561511380113; 0,158272094531883; 3,6422419382384
11009; 10; 0; 0; 0,999145103644012; 0,999145103644012; 4,22963232747034
11009; 10; 0; 0; 0,813903939685539; 0,813903939685539; 5,28399050889267
11025; 13; 2; 0; 0,530326342173013; 0,463389669200869; 4,95280545427625
11028; 10; 0; 0; 0,99542144865666; 0,99542144865666; 3,31592862536635
11044; 16; 0; 0; 0,999696123610167; 0,999696123610167; 6,26161184480581
11055; 2; 0; 0; 1; 1; 4,71268833018521
11065; 3; 0; 0; 0,964920544194404; 0,964920544194404; 2,62874479846814
11066; 3; 0; 0; 0,998715069184823; 0,998715069184823; 4,20838325613094
11138; 10; 0; 0; 0,999837048619637; 0,999837048619637; 4,69959147496705
11151; 2; 0; 0; 0,999959491578851; 0,999959491578851; 3,12282001104345
11158; 10; 0; 0; 0,997505637988139; 0,997505637988139; 3,84512029770031
11158; 2; 0; 0; 1; 1; 6,26050390005194
11164; 2; 0; 0; 0,999979687304879; 0,999979687304879; 2,46796345633184
11167; 3; 0; 0; 0,667321441043873; 0,667321441043873; 3,29296821976187
11172; 2; 1; 0; 0,853755912808176; 0,146244087191824; 2,56879014082588
11196; 2; 0; 0; 1; 1; 5,65522599622226
11208; 18; 1; 0; 0,854907386723534; 0,117198046160977; 6,50384260201873
11226; 2; 0; 0; 0,664936755397733; 0,664936755397733; 4,0130602832735
11229; 2; 1; 0; 0,996700057308732; 0,00329994269126748; 2,55376563481041
11285; 2; 0; 0; 0,999974930672298; 0,999974930672298; 3,51317251242388
11295; 3; 0; 0; 0,999719665341406; 0,999719665341406; 10,5886995669788
11298; 10; 0; 0; 0,885556100779113; 0,885556100779113; 2,21370232987567
11306; 4; 0; 0; 0,988406344526956; 0,988406344526956; 3,50400735276303
11307; 2; 0; 0; 0,999999875337663; 0,999999875337663; 2,99681276840295
11315; 2; 1; 0; 0,743309671786672; 0,256690328213328; 3,11821137978349
11317; 10; 0; 0; 0,991762967624805; 0,991762967624805; 4,68396021940664
11317; 2; 1; 0; 1; 0; 1,87815117001558
11319; 16; 0; 0; 0,935256316931286; 0,935256316931286; 5,63963927242444
11320; 2; 0; 0; 0,999999991487701; 0,999999991487701; 3,22733682751086
11323; 22; 0; 0; 0,991196025062032; 0,991196025062032; 5,64209613792459
11329; 3; 0; 0; 0,957890105316721; 0,957890105316721; 7,06978226190429
11352; 10; 0; 0; 0,653835536578305; 0,653835536578305; 3,52481808209142
11379; 16; 15; 0; 0,0645077592178508; 0,0323836117322378; 14,1257617436045
11396; 2; 0; 0; 0,811126301262218; 0,811126301262218; 4,13126506763339
11402; 2; 0; 0; 0,999980123700425; 0,999980123700425; 3,51317251242388
11406; 3; 0; 0; 0,933285548211107; 0,933285548211107; 5,14165982683949
11414; 2; 1; 0; 1; 0; 3,66560531526473
11415; 2; 1; 0; 0,872115552586448; 0,127884447413552; 4,13157312277397
11453; 3; 0; 0; 0,961019546765354; 0,961019546765354; 8,07975115646205
11476; 10; 1; 0; 0,633950495481009; 0,0070496185889955; 2,22612227761597
11496; 3; 0; 0; 0,993214852661546; 0,993214852661546; 3,50698604677578
11496; 2; 0; 0; 1; 1; 7,03691904436078
11508; 10; 0; 0; 0,924233997956283; 0,924233997956283; 3,25356332882334
11508; 10; 2; 0; 0,575682901221022; 0,328582514309642; 2,81376973743219
11513; 2; 0; 0; 0,778974726924697; 0,778974726924697; 3,05182603994857
11552; 20; 0; 0; 0,999991265662925; 0,999991265662925; 5,65030200712546
11553; 2; 1; 0; 0,670342374267781; 0,329657625732219; 2,95699178767521
11581; 10; 0; 0; 0,997339203084521; 0,997339203084521; 3,2354110975106
11583; 10; 0; 0; 0,997673529881786; 0,997673529881786; 3,2354110975106
11591; 11; 0; 0; 1; 1; 13,9822089674753
11599; 10; 0; 0; 0,999998957588223; 0,999998957588223; 5,86202028631706
11600; 16; 0; 0; 0,999999384256537; 0,999999384256537; 10,5691609502384
11604; 16; 0; 0; 0,986732622097523; 0,986732622097523; 3,25204952315029
11607; 2; 0; 0; 0,954347085607404; 0,954347085607404; 2,47544346684223
11613; 14; 13; 0; 0,160822658371875; 0,0972999624635177; 2,81174771146251
11634; 16; 0; 0; 1; 1; 9,4171744957363
11655; 10; 4; 0; 0,551237141365607; 0,242715921526086; 1,62137084517922
11658; 2; 0; 0; 0,998021725841355; 0,998021725841355; 2,5550345544901
11660; 16; 7; 0; 0,230225573802007; 0; 3,24720036387048
11663; 2; 1; 0; 0,524129614433162; 0,475870385566838; 3,51142774786431
11663; 2; 0; 0; 1; 1; 4,69127936290719
11668; 10; 0; 0; 0,999999997326106; 0,999999997326106; 7,01174674072127
11680; 13; 2; 0; 0,516612001397019; 0,4777743223909; 4,95280545427625
11697; 2; 1; 0; 1; 0; 3,66560531526473
11711; 3; 2; 0; 0,480078071652645; 0,0662968172816178; 3,24556580497167
11723; 2; 0; 0; 0,99739716566447; 0,99739716566447; 5,08453346929284
11749; 20; 0; 0; 0,999976282853949; 0,999976282853949; 5,13663818829587
11760; 4; 1; 0; 0,472773445909484; 0,167993203930658; 2,24818672462086
11822; 2; 1; 0; 0,859917472706033; 0,140082527293966; 4,38699993242606
11848; 2; 1; 0; 0,810315085775148; 0,189684914224852; 2,93272014409679
11868; 16; 0; 0; 0,999882556817135; 0,999882556817135; 4,69740486677264
11910; 17; 0; 0; 1; 1; 6,0393653502931
11949; 2; 1; 0; 0,756113395789548; 0,243886604210452; 3,00684668764837
11957; 2; 1; 0; 0,670342374267781; 0,329657625732219; 2,95699178767521
11967; 10; 0; 0; 0,999903778888997; 0,999903778888997; 5,64045250755623
11973; 18; 13; 0; 0,45309532686306; 0; 1,48187201566983
11980; 10; 0; 0; 0,999899887040486; 0,999899887040486; 5,64045250755623
11987; 11; 0; 0; 1; 1; 14,016271067679
12014; 10; 0; 0; 0,999999999472602; 0,999999999472602; 7,05280661381425
12055; 2; 0; 0; 0,999825760612582; 0,999825760612582; 3,12282001104345
12082; 2; 1; 0; 0,703622176516968; 0,296377823483032; 4,20958536270771
12097; 2; 0; 0; 0,69732803817848; 0,69732803817848; 3,51553626202188
12105; 10; 0; 0; 0,964915483511563; 0,964915483511563; 2,47413789809634
12120; 10; 0; 0; 0,943548237466391; 0,943548237466391; 2,33668579264654
12162; 10; 0; 0; 0,999792097673383; 0,999792097673383; 6,2309372013078
12162; 10; 0; 0; 0,984972841537798; 0,984972841537798; 7,07017000013846
12168; 10; 1; 0; 0,638680071740715; 0,00585452923116197; 2,34979573748352
12175; 13; 2; 0; 0,480470380983348; 0,437112262165076; 3,36790770890785
12181; 10; 2; 0; 0,579300419180658; 0,308305067610434; 2,95958537034734
12195; 10; 0; 0; 1; 1; 9,40075417926039
12199; 10; 0; 0; 0,768714234529064; 0,768714234529064; 2,00287353655418
12213; 2; 1; 0; 1; 0; 2,34490575376831
12226; 3; 0; 0; 0,600548920631373; 0,600548920631373; 4,21126666414533
12227; 4; 1; 0; 0,453786651488482; 0,2407999964276; 2,34186117148006
12228; 2; 1; 0; 0,985943694634801; 0,0140563053651991; 2,44273234634039
12228; 2; 0; 0; 1; 1; 9,42537666037043
12235; 2; 0; 0; 0,999996478337433; 0,999996478337433; 4,01505429991301
12236; 2; 0; 0; 1; 1; 5,65522599622226
12237; 10; 1; 0; 0,606593099686823; 0; 2,11481616373517
12242; 10; 1; 0; 0,63318928959976; 0,0202136692919193; 2,34979573748352
12248; 3; 0; 0; 0,999945678876997; 0,999945678876997; 6,22005108177243
12251; 4; 0; 0; 0,44482715348851; 0,44482715348851; 2,55475764161461
12255; 16; 0; 0; 0,986917656290451; 0,986917656290451; 6,00121961481864
12258; 3; 0; 0; 0,957719787566969; 0,957719787566969; 6,28425089947048
12273; 2; 0; 0; 0,999938803823204; 0,999938803823204; 4,96930663102886
12274; 2; 0; 0; 0,994372388635141; 0,994372388635141; 2,09776893788206
12288; 3; 1; 0; 0,759846763003972; 0,0383043915564497; 4,6828824920208
12325; 18; 11; 0; 0,389079206920565; 0,0663082869665954; 3,01964120808013
12345; 2; 1; 0; 1; 0; 0,837032443338542
12345; 16; 0; 0; 1; 1; 10,5691609502384
12360; 10; 0; 0; 0,993510811994895; 0,993510811994895; 4,70037708963019
12365; 10; 0; 0; 0,999764971740472; 0,999764971740472; 5,59085484573927
12365; 10; 0; 0; 0,999534091241213; 0,999534091241213; 9,42689333351794
12383; 2; 1; 0; 1; 0; 0,817566572563227
12383; 16; 0; 0; 1; 1; 10,5691609502384
12400; 4; 0; 0; 1; 1; 9,34401960736808
12400; 2; 0; 0; 1; 1; 9,42537666037043
12404; 20; 0; 0; 0,996687960536228; 0,996687960536228; 3,53143875445341
12431; 10; 1; 0; 0,417032991954401; 0,373487731234225; 3,32713882359457
12434; 22; 0; 0; 1; 1; 8,46314420688689
12453; 2; 0; 0; 0,626753158674819; 0,626753158674819; 1,74814078156839
12462; 2; 0; 0; 0,973721023531285; 0,973721023531285; 1,90706267080187
12464; 16; 0; 0; 1; 1; 7,04610730015896
12482; 2; 0; 0; 1; 1; 4,67996104947625
12486; 10; 2; 0; 0,440950948148483; 0,150326468307521; 2,57097090914126
12489; 3; 0; 0; 0,549183404171878; 0,549183404171878; 3,41234415224059
12503; 10; 8; 0; 0,341500696828275; 0; 1,92315370906372
12512; 16; 0; 0; 0,999947734220825; 0,999947734220825; 5,28458047511922
12513; 4; 0; 0; 0,999981943185805; 0,999981943185805; 5,60641176442085
12514; 10; 0; 0; 0,557606517800222; 0,557606517800222; 3,30777188450585
12515; 10; 0; 0; 0,611869201204133; 0,611869201204133; 2,79649472203023
12535; 3; 2; 0; 0,515823655158175; 0,474318919807032; 2,24338559637186
12544; 2; 0; 0; 1; 1; 9,42537666037043
12551; 4; 0; 0; 0,999977370346392; 0,999977370346392; 5,60641176442085
12568; 2; 0; 0; 1; 1; 4,70154990403293
12574; 2; 1; 0; 0,523912922398711; 0,476087077601289; 5,92621173730047
12579; 16; 0; 0; 0,935256316931286; 0,935256316931286; 5,63963927242444
12581; 3; 0; 0; 0,997554992507618; 0,997554992507618; 0,667617726595083
12595; 16; 0; 0; 1; 1; 7,04610730015896
12625; 2; 0; 0; 1; 1; 0,700672504753767
12625; 10; 0; 0; 1; 1; 7,04634832890349
12661; 10; 0; 0; 0,95679398309954; 0,95679398309954; 4,21556419746598
12670; 2; 1; 0; 1; 0; 0,739247946918802
12670; 10; 0; 0; 0,956796923415031; 0,956796923415031; 3,76030167170416
12675; 2; 0; 0; 0,999999982380978; 0,999999982380978; 3,22733682751086
12750; 2; 0; 0; 0,99992085091267; 0,99992085091267; 3,12282001104345
12762; 2; 1; 0; 0,958773506571541; 0,0412264934284587; 2,50845511025563
12765; 11; 0; 0; 1; 1; 9,32147264498352
12780; 10; 0; 0; 0,999780290292349; 0,999780290292349; 11,1817096914785
12780; 10; 1; 0; 0,434012249678605; 0,396027126739964; 3,77075733340718
12784; 3; 0; 0; 0,999817346463587; 0,999817346463587; 6,01197608018705
12833; 2; 1; 0; 1; 0; 1,40176046583835
12840; 10; 0; 0; 0,643622458501714; 0,643622458501714; 2,47413789809634
12867; 2; 0; 0; 1; 1; 9,42537666037043
12868; 3; 0; 0; 1; 1; 4,67448561829383
12896; 2; 1; 0; 0,999223377198286; 0,000776622801714402; 7,0191998918817
12901; 2; 0; 0; 0,988769397162377; 0,988769397162377; 7,98862417452163
12920; 10; 7; 0; 0,557491419264632; 0,119386034966313; 1,86432981468682
12940; 3; 0; 0; 0,845964566945046; 0,845964566945046; 6,28425089947048
12950; 2; 0; 0; 1; 1; 7,06903249527782
12963; 10; 0; 0; 0,656200712756106; 0,656200712756106; 3,01111728390427
12963; 2; 0; 0; 0,577754942399482; 0,577754942399482; 2,4497623956725
12965; 2; 0; 0; 0,997345576221866; 0,997345576221866; 2,79702525050942
12965; 10; 0; 0; 0,631880855960772; 0,631880855960772; 2,81037613164398
12996; 10; 0; 0; 0,993224882982944; 0,993224882982944; 5,26945524683247
13029; 10; 0; 0; 0,997686297543643; 0,997686297543643; 4,66082453671706
13047; 2; 0; 0; 0,62814480523159; 0,62814480523159; 4,68738168269583
13055; 10; 0; 0; 0,881199273341863; 0,881199273341863; 3,76030167170416
13058; 2; 1; 0; 0,997160659596111; 0,00283934040388948; 6,39866213257482
13070; 17; 0; 0; 1; 1; 8,45511149041034
13097; 10; 0; 0; 0,935254697095264; 0,935254697095264; 5,65613600011077
13099; 3; 0; 0; 0,757243493511231; 0,757243493511231; 5,79481425797823
13100; 2; 0; 0; 1; 1; 4,71268833018521
13106; 3; 0; 0; 0,999262977310653; 0,999262977310653; 4,67598139570104
13118; 13; 0; 0; 1; 1; 5,26293719757707
13128; 10; 7; 0; 0,572647748219776; 0,103472589180624; 1,92861704967602
13146; 2; 1; 0; 1; 0; 2,6700199349302
13147; 11; 0; 0; 1; 1; 6,99110448373764
13150; 2; 0; 0; 1; 1; 4,12173901378388
13151; 10; 0; 0; 0,981266487667688; 0,981266487667688; 3,82366766069434
13154; 2; 0; 0; 1; 1; 14,1380649905556
13164; 3; 0; 0; 0,998511605188322; 0,998511605188322; 4,20838325613094
13209; 4; 0; 0; 0,932039281022151; 0,932039281022151; 4,68372234296012
13212; 10; 0; 0; 0,999658160662345; 0,999658160662345; 5,59085484573927
13214; 10; 2; 0; 0,296390558644063; 0,0981227639225114; 2,11481616373517
13216; 2; 1; 0; 0,988695946240493; 0,0113040537595069; 10,5421563203657
13236; 14; 7; 0; 0,418678696739608; 0,000976621580778468; 1,78523664219842
13237; 10; 2; 0; 0,364776512847854; 0,232609085611016; 2,48801901615902
13246; 19; 0; 0; 0,999909884897778; 0,999909884897778; 6,04345462083218
13267; 2; 0; 0; 1; 1; 0,76786027918221
13301; 2; 1; 0; 0,831152126282786; 0,168847873717213; 2,56879014082588
13312; 2; 1; 0; 1; 0; 2,63400125981458
13325; 10; 0; 0; 0,999311294980201; 0,999311294980201; 5,59298944406047
13363; 20; 0; 0; 0,999999970345704; 0,999999970345704; 8,07186001017923
13373; 2; 1; 0; 1; 0; 2,56879014082588
13378; 16; 7; 0; 0,289406297063652; 0; 2,48315321943037
13405; 2; 1; 0; 1; 0; 4,95044853404993
13418; 3; 0; 0; 1; 1; 3,82457914224041
13422; 3; 0; 0; 0,981991295737934; 0,981991295737934; 5,63339612417256
13428; 10; 4; 0; 0,374071076132004; 0; 1,47183932738433
13430; 10; 2; 0; 0,36274386849233; 0,312923258266727; 3,77075733340718
13441; 2; 1; 0; 1; 0; 1,17047591595477
13470; 2; 0; 0; 0,953770251539913; 0,953770251539913; 2,55705360090416
13472; 2; 0; 0; 1; 1; 7,02634502484776
13494; 10; 2; 0; 0,302223561929848; 0,0464093525866028; 2,22612227761597
13497; 10; 7; 0; 0,391811224105132; 0,388733897741091; 2,43819281790305
13503; 3; 2; 0; 0,804120603588484; 0,120546140593009; 3,07849507455093
13513; 2; 0; 0; 1; 1; 9,42537666037043
13513; 11; 0; 0; 1; 1; 4,66073632249176
13517; 3; 0; 0; 0,993259201808796; 0,993259201808796; 4,20838325613094
13523; 2; 0; 0; 0,698700985936989; 0,698700985936989; 4,00596720690333
13571; 2; 1; 0; 0,615908704416166; 0,384091295583834; 6,38109081080155
13572; 10; 8; 0; 0,17146766893759; 0,023730767755158; 8,81280930566978
13586; 2; 0; 0; 0,75883690510695; 0,75883690510695; 4,66003076847095
13603; 10; 0; 0; 0,408776110162688; 0,408776110162688; 2,48801901615902
13614; 2; 1; 0; 1; 0; 4,14842638591141
13644; 2; 1; 0; 1; 0; 2,21467434418023
13653; 10; 0; 0; 0,580646078266074; 0,580646078266074; 2,67040165770334
13689; 2; 0; 0; 0,999417807856566; 0,999417807856566; 5,03737489717814
13690; 2; 0; 0; 0,938153608877528; 0,938153608877528; 1,67821515030565
13691; 2; 0; 0; 0,532599360354889; 0,532599360354889; 3,51892753826723
13720; 3; 0; 0; 0,859857575109344; 0,859857575109344; 8,07975115646205
13735; 3; 2; 0; 0,396864925706879; 0,243165858081569; 8,47095965358302
13737; 20; 0; 0; 0,999884098664688; 0,999884098664688; 8,07186001017923
13745; 3; 0; 0; 0,999787481425168; 0,999787481425168; 6,01197608018705
13746; 10; 1; 0; 0,438431499744509; 0,371245715166946; 3,77075733340718
13786; 2; 1; 0; 0,621075607895601; 0,378924392104399; 3,19594205638352
13803; 16; 13; 0; 0,0814093660660053; 0,0195932562813942; 8,07186385348826
13846; 3; 2; 0; 1; 0; 10,9213571922136
13859; 2; 0; 0; 0,999992693441507; 0,999992693441507; 3,51594870124322
13879; 3; 0; 0; 0,999902083322237; 0,999902083322237; 7,01397209355156
13894; 2; 0; 0; 0,999740304389563; 0,999740304389563; 5,25153296258267
13898; 4; 0; 0; 0,532168237422747; 0,532168237422747; 3,73760784294723
13898; 17; 0; 0; 1; 1; 8,45511149041034
13904; 3; 0; 0; 0,999915488388657; 0,999915488388657; 7,01397209355156
13905; 10; 2; 0; 0,399111230980272; 0,0911055699138809; 2,01418176119509
13907; 4; 1; 0; 0,575520853427647; 0,324460544486936; 3,50400735276303
13907; 2; 1; 0; 1; 0; 1,40637948049729
13937; 2; 0; 0; 1; 1; 9,34506977225569
13942; 2; 0; 0; 1; 1; 9,37586320331525
13951; 10; 2; 0; 0,400859180621193; 0,190608642102013; 2,57097090914126
13985; 10; 7; 0; 0,118563324329322; 0,0286711792741547; 11,7504124075597
13996; 3; 2; 0; 0,530587067998736; 0,129826183061081; 2,89647722257568
14006; 2; 0; 0; 0,999991584677519; 0,999991584677519; 4,66170875084903
14022; 2; 0; 0; 0,999982145377629; 0,999982145377629; 4,19553787576412
14029; 2; 1; 0; 0,925642043125539; 0,0743579568744607; 7,0191998918817
14032; 10; 0; 0; 0,923282480290875; 0,923282480290875; 6,01403546170748
14036; 10; 0; 0; 0,769916629949743; 0,769916629949743; 7,04532067852356
14040; 2; 0; 0; 0,999999622726696; 0,999999622726696; 5,99362553680589
14059; 16; 10; 0; 0,0650692899309814; 0,0239606510352795; 11,3006093948836
14090; 4; 0; 0; 0,99847809746438; 0,99847809746438; 5,62046681155214
14128; 2; 1; 0; 0,669201329516375; 0,330798670483625; 2,41763146196427
14128; 10; 0; 0; 0,757418336766363; 0,757418336766363; 10,5679810177853
14139; 10; 0; 0; 0,9999854609852; 0,9999854609852; 13,9771371143482
14148; 2; 0; 0; 1; 1; 10,4888446894103
14166; 10; 0; 0; 0,982251311982282; 0,982251311982282; 5,59085484573927
14185; 3; 0; 0; 1; 1; 6,24303630560231
14196; 2; 1; 0; 0,568170593191748; 0,431829406808252; 3,19594205638352
14198; 2; 0; 0; 1; 1; 9,42537666037043
14206; 4; 0; 0; 0,999563278544448; 0,999563278544448; 6,24496312394683
14206; 2; 0; 0; 1; 1; 9,38255872581438
14210; 2; 0; 0; 0,968969885959956; 0,968969885959956; 5,60704186335341
14218; 16; 0; 0; 0,951175536102603; 0,951175536102603; 4,33496204640402
14219; 2; 0; 0; 0,989625596821754; 0,989625596821754; 7,98862417452163
14222; 3; 0; 0; 0,994521650445099; 0,994521650445099; 6,2593290268584
14225; 16; 0; 0; 0,951175536102603; 0,951175536102603; 4,33496204640402
14231; 16; 0; 0; 0,807470993362834; 0,807470993362834; 3,13080592240291
14247; 3; 0; 0; 0,872800926625368; 0,872800926625368; 8,64875017854338
14267; 10; 0; 0; 0,760232691693406; 0,760232691693406; 3,51297016455498
14268; 2; 0; 0; 0,94626095936395; 0,94626095936395; 3,13025195002597
14269; 10; 1; 0; 0,955056861924423; 0,000549825969446367; 11,2293201849627
14324; 2; 0; 0; 1; 1; 5,27839130740084
14324; 2; 0; 0; 1; 1; 9,37586320331525
14326; 4; 0; 0; 0,999512879695831; 0,999512879695831; 6,24496312394683
14326; 2; 0; 0; 0,999855601301212; 0,999855601301212; 3,12528773443842
14350; 2; 0; 0; 0,865869114791822; 0,865869114791822; 2,66922858953816
14361; 18; 0; 0; 0,999954337168173; 0,999954337168173; 6,23159404235021
14370; 2; 0; 0; 0,941297333737615; 0,941297333737615; 7,65069318898626
14371; 13; 0; 0; 0,965628881236528; 0,965628881236528; 12,028241817528
14390; 17; 0; 0; 0,704393724419253; 0,704393724419253; 7,63897913015805
14392; 2; 0; 0; 0,999693756861235; 0,999693756861235; 4,69537792503896
14416; 2; 0; 0; 1; 1; 4,68423001656517
14427; 16; 0; 0; 1; 1; 8,45532876019076
14431; 16; 6; 0; 0,0747180096205567; 0,0217086234278179; 9,4171744957363
14436; 2; 0; 0; 1; 1; 9,36846003313035
14444; 3; 0; 0; 0,864031862725057; 0,864031862725057; 9,42637634920573
14445; 10; 0; 0; 0,999996782038172; 0,999996782038172; 8,0577892965089
14455; 20; 0; 0; 0,986411530931319; 0,986411530931319; 5,13663818829587
14463; 10; 0; 0; 1; 1; 9,3464058019617
14468; 19; 0; 0; 0,770092047235479; 0,770092047235479; 5,91702048121225
14491; 4; 0; 0; 0,999901007459583; 0,999901007459583; 7,00801470552606
14501; 2; 0; 0; 0,756606564784371; 0,756606564784371; 5,61278048361028
14524; 3; 0; 0; 0,860405484567223; 0,860405484567223; 8,07975115646205
14535; 10; 0; 0; 0,992441743422038; 0,992441743422038; 5,60784348117702
14555; 2; 1; 0; 0,767071989595323; 0,232928010404677; 3,74552293105527
14570; 16; 0; 0; 0,999383187617658; 0,999383187617658; 12,0024392296373
14573; 2; 1; 0; 0,71205896397355; 0,287941036026451; 4,68981150753662
14576; 10; 0; 0; 0,999809222163832; 0,999809222163832; 10,5740808186759
14586; 10; 0; 0; 0,999819493757782; 0,999819493757782; 10,5740808186759
14586; 10; 0; 0; 0,99999839579053; 0,99999839579053; 6,39493122143679
14609; 2; 1; 0; 0,848337135247722; 0,151662864752278; 5,60538003803013
14618; 2; 0; 0; 1; 1; 4,68793160165763
14625; 10; 0; 0; 0,991969573571454; 0,991969573571454; 7,01637470532539
14634; 2; 0; 0; 0,969994829209041; 0,969994829209041; 8,41576250788488
14642; 10; 0; 0; 1; 1; 11,215686962354
14649; 10; 0; 0; 1; 1; 11,2809050151125
14650; 2; 1; 0; 0,562370345062959; 0,437629654937041; 10,0747497943563
14656; 10; 0; 0; 0,998197229023245; 0,998197229023245; 8,45926465494068
14656; 10; 0; 0; 0,766830048493446; 0,766830048493446; 7,04532067852356
14674; 10; 6; 0; 0,118563324329322; 0,0286711792741547; 11,7504124075597
14677; 2; 0; 0; 1; 1; 7,69261483625488
14681; 10; 0; 0; 0,999973484441323; 0,999973484441323; 9,35516627376719
14682; 16; 10; 0; 0,081399426119475; 0,0195298993168258; 8,05064380046461
14685; 2; 0; 0; 1; 1; 9,42537666037043
14702; 3; 1; 0; 0,990617202910911; 0,00173357560911643; 6,23863869441298
14719; 2; 1; 0; 1; 0; 5,25985156742805
14721; 3; 0; 0; 0,981991295737934; 0,981991295737934; 5,63339612417256
14724; 4; 0; 0; 0,999981334120589; 0,999981334120589; 8,00915966345835
14724; 10; 0; 0; 1; 1; 9,40075417926039
14734; 10; 0; 0; 0,998975483170948; 0,998975483170948; 6,00862060966254
14740; 2; 0; 0; 1; 1; 9,38255872581438
14756; 3; 0; 0; 1; 1; 10,5209581403273
14756; 2; 0; 0; 1; 1; 7,03691904436078
14764; 2; 0; 0; 1; 1; 7,03189740248644
14811; 3; 0; 0; 0,962620550853921; 0,962620550853921; 5,63339612417256
14811; 2; 0; 0; 1; 1; 10,0099376049037
14818; 3; 0; 0; 0,678442317918137; 0,678442317918137; 6,01609523449333
14827; 16; 10; 0; 0,0636635811243496; 0,0450462831347555; 14,0990981810611
14829; 4; 0; 0; 1; 1; 9,34401960736808
14830; 2; 0; 0; 0,571643714381339; 0,571643714381339; 4,68981150753662
14833; 4; 0; 0; 1; 1; 9,34401960736808
14833; 2; 0; 0; 1; 1; 5,62551792198915
14838; 10; 0; 0; 0,9956507738476; 0,9956507738476; 7,03274277349256
14852; 3; 2; 0; 0,907265933937131; 0,0927274024269404; 5,90917651679445
14853; 4; 0; 0; 0,99998537980549; 0,99998537980549; 8,02923830221735
14858; 18; 0; 0; 0,681034264286043; 0,681034264286043; 9,38228053770054
14862; 4; 0; 0; 1; 1; 8,00915966345835
14867; 18; 1; 0; 0,943753419144772; 0,0480422452638846; 6,62483959946511
14872; 2; 0; 0; 0,610552823125261; 0,610552823125261; 7,79014582188486
14874; 2; 0; 0; 0,537779107260704; 0,537779107260704; 5,27126547658249
14875; 16; 0; 0; 1; 1; 10,5691609502384
14917; 3; 0; 0; 0,723226388259413; 0,723226388259413; 3,82362879777184
14921; 17; 0; 0; 1; 1; 14,0918524840172
14931; 10; 0; 0; 0,996339372447381; 0,996339372447381; 4,20603442676378
14942; 2; 0; 0; 0,853004577756858; 0,853004577756858; 7,80350068330752
14943; 2; 0; 0; 1; 1; 5,62107601987821
14954; 10; 6; 0; 0,11429695006991; 0,0574724473084881; 8,41206885352755
14954; 10; 0; 0; 1; 1; 7,81602704842274
14955; 20; 0; 0; 1; 1; 9,41717001187576
14972; 16; 2; 0; 0,688386173209432; 0,311552593457324; 5,12694479311313
14973; 4; 0; 0; 1; 1; 11,2128235288417
14978; 2; 0; 0; 1; 1; 4,6794665945878
14978; 10; 0; 0; 0,918239468955365; 0,918239468955365; 7,04532067852356
14980; 2; 0; 0; 0,602398389357659; 0,602398389357659; 7,79014582188486
14991; 2; 1; 0; 0,633874878682688; 0,366125121317312; 10,4888446894103
14998; 2; 1; 0; 0,587038927743678; 0,412961072256323; 13,9851262525471
15010; 3; 2; 0; 0,369684948360509; 0,260630103278982; 14,0279441871031
15010; 16; 0; 0; 1; 1; 10,5691609502384
15012; 2; 0; 0; 1; 1; 7,03785507653446
15018; 20; 0; 0; 1; 1; 8,07186001017923
15029; 2; 0; 0; 0,802307392048639; 0,802307392048639; 7,0385283458323
15033; 11; 0; 0; 1; 1; 13,9822089674753
15050; 2; 0; 0; 1; 1; 10,5600997620791
15056; 18; 0; 0; 1; 1; 7,04911668882286
15057; 3; 0; 0; 1; 1; 14,118266089305
15071; 3; 0; 0; 1; 1; 10,5209581403273
15071; 2; 0; 0; 1; 1; 7,03691904436078
15075; 3; 0; 0; 0,99402514583002; 0,99402514583002; 3,82580296011903
15078; 3; 0; 0; 0,709990318045671; 0,709990318045671; 6,2593290268584
15083; 4; 0; 0; 1; 1; 9,34401960736808
15083; 17; 0; 0; 1; 1; 8,45511149041034
15115; 2; 0; 0; 1; 1; 5,62551792198915
15134; 17; 2; 0; 1; 0; 8,40287704317386
15165; 10; 0; 0; 1; 1; 14,1011312688906
15166; 2; 0; 0; 0,517404732226388; 0,517404732226388; 8,7844478855761
15169; 4; 0; 0; 1; 1; 7,02558351444018
15185; 4; 0; 0; 1; 1; 8,02923830221735
15185; 10; 0; 0; 1; 1; 11,2809050151125
15187; 2; 1; 0; 0,633874878682688; 0,366125121317312; 10,4888446894103
15194; 2; 0; 0; 0,519643141915794; 0,519643141915794; 5,10753126962082
15208; 2; 1; 0; 0,687534110162022; 0,312465889837978; 4,68556931251776
15213; 3; 2; 0; 0,816694475753195; 0,183305524246805; 5,59804597359519
15216; 16; 0; 0; 1; 1; 14,0922146003179
15217; 16; 0; 0; 1; 1; 10,5691609502384
15224; 2; 1; 0; 0,672046220138415; 0,327953779861585; 5,60538003803013
15261; 19; 2; 0; 0,999999132852611; 0; 7,48676546453171
15262; 10; 0; 0; 0,988720569430205; 0,988720569430205; 3,82366766069434
15267; 2; 0; 0; 0,760816209077044; 0,760816209077044; 11,7125971807681
15272; 3; 0; 0; 1; 1; 7,06978226190429
15281; 2; 0; 0; 0,753276549882581; 0,753276549882581; 6,38515846246887
15283; 11; 0; 0; 1; 1; 14,0796335057272
15284; 22; 0; 0; 1; 1; 12,0902060098384
15286; 2; 0; 0; 1; 1; 10,5600997620791
15287; 2; 0; 0; 0,770264086315992; 0,770264086315992; 4,00384288430724
15295; 16; 0; 0; 1; 1; 11,2709013206505
15299; 18; 0; 0; 0,643555785127561; 0,643555785127561; 6,62278626190626
15301; 17; 0; 0; 1; 1; 10,5688893630129
15311; 2; 0; 0; 0,606530729081163; 0,606530729081163; 7,65069318898626
15360; 2; 0; 0; 0,775400067546776; 0,775400067546776; 7,0385283458323
15361; 2; 0; 0; 1; 1; 9,37586320331525
15393; 10; 0; 0; 0,992055132134708; 0,992055132134708; 5,83508747037269
15419; 3; 0; 0; 1; 1; 14,118266089305
15430; 18; 0; 0; 1; 1; 7,04911668882286
15431; 3; 0; 0; 0,999464741863146; 0,999464741863146; 4,20838325613094
15431; 2; 0; 0; 1; 1; 9,38255872581438
15432; 2; 0; 0; 1; 1; 5,62107601987821
15432; 2; 0; 0; 0,86499944338659; 0,86499944338659; 6,26364806977504
15458; 4; 0; 0; 1; 1; 11,2128235288417
15458; 10; 0; 0; 1; 1; 11,2809050151125
15462; 4; 0; 0; 1; 1; 9,34401960736808
15466; 2; 1; 0; 0,633874878682688; 0,366125121317312; 10,4888446894103
15472; 2; 0; 0; 0,999996948346033; 0,999996948346033; 4,19553787576412
15485; 22; 0; 0; 1; 1; 9,40349356320765
15497; 10; 0; 0; 1; 1; 7,04938721245057
15505; 2; 1; 0; 1; 0; 5,25985156742805
15522; 2; 0; 0; 1; 1; 7,03985106062423
15523; 3; 0; 0; 0,999398191299175; 0,999398191299175; 4,20838325613094
15531; 2; 0; 0; 0,839790944607008; 0,839790944607008; 8,41576250788488
15546; 4; 0; 0; 1; 1; 7,02558351444018
15546; 10; 0; 0; 1; 1; 11,2809050151125
15554; 10; 4; 0; 0,103059029695508; 0,0724687327404301; 13,9771371143482
15562; 18; 0; 0; 0,690998105196013; 0,690998105196013; 8,66056665018511
15587; 10; 2; 0; 0,454917649259903; 0,294841542417719; 5,59255350061626
15602; 16; 2; 0; 0,571972579616045; 0; 6,49440072774096
15620; 3; 0; 0; 1; 1; 14,118266089305
15622; 2; 0; 0; 1; 1; 7,05156359990031
15630; 10; 0; 0; 0,879314095133865; 0,879314095133865; 7,0272281598274
15641; 2; 1; 0; 0,997516088305745; 0,00248391169425512; 10,0475070557329
15646; 10; 1; 0; 0,998647038054305; 0; 5,09803952834275
15659; 10; 0; 0; 0,517092121068806; 0,517092121068806; 5,28399050889267
15671; 4; 0; 0; 1; 1; 9,34401960736808
15671; 2; 0; 0; 1; 1; 7,03189740248644
15689; 3; 0; 0; 0,601698770824814; 0,601698770824814; 6,01609523449333
15699; 2; 0; 0; 0,996058528844335; 0,996058528844335; 5,42486527388415
15703; 4; 0; 0; 1; 1; 11,2128235288417
15703; 10; 0; 0; 1; 1; 11,2809050151125
15718; 2; 0; 0; 0,685277941647763; 0,685277941647763; 4,68981150753662
15726; 10; 0; 0; 0,99996817672445; 0,99996817672445; 5,6422452910514
15736; 2; 0; 0; 0,535924241634771; 0,535924241634771; 4,67573464995681
15740; 2; 0; 0; 1; 1; 10,5600997620791
15750; 10; 0; 0; 1; 1; 10,5740808186759
15750; 10; 0; 0; 0,517092121068806; 0,517092121068806; 5,28399050889267
15754; 3; 1; 0; 0,446230886911078; 0,209704591803676; 5,4633629073576
15766; 3; 0; 0; 0,956381791556996; 0,956381791556996; 4,67332408616558
15772; 10; 9; 0; 0,126075233011268; 0,0570316528267131; 7,01005737793963
15773; 3; 0; 0; 0,984449408565111; 0,984449408565111; 7,0417451552157
15798; 2; 0; 0; 1; 1; 14,0861337751169
15810; 2; 0; 0; 0,596026666232678; 0,596026666232678; 8,76391404962047
15810; 10; 0; 0; 0,906164498533239; 0,906164498533239; 7,04532067852356
15830; 22; 0; 0; 1; 1; 16,9262884137738
15840; 20; 0; 0; 0,99999984096089; 0,99999984096089; 6,27811334125051
15875; 16; 2; 0; 0,87524638114149; 0,120044139379669; 4,33818405571111
15900; 4; 0; 0; 1; 1; 9,34401960736808
