MAC; alternativas; MasProb; Elección; MaxProb; ElecProb; %linkOK; %linkNO; %DistOK; %DistNO
4; 11; 0; 0; 1; 1; 1; 0; 1; 0
21; 2; 0; 0; 1; 1; 1; 0; 1; 0
32; 10; 0; 0; 1; 1; 1; 0; 1; 0
54; 20; 0; 0; 0,999987313868461; 0,999987313868461; 1; 0; 1; 0
68; 3; 0; 0; 0,982934605205545; 0,982934605205545; 1; 0; 1; 0
70; 16; 0; 0; 1; 1; 1; 0; 1; 0
77; 16; 2; 0; 0,827365719808408; 0,169457929728552; 1; 0; 1; 0
109; 2; 0; 0; 1; 1; 1; 0; 1; 0
113; 40; 0; 0; 1; 1; 1; 0; 1; 0
128; 2; 0; 0; 1; 1; 1; 0; 1; 0
176; 10; 0; 0; 1; 1; 1; 0; 1; 0
191; 10; 0; 0; 0,999957816500601; 0,999957816500601; 1; 0; 1; 0
231; 20; 0; 0; 0,995869011458554; 0,995869011458554; 1; 0; 1; 0
235; 10; 6; 0; 0,148606562604248; 0,0264606480161076; 1; 0; 1; 0
244; 20; 0; 0; 1; 1; 1; 0; 1; 0
273; 3; 0; 0; 0,538958994779859; 0,538958994779859; 1; 0; 1; 0
277; 10; 0; 0; 1; 1; 1; 0; 1; 0
281; 10; 0; 0; 0,999995821093547; 0,999995821093547; 1; 0; 1; 0
302; 10; 6; 0; 0,118563324329322; 0,0286711792741547; 1; 0; 1; 0
304; 10; 7; 0; 0,14127643198304; 0,0617643878897276; 1; 0; 1; 0
321; 10; 0; 0; 1; 1; 1; 0; 1; 0
340; 2; 1; 1; 0,993377451950076; 0,993377451950076; 0; 0; 0,167385047325938; 0,832614952674062
358; 2; 0; 0; 1; 1; 1; 0; 1; 0
362; 3; 1; 0; 0,387816473850521; 0,224367052298957; 1; 0; 1; 0
363; 3; 1; 0; 0,369241097181702; 0,261517805636596; 1; 0; 1; 0
365; 10; 0; 0; 1; 1; 1; 0; 1; 0
379; 68; 0; 0; 1; 1; 1; 0; 1; 0
402; 2; 1; 1; 0,999900440937046; 0,999900440937046; 0; 0; 0,200412394553236; 0,799587605446764
416; 10; 0; 2; 0,83527342971616; 0,037977708859733; 0; 0; 0,14218621912864; 0,85781378087136
447; 10; 0; 0; 1; 1; 1; 0; 1; 0
468; 10; 0; 0; 0,85086444080193; 0,85086444080193; 1; 0; 1; 0
477; 2; 0; 0; 1; 1; 1; 0; 1; 0
498; 2; 0; 0; 0,991200904684826; 0,991200904684826; 1; 0; 1; 0
503; 2; 1; 1; 1; 1; 0; 1; 0; 1
510; 2; 0; 1; 0,559488835855106; 0,440511164144894; 0; 0; 0,201011461648518; 0,798988538351482
528; 2; 0; 0; 1; 1; 1; 0; 1; 0
537; 10; 0; 0; 0,842408152175377; 0,842408152175377; 1; 0; 1; 0
541; 2; 0; 0; 1; 1; 1; 0; 1; 0
543; 20; 0; 0; 1; 1; 1; 0; 1; 0
546; 10; 0; 0; 1; 1; 1; 0; 1; 0
555; 10; 0; 0; 0,999996692676666; 0,999996692676666; 1; 0; 1; 0
565; 2; 0; 0; 1; 1; 1; 0; 1; 0
570; 10; 6; 0; 0,148606562604248; 0,0264606480161076; 1; 0; 1; 0
615; 2; 0; 0; 1; 1; 1; 0; 1; 0
620; 18; 0; 2; 0,877996630304539; 0,0161301815999846; 0; 0; 0,249836158183357; 0,750163841816643
630; 10; 0; 0; 1; 1; 1; 0; 1; 0
671; 2; 0; 1; 0,661654498098793; 0,338345501901207; 0; 1; 0; 1
673; 13; 0; 0; 0,583504930046715; 0,583504930046715; 1; 0; 1; 0
679; 4; 0; 0; 1; 1; 1; 0; 1; 0
692; 10; 0; 0; 1; 1; 1; 0; 1; 0
718; 2; 0; 0; 1; 1; 1; 0; 1; 0
734; 10; 0; 0; 1; 1; 1; 0; 1; 0
743; 2; 0; 1; 0,61804005410388; 0,38195994589612; 0; 0; 0,428193131701094; 0,571806868298906
766; 2; 0; 0; 1; 1; 1; 0; 1; 0
786; 10; 0; 0; 0,990279330550241; 0,990279330550241; 1; 0; 1; 0
794; 13; 2; 0; 0,731738301441508; 0,239592561751606; 1; 0; 1; 0
795; 2; 0; 0; 1; 1; 1; 0; 1; 0
821; 2; 0; 0; 1; 1; 1; 0; 1; 0
825; 3; 0; 0; 1; 1; 1; 0; 1; 0
827; 10; 0; 0; 1; 1; 1; 0; 1; 0
828; 16; 0; 0; 1; 1; 1; 0; 1; 0
829; 2; 0; 0; 1; 1; 1; 0; 1; 0
830; 68; 0; 0; 1; 1; 1; 0; 1; 0
844; 2; 0; 0; 0,50051956733079; 0,50051956733079; 1; 0; 1; 0
881; 18; 0; 2; 0,893138138565207; 0,00597301065874165; 0; 0; 0,249836158183357; 0,750163841816643
894; 10; 0; 0; 1; 1; 1; 0; 1; 0
914; 10; 0; 0; 0,559101766958627; 0,559101766958627; 1; 0; 1; 0
919; 10; 0; 0; 1; 1; 1; 0; 1; 0
928; 11; 0; 0; 1; 1; 1; 0; 1; 0
987; 13; 2; 0; 0,703865177025147; 0,24887624740568; 1; 0; 1; 0
991; 3; 0; 0; 0,931174657765146; 0,931174657765146; 1; 0; 1; 0
1001; 2; 0; 0; 1; 1; 1; 0; 1; 0
1007; 3; 1; 0; 0,387417728374367; 0,225164543251266; 1; 0; 1; 0
1018; 3; 0; 0; 0,999998645539056; 0,999998645539056; 1; 0; 1; 0
1051; 10; 0; 0; 0,407906259746954; 0,407906259746954; 1; 0; 1; 0
1092; 10; 0; 0; 1; 1; 1; 0; 1; 0
1093; 10; 2; 1; 0,560038103223206; 0,31419601293083; 0; 1; 0; 1
1098; 40; 0; 0; 1; 1; 1; 0; 1; 0
1102; 10; 2; 1; 0,518355543033364; 0,352959548232504; 0; 1; 0; 1
1110; 10; 0; 0; 1; 1; 1; 0; 1; 0
1111; 10; 0; 0; 0,464808414851339; 0,464808414851339; 1; 0; 1; 0
1127; 2; 1; 0; 0,585101233837668; 0,414898766162332; 1; 0; 1; 0
1183; 3; 0; 0; 1; 1; 1; 0; 1; 0
1187; 2; 0; 0; 1; 1; 1; 0; 1; 0
1208; 16; 0; 0; 1; 1; 1; 0; 1; 0
1212; 3; 0; 0; 1; 1; 1; 0; 1; 0
1250; 16; 4; 0; 0,0650747812183973; 0,0238782817240402; 1; 0; 1; 0
1256; 2; 0; 1; 1; 0; 0; 0; 0,37453846769788; 0,62546153230212
1271; 2; 0; 0; 1; 1; 1; 0; 1; 0
1273; 3; 0; 0; 0,866709232956158; 0,866709232956158; 1; 0; 1; 0
1315; 16; 0; 0; 1; 1; 1; 0; 1; 0
1329; 2; 0; 0; 1; 1; 1; 0; 1; 0
1331; 10; 0; 0; 1; 1; 1; 0; 1; 0
1338; 16; 2; 0; 0,860596133266245; 0,129709746570646; 1; 0; 1; 0
1342; 2; 0; 1; 1; 0; 0; 0; 0,499871699868275; 0,500128300131725
1347; 13; 2; 0; 0,734784581157619; 0,246682489846417; 1; 0; 1; 0
1354; 2; 0; 0; 0,99984869853734; 0,99984869853734; 1; 0; 1; 0
1368; 3; 0; 0; 0,992813178635813; 0,992813178635813; 1; 0; 1; 0
1370; 2; 0; 0; 1; 1; 1; 0; 1; 0
1376; 2; 0; 0; 1; 1; 1; 0; 1; 0
1380; 20; 2; 0; 0,377727859556401; 0,368112419858503; 1; 0; 1; 0
1392; 2; 0; 0; 0,850179789156129; 0,850179789156129; 1; 0; 1; 0
1431; 2; 0; 0; 0,970444481322199; 0,970444481322199; 1; 0; 1; 0
1438; 2; 0; 0; 1; 1; 1; 0; 1; 0
1471; 3; 0; 0; 0,637873463387311; 0,637873463387311; 1; 0; 1; 0
1474; 3; 0; 0; 0,928666241553869; 0,928666241553869; 1; 0; 1; 0
1477; 10; 1; 0; 0,39852257497073; 0,337747473158575; 1; 0; 1; 0
1478; 3; 0; 0; 0,815129883544573; 0,815129883544573; 1; 0; 1; 0
1484; 3; 0; 0; 1; 1; 1; 0; 1; 0
1489; 2; 0; 0; 1; 1; 1; 0; 1; 0
1495; 20; 0; 0; 0,996337384782338; 0,996337384782338; 1; 0; 1; 0
1576; 20; 2; 0; 0,298036608315428; 0,0636370269302492; 1; 0; 1; 0
1587; 10; 0; 0; 1; 1; 1; 0; 1; 0
1588; 2; 0; 0; 1; 1; 1; 0; 1; 0
1607; 10; 0; 0; 1; 1; 1; 0; 1; 0
1618; 18; 0; 0; 1; 1; 1; 0; 1; 0
1624; 2; 0; 0; 0,995960336814506; 0,995960336814506; 1; 0; 1; 0
1649; 22; 0; 0; 1; 1; 1; 0; 1; 0
1650; 2; 0; 0; 0,629103444574556; 0,629103444574556; 1; 0; 1; 0
1675; 13; 2; 0; 0,638865273254451; 0,35852605945115; 1; 0; 1; 0
1676; 2; 1; 0; 1; 0; 1; 0; 1; 0
1687; 2; 0; 0; 0,959084459038921; 0,959084459038921; 1; 0; 1; 0
1690; 2; 0; 0; 1; 1; 1; 0; 1; 0
1691; 22; 0; 0; 1; 1; 1; 0; 1; 0
1698; 2; 1; 0; 0,587038927743678; 0,412961072256323; 1; 0; 1; 0
1703; 10; 0; 2; 0,747522551848408; 0,0864630053160103; 0; 0; 0,248741993199409; 0,751258006800591
1729; 2; 0; 0; 1; 1; 1; 0; 1; 0
1753; 10; 0; 2; 0,746566212239071; 0,0966292594571136; 0; 0; 0,14218621912864; 0,85781378087136
1800; 10; 0; 0; 1; 1; 1; 0; 1; 0
1808; 18; 0; 2; 0,882374525461412; 0,0152563878928227; 0; 0; 0,249836158183357; 0,750163841816643
1809; 48; 0; 0; 1; 1; 1; 0; 1; 0
1811; 18; 0; 2; 0,849174342289207; 0,0336546354220841; 0; 0; 0,249836158183357; 0,750163841816643
1813; 2; 0; 0; 0,598862545094669; 0,598862545094669; 1; 0; 1; 0
1842; 2; 1; 0; 1; 0; 1; 0; 1; 0
1875; 4; 0; 0; 0,783746120700748; 0,783746120700748; 1; 0; 1; 0
1945; 10; 0; 0; 0,999917570061848; 0,999917570061848; 1; 0; 1; 0
1954; 10; 3; 0; 0,104137429649686; 0,0627631331528219; 1; 0; 1; 0
1956; 10; 0; 0; 0,842408152175377; 0,842408152175377; 1; 0; 1; 0
1965; 3; 0; 0; 1; 1; 1; 0; 1; 0
1975; 2; 0; 0; 1; 1; 1; 0; 1; 0
1980; 2; 0; 0; 1; 1; 1; 0; 1; 0
1981; 2; 0; 0; 1; 1; 1; 0; 1; 0
1997; 2; 0; 0; 0,701722499998163; 0,701722499998163; 1; 0; 1; 0
2008; 22; 10; 0; 0,0579159504719559; 0,0113493523425232; 1; 0; 1; 0
2021; 2; 0; 1; 1; 0; 0; 0; 0,333212359042951; 0,666787640957049
2023; 2; 0; 0; 1; 1; 1; 0; 1; 0
2030; 2; 1; 1; 0,71970690860929; 0,71970690860929; 0; 0; 0,333212359042951; 0,666787640957049
2031; 10; 0; 0; 1; 1; 1; 0; 1; 0
2032; 2; 1; 0; 0,986061582055395; 0,0139384179446053; 1; 0; 1; 0
2033; 2; 0; 0; 0,910877283056289; 0,910877283056289; 1; 0; 1; 0
2059; 2; 1; 0; 0,887617959436567; 0,112382040563433; 1; 0; 1; 0
2102; 10; 0; 0; 1; 1; 1; 0; 1; 0
2126; 10; 0; 0; 1; 1; 1; 0; 1; 0
2145; 18; 0; 0; 1; 1; 1; 0; 1; 0
2155; 2; 0; 1; 0,926959378420928; 0,073040621579072; 0; 0; 0,199321718519391; 0,800678281480609
2163; 2; 0; 0; 0,692898817979645; 0,692898817979645; 1; 0; 1; 0
2175; 2; 0; 0; 1; 1; 1; 0; 1; 0
2187; 2; 0; 0; 0,907061170381887; 0,907061170381887; 1; 0; 1; 0
2224; 2; 0; 0; 1; 1; 1; 0; 1; 0
2246; 10; 7; 0; 0,14127643198304; 0,0617643878897276; 1; 0; 1; 0
2278; 2; 1; 0; 0,792887904155463; 0,207112095844537; 1; 0; 1; 0
2283; 2; 1; 0; 0,792887904155463; 0,207112095844537; 1; 0; 1; 0
2291; 2; 0; 1; 1; 0; 0; 0; 0,37453846769788; 0,62546153230212
2299; 4; 0; 0; 1; 1; 1; 0; 1; 0
2310; 10; 0; 0; 1; 1; 1; 0; 1; 0
2329; 22; 0; 0; 0,999999996058389; 0,999999996058389; 1; 0; 1; 0
2398; 2; 0; 0; 1; 1; 1; 0; 1; 0
2417; 10; 0; 0; 1; 1; 1; 0; 1; 0
2421; 2; 0; 0; 1; 1; 1; 0; 1; 0
2423; 3; 1; 0; 0,999974493288323; 0; 1; 0; 1; 0
2426; 16; 0; 0; 1; 1; 1; 0; 1; 0
2442; 2; 0; 0; 1; 1; 1; 0; 1; 0
2453; 18; 0; 0; 0,19872886294292; 0,19872886294292; 1; 0; 1; 0
2456; 10; 2; 0; 0,499165758960702; 0,444133155245049; 1; 0; 1; 0
2496; 16; 0; 0; 0,999906287093785; 0,999906287093785; 1; 0; 1; 0
2507; 10; 0; 0; 1; 1; 1; 0; 1; 0
2514; 40; 0; 0; 1; 1; 1; 0; 1; 0
2518; 2; 1; 0; 1; 0; 1; 0; 1; 0
2531; 22; 0; 0; 0,999999996058389; 0,999999996058389; 1; 0; 1; 0
2532; 14; 1; 0; 0,50307418927756; 0,0797517934345393; 1; 0; 1; 0
2536; 10; 0; 0; 1; 1; 1; 0; 1; 0
2542; 2; 0; 0; 0,512935582345265; 0,512935582345265; 1; 0; 1; 0
2553; 2; 0; 0; 0,999837556983394; 0,999837556983394; 1; 0; 1; 0
2571; 3; 0; 0; 0,913471157375118; 0,913471157375118; 1; 0; 1; 0
2626; 10; 0; 0; 0,999999860931902; 0,999999860931902; 1; 0; 1; 0
2627; 19; 2; 0; 0,805044750533725; 0; 1; 0; 1; 0
2636; 16; 0; 0; 1; 1; 1; 0; 1; 0
2657; 10; 0; 0; 0,972779460745075; 0,972779460745075; 1; 0; 1; 0
2663; 10; 0; 0; 0,999935673609901; 0,999935673609901; 1; 0; 1; 0
2708; 2; 1; 0; 0,533838572364214; 0,466161427635786; 1; 0; 1; 0
2738; 10; 0; 0; 1; 1; 1; 0; 1; 0
2766; 26; 0; 0; 0,937779001948778; 0,937779001948778; 1; 0; 1; 0
2775; 3; 0; 0; 0,988390933234864; 0,988390933234864; 1; 0; 1; 0
2801; 16; 2; 0; 0,74936584979508; 0; 1; 0; 1; 0
2807; 11; 0; 0; 1; 1; 1; 0; 1; 0
2814; 10; 0; 0; 0,834973128414851; 0,834973128414851; 1; 0; 1; 0
2822; 17; 0; 0; 1; 1; 1; 0; 1; 0
2832; 10; 0; 0; 0,99450015662761; 0,99450015662761; 1; 0; 1; 0
2838; 11; 0; 0; 1; 1; 1; 0; 1; 0
2856; 2; 0; 0; 1; 1; 1; 0; 1; 0
2858; 68; 0; 0; 1; 1; 1; 0; 1; 0
2872; 18; 1; 2; 0,659892445294164; 0,0301731623835474; 0; 0; 0,500296553284424; 0,499703446715576
2874; 2; 0; 0; 1; 1; 1; 0; 1; 0
2875; 3; 0; 0; 0,999820860688149; 0,999820860688149; 1; 0; 1; 0
2878; 8; 0; 0; 0,999992963841962; 0,999992963841962; 1; 0; 1; 0
2883; 3; 0; 0; 0,999832932308287; 0,999832932308287; 1; 0; 1; 0
2895; 2; 0; 0; 1; 1; 1; 0; 1; 0
2898; 3; 0; 0; 0,795893515995032; 0,795893515995032; 1; 0; 1; 0
2911; 2; 0; 0; 1; 1; 1; 0; 1; 0
2922; 10; 2; 1; 0,515935726850423; 0,439365813216552; 0; 1; 0; 1
2936; 40; 0; 0; 1; 1; 1; 0; 1; 0
2952; 10; 0; 0; 1; 1; 1; 0; 1; 0
2957; 2; 0; 0; 1; 1; 1; 0; 1; 0
2973; 2; 1; 0; 1; 0; 1; 0; 1; 0
2992; 2; 0; 0; 0,895806083098759; 0,895806083098759; 1; 0; 1; 0
2994; 3; 0; 0; 0,990177283282811; 0,990177283282811; 1; 0; 1; 0
3011; 10; 0; 0; 0,810541024982462; 0,810541024982462; 1; 0; 1; 0
3018; 2; 1; 0; 0,778264779066278; 0,221735220933722; 1; 0; 1; 0
3045; 6; 0; 0; 0,969306944698039; 0,969306944698039; 1; 0; 1; 0
3053; 11; 3; 0; 0,913808057019338; 0; 1; 0; 1; 0
3060; 2; 0; 0; 1; 1; 1; 0; 1; 0
3063; 100; 0; 0; 0,999999938151164; 0,999999938151164; 1; 0; 1; 0
3069; 2; 0; 0; 1; 1; 1; 0; 1; 0
3081; 11; 3; 0; 0,913849433461327; 0; 1; 0; 1; 0
3082; 3; 0; 0; 0,684339692930191; 0,684339692930191; 1; 0; 1; 0
3100; 2; 0; 0; 0,978496820268241; 0,978496820268241; 1; 0; 1; 0
3103; 3; 1; 0; 0,369684948360509; 0,260630103278982; 1; 0; 1; 0
3121; 2; 0; 1; 1; 0; 0; 0; 0,500599967389935; 0,499400032610065
3129; 16; 0; 0; 0,999876330556735; 0,999876330556735; 1; 0; 1; 0
3130; 2; 0; 0; 1; 1; 1; 0; 1; 0
3152; 3; 0; 0; 0,933069971443107; 0,933069971443107; 1; 0; 1; 0
3160; 2; 1; 0; 1; 0; 1; 0; 1; 0
3169; 10; 0; 0; 0,998113427411471; 0,998113427411471; 1; 0; 1; 0
3212; 22; 0; 0; 1; 1; 1; 0; 1; 0
3214; 3; 0; 0; 1; 1; 1; 0; 1; 0
3220; 11; 0; 0; 1; 1; 1; 0; 1; 0
3225; 10; 0; 0; 1; 1; 1; 0; 1; 0
3226; 2; 0; 1; 1; 0; 0; 0; 0,499975874235971; 0,500024125764029
3229; 13; 0; 0; 0,856239254446149; 0,856239254446149; 1; 0; 1; 0
3270; 17; 0; 0; 1; 1; 1; 0; 1; 0
3304; 2; 0; 0; 1; 1; 1; 0; 1; 0
3315; 2; 0; 0; 1; 1; 1; 0; 1; 0
3321; 16; 2; 0; 0,730471727219657; 0,268162575358941; 1; 0; 1; 0
3327; 19; 2; 0; 0,957354225629424; 0; 1; 0; 1; 0
3332; 10; 0; 0; 1; 1; 1; 0; 1; 0
3336; 3; 0; 0; 1; 1; 1; 0; 1; 0
3355; 2; 0; 0; 1; 1; 1; 0; 1; 0
3359; 10; 0; 0; 0,606362717441686; 0,606362717441686; 1; 0; 1; 0
3366; 2; 0; 0; 0,509235326080384; 0,509235326080384; 1; 0; 1; 0
3395; 18; 0; 2; 0,892446780335158; 0,0589238166617691; 0; 0; 0,249836158183357; 0,750163841816643
3402; 2; 1; 0; 1; 0; 1; 0; 1; 0
3405; 3; 0; 0; 0,999831423804664; 0,999831423804664; 1; 0; 1; 0
3409; 3; 2; 2; 0,470553576669656; 0,470553576669656; 0; 0; 0,499204896857961; 0,500795103142039
3420; 2; 0; 0; 0,707841818303868; 0,707841818303868; 1; 0; 1; 0
3435; 10; 2; 0; 0,529135536501983; 0,359451363241088; 1; 0; 1; 0
3472; 10; 0; 0; 1; 1; 1; 0; 1; 0
3475; 2; 0; 0; 0,998903699844804; 0,998903699844804; 1; 0; 1; 0
3477; 10; 4; 0; 0,468819363228853; 0; 1; 0; 1; 0
3484; 2; 1; 0; 0,824765416105282; 0,175234583894718; 1; 0; 1; 0
3486; 2; 0; 0; 1; 1; 1; 0; 1; 0
3512; 3; 0; 0; 0,998338067814094; 0,998338067814094; 1; 0; 1; 0
3527; 2; 0; 0; 1; 1; 1; 0; 1; 0
3539; 3; 0; 0; 0,899980778697807; 0,899980778697807; 1; 0; 1; 0
3567; 16; 0; 0; 0,988707669936368; 0,988707669936368; 1; 0; 1; 0
3570; 16; 0; 0; 1; 1; 1; 0; 1; 0
3578; 2; 0; 0; 1; 1; 1; 0; 1; 0
3594; 3; 0; 0; 0,913471157375118; 0,913471157375118; 1; 0; 1; 0
3600; 3; 0; 0; 0,916255419377393; 0,916255419377393; 1; 0; 1; 0
3604; 100; 0; 0; 0,999978959989907; 0,999978959989907; 1; 0; 1; 0
3611; 3; 0; 0; 1; 1; 1; 0; 1; 0
3645; 2; 0; 0; 1; 1; 1; 0; 1; 0
3648; 2; 1; 1; 0,52085197526451; 0,52085197526451; 0; 1; 0; 1
3658; 2; 0; 0; 1; 1; 1; 0; 1; 0
3676; 10; 0; 0; 1; 1; 1; 0; 1; 0
3682; 2; 0; 0; 1; 1; 1; 0; 1; 0
3695; 10; 0; 0; 0,991133923541505; 0,991133923541505; 1; 0; 1; 0
3740; 2; 0; 0; 0,883412500223315; 0,883412500223315; 1; 0; 1; 0
3769; 10; 2; 0; 0,600324390198977; 0,098934123377637; 1; 0; 1; 0
3771; 10; 0; 0; 0,999402500057273; 0,999402500057273; 1; 0; 1; 0
3783; 10; 0; 0; 0,999927057726149; 0,999927057726149; 1; 0; 1; 0
3790; 10; 0; 0; 0,999938977942356; 0,999938977942356; 1; 0; 1; 0
3795; 2; 0; 0; 1; 1; 1; 0; 1; 0
3798; 11; 0; 0; 1; 1; 1; 0; 1; 0
3805; 2; 1; 0; 0,52281863402711; 0,47718136597289; 1; 0; 1; 0
3806; 3; 0; 0; 0,99714825511135; 0,99714825511135; 1; 0; 1; 0
3809; 4; 0; 0; 1; 1; 1; 0; 1; 0
3817; 4; 0; 1; 0,794736017097619; 0,205263982902381; 0; 0; 0,500296553284424; 0,499703446715576
3822; 16; 2; 0; 0,648420548615702; 0; 1; 0; 1; 0
3824; 2; 0; 1; 0,930255675893002; 0,0697443241069976; 0; 0; 0,374756081309079; 0,625243918690921
3843; 16; 0; 0; 0,999863387832522; 0,999863387832522; 1; 0; 1; 0
3846; 2; 0; 0; 0,999867578259919; 0,999867578259919; 1; 0; 1; 0
3888; 10; 0; 0; 1; 1; 1; 0; 1; 0
3940; 11; 0; 0; 1; 1; 1; 0; 1; 0
3942; 2; 0; 0; 1; 1; 1; 0; 1; 0
3958; 2; 1; 0; 1; 0; 1; 0; 1; 0
3964; 2; 1; 0; 0,587038927743678; 0,412961072256323; 1; 0; 1; 0
3984; 20; 0; 0; 1; 1; 1; 0; 1; 0
4017; 10; 0; 0; 1; 1; 1; 0; 1; 0
4030; 2; 0; 0; 1; 1; 1; 0; 1; 0
4032; 10; 0; 0; 0,644003713847648; 0,644003713847648; 1; 0; 1; 0
4047; 2; 1; 0; 0,750596237762321; 0,249403762237679; 1; 0; 1; 0
4055; 16; 0; 0; 1; 1; 1; 0; 1; 0
4069; 22; 0; 0; 1; 1; 1; 0; 1; 0
4083; 10; 0; 0; 1; 1; 1; 0; 1; 0
4085; 2; 0; 0; 1; 1; 1; 0; 1; 0
4108; 2; 1; 0; 0,53675819865627; 0,46324180134373; 1; 0; 1; 0
4124; 10; 0; 0; 1; 1; 1; 0; 1; 0
4125; 16; 0; 0; 1; 1; 1; 0; 1; 0
4144; 3; 1; 0; 0,531273417814824; 0,468058601383957; 1; 0; 1; 0
4147; 22; 0; 0; 1; 1; 1; 0; 1; 0
4153; 2; 0; 0; 0,667167925270308; 0,667167925270308; 1; 0; 1; 0
4166; 2; 0; 0; 1; 1; 1; 0; 1; 0
4193; 68; 0; 0; 1; 1; 1; 0; 1; 0
4207; 16; 2; 0; 0,419285669616198; 0; 1; 0; 1; 0
4225; 100; 0; 0; 0,943658657782574; 0,943658657782574; 1; 0; 1; 0
4242; 2; 0; 0; 1; 1; 1; 0; 1; 0
4245; 13; 0; 2; 0,563086630176158; 0,424204886876971; 0; 1; 0; 1
4278; 20; 0; 0; 1; 1; 1; 0; 1; 0
4294; 10; 0; 0; 1; 1; 1; 0; 1; 0
4302; 11; 0; 0; 1; 1; 1; 0; 1; 0
4317; 3; 0; 0; 0,98172237802438; 0,98172237802438; 1; 0; 1; 0
4335; 2; 0; 0; 1; 1; 1; 0; 1; 0
4341; 2; 1; 0; 0,837346474780369; 0,162653525219631; 1; 0; 1; 0
4354; 2; 0; 0; 0,999960012524644; 0,999960012524644; 1; 0; 1; 0
4355; 10; 0; 2; 0,900106651810572; 0,0547277452325268; 0; 0; 0,14218621912864; 0,85781378087136
4372; 2; 0; 0; 1; 1; 1; 0; 1; 0
4379; 2; 0; 0; 1; 1; 1; 0; 1; 0
4384; 10; 0; 0; 0,958268083165537; 0,958268083165537; 1; 0; 1; 0
4391; 3; 0; 0; 1; 1; 1; 0; 1; 0
4392; 19; 0; 2; 0,456654464494322; 0,336797598725438; 0; 0; 0,500256624585928; 0,499743375414072
4431; 2; 0; 1; 1; 0; 0; 0; 0,429144910859318; 0,570855089140682
4436; 2; 0; 0; 0,91716052739217; 0,91716052739217; 1; 0; 1; 0
4466; 10; 0; 0; 0,768177462519849; 0,768177462519849; 1; 0; 1; 0
4486; 20; 0; 0; 1; 1; 1; 0; 1; 0
4488; 10; 0; 0; 1; 1; 1; 0; 1; 0
4497; 100; 0; 0; 1; 1; 1; 0; 1; 0
4512; 20; 0; 0; 1; 1; 1; 0; 1; 0
4517; 3; 0; 0; 1; 1; 1; 0; 1; 0
4523; 8; 0; 0; 1; 1; 1; 0; 1; 0
4534; 10; 0; 0; 1; 1; 1; 0; 1; 0
4565; 10; 0; 0; 0,878262833708998; 0,878262833708998; 1; 0; 1; 0
4577; 10; 0; 0; 0,999938977942356; 0,999938977942356; 1; 0; 1; 0
4589; 3; 2; 0; 0,714052499332521; 0,11660377573445; 1; 0; 1; 0
4590; 19; 3; 2; 0,247538785901051; 0,00191166406354525; 0; 0; 0,500256624585928; 0,499743375414072
4592; 48; 0; 0; 0,999996062312982; 0,999996062312982; 1; 0; 1; 0
4608; 2; 0; 0; 1; 1; 1; 0; 1; 0
4613; 3; 0; 0; 0,985056962766856; 0,985056962766856; 1; 0; 1; 0
4622; 10; 0; 0; 1; 1; 1; 0; 1; 0
4627; 10; 0; 0; 1; 1; 1; 0; 1; 0
4634; 4; 0; 0; 0,999997208896134; 0,999997208896134; 1; 0; 1; 0
4645; 68; 0; 0; 1; 1; 1; 0; 1; 0
4656; 6; 0; 0; 0,999779518132464; 0,999779518132464; 1; 0; 1; 0
4680; 2; 0; 0; 1; 1; 1; 0; 1; 0
4704; 10; 0; 0; 0,999999902698172; 0,999999902698172; 1; 0; 1; 0
4724; 2; 0; 0; 0,981620233560281; 0,981620233560281; 1; 0; 1; 0
4746; 17; 0; 0; 1; 1; 1; 0; 1; 0
4747; 10; 0; 0; 1; 1; 1; 0; 1; 0
4749; 3; 0; 0; 0,905718388270347; 0,905718388270347; 1; 0; 1; 0
4758; 19; 2; 0; 0,921474019010514; 0; 1; 0; 1; 0
4765; 2; 0; 0; 1; 1; 1; 0; 1; 0
4770; 2; 0; 0; 1; 1; 1; 0; 1; 0
4771; 4; 1; 0; 0,777703237266922; 0,222296762733078; 1; 0; 1; 0
4784; 2; 0; 0; 0,999999639570404; 0,999999639570404; 1; 0; 1; 0
4812; 16; 0; 0; 1; 1; 1; 0; 1; 0
4816; 2; 0; 0; 1; 1; 1; 0; 1; 0
4824; 2; 1; 1; 0,997711840372734; 0,997711840372734; 0; 0; 0,167385047325938; 0,832614952674062
4914; 16; 0; 0; 1; 1; 1; 0; 1; 0
4927; 2; 0; 0; 0,986200171148346; 0,986200171148346; 1; 0; 1; 0
4932; 2; 0; 0; 1; 1; 1; 0; 1; 0
4933; 2; 0; 0; 1; 1; 1; 0; 1; 0
4936; 2; 0; 0; 1; 1; 1; 0; 1; 0
4950; 2; 1; 1; 0,874050801463403; 0,874050801463403; 0; 0; 0,333212359042951; 0,666787640957049
4965; 11; 0; 0; 1; 1; 1; 0; 1; 0
4972; 6; 0; 0; 0,99999141521474; 0,99999141521474; 1; 0; 1; 0
5003; 4; 0; 0; 0,999995566397922; 0,999995566397922; 1; 0; 1; 0
5073; 10; 0; 0; 0,997104646799805; 0,997104646799805; 1; 0; 1; 0
5087; 10; 0; 0; 0,999852493135877; 0,999852493135877; 1; 0; 1; 0
5120; 2; 1; 0; 1; 0; 1; 0; 1; 0
5134; 2; 0; 0; 1; 1; 1; 0; 1; 0
5153; 10; 0; 0; 0,999161022715971; 0,999161022715971; 1; 0; 1; 0
5174; 2; 1; 0; 0,517072280882948; 0,482927719117052; 1; 0; 1; 0
5197; 11; 0; 0; 1; 1; 1; 0; 1; 0
5201; 10; 0; 0; 0,999999059192945; 0,999999059192945; 1; 0; 1; 0
5211; 2; 1; 0; 0,553170223696978; 0,446829776303022; 1; 0; 1; 0
5225; 2; 0; 0; 1; 1; 1; 0; 1; 0
5227; 20; 0; 0; 1; 1; 1; 0; 1; 0
5260; 4; 0; 0; 0,995016908714917; 0,995016908714917; 1; 0; 1; 0
5302; 3; 0; 0; 0,90611345814232; 0,90611345814232; 1; 0; 1; 0
5306; 2; 0; 0; 1; 1; 1; 0; 1; 0
5321; 2; 1; 1; 0,553170223696978; 0,553170223696978; 0; 1; 0; 1
5331; 3; 0; 0; 0,999779518132464; 0,999779518132464; 1; 0; 1; 0
5355; 2; 0; 0; 0,663203953068121; 0,663203953068121; 1; 0; 1; 0
5359; 2; 0; 0; 1; 1; 1; 0; 1; 0
5396; 10; 0; 0; 1; 1; 1; 0; 1; 0
5397; 8; 0; 0; 0,99995464038322; 0,99995464038322; 1; 0; 1; 0
5424; 18; 0; 0; 0,999948370116637; 0,999948370116637; 1; 0; 1; 0
5441; 10; 0; 0; 0,773397336586066; 0,773397336586066; 1; 0; 1; 0
5445; 2; 0; 0; 1; 1; 1; 0; 1; 0
5524; 2; 1; 0; 0,917511977582802; 0,0824880224171977; 1; 0; 1; 0
5548; 3; 0; 0; 0,903591330824552; 0,903591330824552; 1; 0; 1; 0
5569; 10; 0; 0; 0,999529310184231; 0,999529310184231; 1; 0; 1; 0
5571; 3; 0; 0; 1; 1; 1; 0; 1; 0
5575; 10; 0; 0; 0,999999993108398; 0,999999993108398; 1; 0; 1; 0
5611; 2; 0; 0; 1; 1; 1; 0; 1; 0
5715; 10; 0; 0; 0,999999987449544; 0,999999987449544; 1; 0; 1; 0
5716; 2; 1; 1; 0,637869239470544; 0,637869239470544; 0; 0; 0,334321691806297; 0,665678308193703
5734; 2; 0; 0; 1; 1; 1; 0; 1; 0
5759; 2; 0; 0; 1; 1; 1; 0; 1; 0
5795; 11; 0; 0; 1; 1; 1; 0; 1; 0
5798; 4; 0; 0; 1; 1; 1; 0; 1; 0
5800; 30; 10; 0; 0,862251238435661; 0,0451714495136605; 1; 0; 1; 0
5804; 2; 0; 0; 1; 1; 1; 0; 1; 0
5805; 4; 0; 0; 0,999950076221369; 0,999950076221369; 1; 0; 1; 0
5814; 2; 1; 0; 0,99992235122159; 7,76487784102115E-05; 1; 0; 1; 0
5833; 10; 8; 0; 0,422162963842769; 0,292757505672384; 1; 0; 1; 0
5874; 3; 0; 0; 0,999962522173737; 0,999962522173737; 1; 0; 1; 0
5889; 100; 0; 0; 0,440480783922211; 0,440480783922211; 1; 0; 1; 0
5892; 2; 0; 0; 0,995278181146086; 0,995278181146086; 1; 0; 1; 0
5908; 14; 1; 0; 0,665382191536121; 0,0334034403702179; 1; 0; 1; 0
5930; 10; 0; 1; 0,843598711682812; 0,131135284960604; 0; 1; 0; 1
5932; 3; 2; 1; 0,617952326680216; 0,379488544424877; 0; 0; 0,125364729711433; 0,874635270288566
5937; 16; 0; 0; 0,999780423444501; 0,999780423444501; 1; 0; 1; 0
5947; 10; 0; 0; 0,989653671579347; 0,989653671579347; 1; 0; 1; 0
5951; 10; 0; 0; 1; 1; 1; 0; 1; 0
5993; 3; 0; 0; 0,996676122533035; 0,996676122533035; 1; 0; 1; 0
5996; 22; 0; 0; 1; 1; 1; 0; 1; 0
6004; 2; 0; 0; 1; 1; 1; 0; 1; 0
6023; 2; 0; 1; 0,754429604935077; 0,245570395064923; 0; 1; 0; 1
6032; 2; 0; 0; 0,966175274672724; 0,966175274672724; 1; 0; 1; 0
6042; 3; 1; 1; 1; 1; 0; 0; 0,124270025085709; 0,875729974914291
6057; 3; 0; 0; 0,903844820322944; 0,903844820322944; 1; 0; 1; 0
6062; 3; 0; 0; 0,907089188307612; 0,907089188307612; 1; 0; 1; 0
6066; 10; 0; 0; 0,893255439195008; 0,893255439195008; 1; 0; 1; 0
6070; 4; 0; 0; 0,999962315772439; 0,999962315772439; 1; 0; 1; 0
6076; 2; 1; 1; 0,649035353613362; 0,649035353613362; 0; 1; 0; 1
6077; 10; 0; 0; 0,999944208374398; 0,999944208374398; 1; 0; 1; 0
6083; 10; 0; 0; 0,999978830257002; 0,999978830257002; 1; 0; 1; 0
6108; 10; 0; 0; 0,582464210774608; 0,582464210774608; 1; 0; 1; 0
6119; 13; 2; 2; 0,495511851403808; 0,495511851403808; 0; 0; 0,251375822415968; 0,748624177584032
6125; 10; 0; 0; 0,999999992606435; 0,999999992606435; 1; 0; 1; 0
6130; 10; 0; 2; 0,816496523512158; 0,137178168643526; 0; 1; 0; 1
6139; 2; 1; 1; 0,775139830902186; 0,775139830902186; 0; 0; 0,200934938820447; 0,799065061179553
6153; 3; 0; 0; 0,535706972425855; 0,535706972425855; 1; 0; 1; 0
6169; 3; 0; 0; 0,933813733525557; 0,933813733525557; 1; 0; 1; 0
6171; 2; 0; 0; 1; 1; 1; 0; 1; 0
6204; 10; 0; 0; 0,999889156161936; 0,999889156161936; 1; 0; 1; 0
6206; 40; 0; 0; 1; 1; 1; 0; 1; 0
6209; 10; 1; 1; 0,586543880491127; 0,586543880491127; 0; 1; 0; 1
6231; 20; 0; 0; 0,999941038071625; 0,999941038071625; 1; 0; 1; 0
6236; 4; 0; 0; 1; 1; 1; 0; 1; 0
6268; 2; 1; 0; 0,725282754182011; 0,274717245817989; 1; 0; 1; 0
6283; 22; 0; 0; 1; 1; 1; 0; 1; 0
6286; 2; 0; 0; 1; 1; 1; 0; 1; 0
6287; 2; 0; 0; 0,993911468893989; 0,993911468893989; 1; 0; 1; 0
6297; 3; 0; 0; 0,99991198300686; 0,99991198300686; 1; 0; 1; 0
6301; 3; 0; 0; 0,999991878300582; 0,999991878300582; 1; 0; 1; 0
6305; 2; 0; 0; 0,998267684392801; 0,998267684392801; 1; 0; 1; 0
6321; 2; 1; 0; 0,725282754182011; 0,274717245817989; 1; 0; 1; 0
6323; 3; 0; 0; 0,875356611918273; 0,875356611918273; 1; 0; 1; 0
6334; 2; 0; 0; 1; 1; 1; 0; 1; 0
6346; 10; 0; 0; 0,998870019662726; 0,998870019662726; 1; 0; 1; 0
6389; 13; 2; 2; 0,503029865297818; 0,503029865297818; 0; 1; 0; 1
6401; 4; 0; 0; 0,386419587606573; 0,386419587606573; 1; 0; 1; 0
6430; 2; 0; 0; 0,995278181146086; 0,995278181146086; 1; 0; 1; 0
6450; 2; 0; 0; 1; 1; 1; 0; 1; 0
6453; 10; 0; 0; 0,999999684668426; 0,999999684668426; 1; 0; 1; 0
6472; 19; 0; 0; 0,382816313683231; 0,382816313683231; 1; 0; 1; 0
6495; 2; 0; 0; 0,999483988567169; 0,999483988567169; 1; 0; 1; 0
6503; 10; 1; 0; 0,287217344924981; 0,235796704801194; 1; 0; 1; 0
6511; 110; 0; 0; 0,588262184953885; 0,588262184953885; 1; 0; 1; 0
6515; 10; 0; 0; 0,996287759725968; 0,996287759725968; 1; 0; 1; 0
6523; 10; 0; 0; 0,996760142968603; 0,996760142968603; 1; 0; 1; 0
6528; 10; 3; 0; 0,54882295840871; 0,0317536246095991; 1; 0; 1; 0
6549; 2; 0; 0; 1; 1; 1; 0; 1; 0
6569; 2; 0; 0; 1; 1; 1; 0; 1; 0
6615; 2; 0; 0; 1; 1; 1; 0; 1; 0
6651; 18; 0; 0; 0,994796848697056; 0,994796848697056; 1; 0; 1; 0
6676; 2; 0; 0; 1; 1; 1; 0; 1; 0
6682; 2; 0; 0; 0,59100981542171; 0,59100981542171; 1; 0; 1; 0
6687; 2; 1; 1; 0,591559931488187; 0,591559931488187; 0; 1; 0; 1
6716; 2; 0; 0; 1; 1; 1; 0; 1; 0
6718; 26; 0; 1; 0,590097273390434; 0,409902726609566; 0; 0; 0,499204896857961; 0,500795103142039
6721; 2; 0; 0; 1; 1; 1; 0; 1; 0
6730; 3; 0; 0; 0,998977433895714; 0,998977433895714; 1; 0; 1; 0
6733; 2; 0; 0; 0,999999760841804; 0,999999760841804; 1; 0; 1; 0
6739; 10; 0; 0; 0,767389713285023; 0,767389713285023; 1; 0; 1; 0
6749; 2; 1; 0; 0,750068793191953; 0,249931206808047; 1; 0; 1; 0
6783; 10; 0; 0; 0,995430232135124; 0,995430232135124; 1; 0; 1; 0
6787; 20; 0; 0; 0,999999954526942; 0,999999954526942; 1; 0; 1; 0
6794; 2; 0; 0; 0,999998790852821; 0,999998790852821; 1; 0; 1; 0
6820; 10; 0; 0; 0,999482232496159; 0,999482232496159; 1; 0; 1; 0
6824; 2; 0; 0; 0,99999767868937; 0,99999767868937; 1; 0; 1; 0
6826; 2; 0; 0; 0,995781407038614; 0,995781407038614; 1; 0; 1; 0
6828; 10; 0; 0; 0,995262325205566; 0,995262325205566; 1; 0; 1; 0
6836; 2; 0; 0; 0,999985056055954; 0,999985056055954; 1; 0; 1; 0
6837; 3; 1; 0; 0,998375791369661; 0,0016242086303393; 1; 0; 1; 0
6861; 10; 8; 0; 0,441853615730797; 0,25683708256854; 1; 0; 1; 0
6863; 2; 0; 0; 0,848384116895518; 0,848384116895518; 1; 0; 1; 0
6866; 10; 0; 0; 0,965184885699528; 0,965184885699528; 1; 0; 1; 0
6878; 10; 0; 0; 0,976740184754177; 0,976740184754177; 1; 0; 1; 0
6903; 2; 0; 0; 0,946123290159207; 0,946123290159207; 1; 0; 1; 0
6907; 10; 0; 0; 0,999904735831777; 0,999904735831777; 1; 0; 1; 0
6909; 2; 0; 0; 0,924345700726707; 0,924345700726707; 1; 0; 1; 0
6912; 10; 0; 0; 0,979154366333875; 0,979154366333875; 1; 0; 1; 0
6918; 2; 0; 0; 1; 1; 1; 0; 1; 0
6937; 10; 0; 0; 0,925071157213292; 0,925071157213292; 1; 0; 1; 0
6942; 2; 0; 0; 0,999898894342244; 0,999898894342244; 1; 0; 1; 0
6960; 13; 2; 1; 0,49949041072063; 0,186442322057415; 0; 0; 0,331599996738756; 0,668400003261244
6967; 16; 0; 0; 0,999698932507916; 0,999698932507916; 1; 0; 1; 0
6970; 16; 2; 0; 0,643743528399881; 0,169603496191328; 1; 0; 1; 0
6986; 2; 0; 0; 0,999999760841804; 0,999999760841804; 1; 0; 1; 0
7011; 16; 0; 0; 0,968451673221434; 0,968451673221434; 1; 0; 1; 0
7056; 22; 1; 1; 0,855884836895399; 0,855884836895399; 0; 0; 0,499871699868275; 0,500128300131725
7092; 10; 3; 0; 0,531864776375699; 0,000215095187505912; 1; 0; 1; 0
7130; 11; 0; 0; 1; 1; 1; 0; 1; 0
7140; 2; 1; 0; 0,756159887942814; 0,243840112057186; 1; 0; 1; 0
7155; 2; 1; 0; 1; 0; 1; 0; 1; 0
7175; 16; 4; 0; 0,0634077283663018; 0,0488840745054732; 1; 0; 1; 0
7200; 3; 0; 0; 0,99996818048507; 0,99996818048507; 1; 0; 1; 0
7226; 2; 0; 1; 0,590097273390434; 0,409902726609566; 0; 0; 0,19881132297054; 0,80118867702946
7244; 3; 0; 0; 0,524508855355784; 0,524508855355784; 1; 0; 1; 0
7262; 10; 0; 0; 0,978645858823563; 0,978645858823563; 1; 0; 1; 0
7278; 10; 0; 0; 0,999994505134871; 0,999994505134871; 1; 0; 1; 0
7279; 10; 0; 0; 1; 1; 1; 0; 1; 0
7283; 2; 1; 0; 0,692201077074478; 0,307798922925522; 1; 0; 1; 0
7287; 18; 1; 2; 0,75924323582577; 0,0423568823896428; 0; 0; 0,500296553284424; 0,499703446715576
7288; 2; 0; 0; 0,999999760841804; 0,999999760841804; 1; 0; 1; 0
7314; 2; 0; 0; 1; 1; 1; 0; 1; 0
7316; 10; 0; 0; 1; 1; 1; 0; 1; 0
7332; 10; 0; 0; 0,99994088442553; 0,99994088442553; 1; 0; 1; 0
7334; 2; 0; 0; 1; 1; 1; 0; 1; 0
7335; 2; 1; 0; 0,549151348429581; 0,450848651570419; 1; 0; 1; 0
7344; 17; 0; 0; 0,998483508815137; 0,998483508815137; 1; 0; 1; 0
7345; 3; 0; 0; 0,886019047084345; 0,886019047084345; 1; 0; 1; 0
7364; 10; 1; 0; 0,689922955277549; 0; 1; 0; 1; 0
7375; 2; 1; 0; 0,987235397586983; 0,0127646024130166; 1; 0; 1; 0
7466; 3; 0; 0; 0,886294394059073; 0,886294394059073; 1; 0; 1; 0
7473; 100; 0; 0; 0,998436752241909; 0,998436752241909; 1; 0; 1; 0
7492; 10; 0; 0; 0,999995621674695; 0,999995621674695; 1; 0; 1; 0
7521; 11; 2; 0; 0,565852014127275; 0; 1; 0; 1; 0
7522; 16; 0; 0; 0,891379199540198; 0,891379199540198; 1; 0; 1; 0
7528; 16; 0; 0; 0,999910604453262; 0,999910604453262; 1; 0; 1; 0
7538; 2; 1; 0; 0,742193241852777; 0,257806758147223; 1; 0; 1; 0
7552; 16; 4; 0; 0,0634077283663018; 0,0488840745054732; 1; 0; 1; 0
7580; 16; 0; 0; 1; 1; 1; 0; 1; 0
7591; 2; 0; 0; 1; 1; 1; 0; 1; 0
7597; 2; 1; 1; 0,86461888358626; 0,86461888358626; 0; 0; 0,334321691806297; 0,665678308193703
7617; 10; 0; 0; 1; 1; 1; 0; 1; 0
7623; 4; 0; 0; 0,642118689541446; 0,642118689541446; 1; 0; 1; 0
7626; 14; 12; 3; 0,257792247513281; 0,0411884473005991; 0; 0; 0,499619597261387; 0,500380402738613
7651; 2; 0; 0; 1; 1; 1; 0; 1; 0
7662; 3; 1; 1; 0,473439915670092; 0,473439915670092; 0; 0; 0,124270025085709; 0,875729974914291
7668; 3; 0; 0; 0,976245508453431; 0,976245508453431; 1; 0; 1; 0
7698; 4; 0; 2; 0,960806792222465; 0; 0; 0; 0,25018242581366; 0,74981757418634
7701; 10; 0; 0; 0,999999990577406; 0,999999990577406; 1; 0; 1; 0
7702; 10; 0; 0; 0,947438966827979; 0,947438966827979; 1; 0; 1; 0
7721; 2; 0; 0; 1; 1; 1; 0; 1; 0
7724; 16; 0; 0; 0,999983638626076; 0,999983638626076; 1; 0; 1; 0
7731; 2; 1; 0; 0,748272622613617; 0,251727377386383; 1; 0; 1; 0
7766; 2; 0; 0; 1; 1; 1; 0; 1; 0
7784; 2; 1; 0; 1; 0; 1; 0; 1; 0
7787; 10; 0; 0; 0,988330050877922; 0,988330050877922; 1; 0; 1; 0
7790; 10; 0; 0; 0,999999425519598; 0,999999425519598; 1; 0; 1; 0
7796; 10; 0; 0; 0,992800625582003; 0,992800625582003; 1; 0; 1; 0
7798; 2; 0; 0; 1; 1; 1; 0; 1; 0
7812; 10; 0; 0; 0,999004196793104; 0,999004196793104; 1; 0; 1; 0
7820; 3; 0; 0; 0,900197993915251; 0,900197993915251; 1; 0; 1; 0
7832; 3; 0; 0; 0,828745870264564; 0,828745870264564; 1; 0; 1; 0
7841; 16; 0; 0; 1; 1; 1; 0; 1; 0
7846; 2; 1; 0; 0,902305011720017; 0,0976949882799835; 1; 0; 1; 0
7853; 2; 0; 0; 1; 1; 1; 0; 1; 0
7859; 3; 0; 0; 0,965013477636697; 0,965013477636697; 1; 0; 1; 0
7861; 10; 0; 0; 0,99995287819011; 0,99995287819011; 1; 0; 1; 0
7902; 2; 1; 1; 0,988077858042775; 0,988077858042775; 0; 0; 0,428193131701094; 0,571806868298906
7904; 10; 0; 0; 0,911666876599168; 0,911666876599168; 1; 0; 1; 0
7959; 8; 0; 0; 0,346156153042832; 0,346156153042832; 1; 0; 1; 0
7970; 3; 0; 0; 0,984684658605374; 0,984684658605374; 1; 0; 1; 0
7974; 2; 1; 0; 0,947995783338035; 0,0520042166619655; 1; 0; 1; 0
7989; 10; 1; 0; 0,553613135270391; 0; 1; 0; 1; 0
8007; 10; 0; 0; 0,995389124139175; 0,995389124139175; 1; 0; 1; 0
8041; 2; 0; 0; 0,977864143103126; 0,977864143103126; 1; 0; 1; 0
8090; 3; 0; 0; 0,998616857096039; 0,998616857096039; 1; 0; 1; 0
8117; 2; 1; 0; 0,751813501989215; 0,248186498010785; 1; 0; 1; 0
8125; 10; 1; 0; 0,660310785012265; 0; 1; 0; 1; 0
8130; 4; 0; 1; 0,930866761056691; 0,0630447078372988; 0; 0; 0,500296553284424; 0,499703446715576
8136; 10; 0; 0; 0,99901948171354; 0,99901948171354; 1; 0; 1; 0
8156; 2; 1; 1; 0,638681587941966; 0,638681587941966; 0; 1; 0; 1
8194; 17; 0; 0; 1; 1; 1; 0; 1; 0
8206; 3; 0; 0; 0,99949869431857; 0,99949869431857; 1; 0; 1; 0
8214; 13; 2; 0; 0,506928556034452; 0,364958456205116; 1; 0; 1; 0
8215; 10; 0; 0; 0,890998229661216; 0,890998229661216; 1; 0; 1; 0
8260; 10; 0; 0; 0,951194041187108; 0,951194041187108; 1; 0; 1; 0
8304; 2; 0; 0; 1; 1; 1; 0; 1; 0
8307; 2; 1; 0; 1; 0; 1; 0; 1; 0
8312; 16; 2; 0; 0,365955247903751; 0; 1; 0; 1; 0
8315; 2; 1; 0; 0,500376763702002; 0,499623236297998; 1; 0; 1; 0
8341; 2; 0; 0; 0,999825760612582; 0,999825760612582; 1; 0; 1; 0
8352; 2; 1; 0; 0,809574183542669; 0,190425816457331; 1; 0; 1; 0
8356; 2; 1; 0; 1; 0; 1; 0; 1; 0
8357; 3; 0; 0; 0,847111302014629; 0,847111302014629; 1; 0; 1; 0
8366; 2; 0; 0; 1; 1; 1; 0; 1; 0
8369; 2; 0; 0; 1; 1; 1; 0; 1; 0
8373; 3; 0; 0; 0,950836701672699; 0,950836701672699; 1; 0; 1; 0
8375; 10; 0; 0; 0,764705061975211; 0,764705061975211; 1; 0; 1; 0
8376; 10; 0; 0; 1; 1; 1; 0; 1; 0
8381; 16; 0; 0; 0,867609339925695; 0,867609339925695; 1; 0; 1; 0
8389; 2; 0; 0; 1; 1; 1; 0; 1; 0
8408; 10; 0; 2; 0,996714567775366; 9,31409779684042E-06; 0; 0; 0,332032239591889; 0,667967760408111
8410; 10; 0; 0; 0,99512388302683; 0,99512388302683; 1; 0; 1; 0
8413; 16; 0; 0; 1; 1; 1; 0; 1; 0
8419; 2; 0; 0; 1; 1; 1; 0; 1; 0
8436; 2; 0; 0; 1; 1; 1; 0; 1; 0
8445; 16; 0; 0; 1; 1; 1; 0; 1; 0
8451; 14; 1; 0; 0,405689306323614; 0,151405497941177; 1; 0; 1; 0
8462; 2; 1; 1; 0,732183140083131; 0,732183140083131; 0; 0; 0,500599967389935; 0,499400032610065
8491; 8; 0; 0; 0,720874090025355; 0,720874090025355; 1; 0; 1; 0
8512; 2; 0; 0; 1; 1; 1; 0; 1; 0
8530; 3; 0; 0; 0,96113459455474; 0,96113459455474; 1; 0; 1; 0
8550; 2; 1; 0; 0,697447972824637; 0,302552027175363; 1; 0; 1; 0
8554; 20; 0; 0; 1; 1; 1; 0; 1; 0
8565; 10; 0; 2; 0,816496523512158; 0,137178168643526; 0; 0; 0,249836158183357; 0,750163841816643
8608; 2; 0; 0; 0,966789547240246; 0,966789547240246; 1; 0; 1; 0
8609; 16; 0; 0; 0,99998555681432; 0,99998555681432; 1; 0; 1; 0
8623; 2; 1; 1; 0,750428295060972; 0,750428295060972; 0; 0; 0,429374810511337; 0,570625189488663
8625; 10; 0; 0; 0,943230745546678; 0,943230745546678; 1; 0; 1; 0
8627; 22; 0; 0; 0,950804753771702; 0,950804753771702; 1; 0; 1; 0
8650; 8; 3; 0; 0,424197720873237; 0; 1; 0; 1; 0
8655; 4; 3; 0; 0,422100688149145; 0; 1; 0; 1; 0
8669; 2; 0; 1; 0,718986687413584; 0,281013312586416; 0; 0; 0,334321691806297; 0,665678308193703
8703; 2; 0; 0; 0,992301855669921; 0,992301855669921; 1; 0; 1; 0
8705; 2; 0; 0; 1; 1; 1; 0; 1; 0
8713; 20; 0; 0; 0,86617237569563; 0,86617237569563; 1; 0; 1; 0
8754; 2; 0; 0; 0,988752955594696; 0,988752955594696; 1; 0; 1; 0
8762; 17; 0; 2; 0,514849162659071; 0,423164834529855; 0; 1; 0; 1
8771; 16; 2; 0; 0,466021932164338; 0,0424005156063479; 1; 0; 1; 0
8796; 10; 2; 0; 0,590715733605993; 0,284677644307321; 1; 0; 1; 0
8803; 19; 2; 2; 0,81087175423769; 0,81087175423769; 0; 1; 0; 1
8810; 10; 0; 0; 0,999279277534827; 0,999279277534827; 1; 0; 1; 0
8815; 10; 0; 0; 0,999070222753122; 0,999070222753122; 1; 0; 1; 0
8817; 3; 0; 0; 0,999661377749131; 0,999661377749131; 1; 0; 1; 0
8823; 16; 0; 0; 1; 1; 1; 0; 1; 0
8824; 10; 0; 0; 1; 1; 1; 0; 1; 0
8831; 10; 0; 0; 0,993517978622625; 0,993517978622625; 1; 0; 1; 0
8834; 2; 0; 0; 1; 1; 1; 0; 1; 0
8865; 3; 1; 2; 1; 0; 0; 0; 0,499830914844845; 0,500169085155155
8886; 2; 0; 0; 0,998723131474948; 0,998723131474948; 1; 0; 1; 0
8889; 3; 0; 0; 0,910009042957168; 0,910009042957168; 1; 0; 1; 0
8902; 2; 0; 0; 1; 1; 1; 0; 1; 0
8903; 2; 0; 0; 1; 1; 1; 0; 1; 0
8909; 16; 0; 0; 0,999985417525974; 0,999985417525974; 1; 0; 1; 0
8922; 10; 0; 0; 0,992553938825668; 0,992553938825668; 1; 0; 1; 0
8937; 2; 0; 0; 0,99973750740228; 0,99973750740228; 1; 0; 1; 0
8948; 2; 0; 0; 1; 1; 1; 0; 1; 0
8951; 16; 0; 0; 0,996997074513576; 0,996997074513576; 1; 0; 1; 0
8956; 3; 0; 0; 0,920601275429623; 0,920601275429623; 1; 0; 1; 0
8959; 2; 0; 0; 1; 1; 1; 0; 1; 0
8962; 2; 1; 0; 1; 0; 1; 0; 1; 0
8976; 2; 0; 1; 0,999943007035542; 5,69929644579494E-05; 0; 1; 0; 1
8978; 2; 0; 0; 1; 1; 1; 0; 1; 0
8994; 2; 1; 0; 0,899520701090073; 0,100479298909927; 1; 0; 1; 0
9004; 2; 0; 0; 1; 1; 1; 0; 1; 0
9010; 13; 2; 2; 0,535786240306162; 0,535786240306162; 0; 1; 0; 1
9016; 20; 0; 0; 0,981939316919916; 0,981939316919916; 1; 0; 1; 0
9018; 2; 0; 0; 1; 1; 1; 0; 1; 0
9039; 2; 1; 0; 0,780145682885734; 0,219854317114266; 1; 0; 1; 0
9044; 2; 1; 1; 0,993631815662919; 0,993631815662919; 0; 1; 0; 1
9051; 10; 0; 0; 0,999604474493966; 0,999604474493966; 1; 0; 1; 0
9060; 16; 0; 0; 0,977292025046816; 0,977292025046816; 1; 0; 1; 0
9089; 2; 0; 0; 1; 1; 1; 0; 1; 0
9090; 10; 0; 0; 1; 1; 1; 0; 1; 0
9123; 3; 0; 0; 0,984684658605374; 0,984684658605374; 1; 0; 1; 0
9163; 3; 0; 0; 0,996888733708669; 0,996888733708669; 1; 0; 1; 0
9165; 10; 0; 0; 0,674433653292749; 0,674433653292749; 1; 0; 1; 0
9172; 3; 0; 2; 0,659495844463246; 0,308942395035595; 0; 0; 0,124080736305665; 0,875919263694335
9178; 2; 0; 0; 1; 1; 1; 0; 1; 0
9188; 2; 0; 1; 0,670903137899639; 0,329096862100361; 0; 1; 0; 1
9192; 16; 0; 0; 0,996327479367015; 0,996327479367015; 1; 0; 1; 0
9198; 20; 0; 0; 0,999999964521328; 0,999999964521328; 1; 0; 1; 0
9204; 10; 4; 2; 0,488935516559353; 0,0300672308907253; 0; 0; 0,499743375414072; 0,500256624585928
9205; 20; 0; 0; 0,999999989267453; 0,999999989267453; 1; 0; 1; 0
9213; 20; 0; 0; 0,999999263517116; 0,999999263517116; 1; 0; 1; 0
9220; 22; 0; 0; 0,993963359903195; 0,993963359903195; 1; 0; 1; 0
9253; 4; 0; 1; 0,997817279700249; 1,10154157057147E-05; 0; 0; 0,500296553284424; 0,499703446715576
9258; 3; 0; 0; 0,961398882990039; 0,961398882990039; 1; 0; 1; 0
9260; 16; 0; 0; 1; 1; 1; 0; 1; 0
9275; 16; 0; 0; 0,694658044585766; 0,694658044585766; 1; 0; 1; 0
9280; 2; 0; 1; 0,999772764308704; 0,00022723569129577; 0; 1; 0; 1
9287; 16; 0; 0; 0,729496731770685; 0,729496731770685; 1; 0; 1; 0
9298; 16; 0; 0; 0,999930497651399; 0,999930497651399; 1; 0; 1; 0
9314; 2; 0; 0; 0,503038794645173; 0,503038794645173; 1; 0; 1; 0
9345; 2; 1; 1; 0,961912560579433; 0,961912560579433; 0; 0; 0,200412394553236; 0,799587605446764
9360; 2; 0; 0; 0,912565436600926; 0,912565436600926; 1; 0; 1; 0
9388; 4; 1; 0; 0,33937874905322; 0,0409365537065524; 1; 0; 1; 0
9389; 2; 0; 0; 1; 1; 1; 0; 1; 0
9395; 2; 0; 1; 0,982493099066274; 0,0175069009337261; 0; 0; 0,167385047325938; 0,832614952674062
9402; 20; 0; 0; 0,999962860840817; 0,999962860840817; 1; 0; 1; 0
9419; 3; 2; 1; 0,575261275497204; 0,272940166933779; 0; 1; 0; 1
9423; 100; 0; 0; 0,990401712829169; 0,990401712829169; 1; 0; 1; 0
9446; 2; 0; 0; 1; 1; 1; 0; 1; 0
9451; 3; 0; 0; 0,685510933895068; 0,685510933895068; 1; 0; 1; 0
9456; 18; 0; 1; 0,529183267227271; 0,0478900444867957; 0; 1; 0; 1
9460; 16; 0; 0; 0,9977069866504; 0,9977069866504; 1; 0; 1; 0
9486; 10; 0; 0; 0,956358935505379; 0,956358935505379; 1; 0; 1; 0
9527; 2; 1; 1; 0,69515194085752; 0,69515194085752; 0; 1; 0; 1
9533; 19; 0; 0; 0,989930886038792; 0,989930886038792; 1; 0; 1; 0
9549; 2; 0; 0; 1; 1; 1; 0; 1; 0
9560; 10; 0; 0; 0,99999505510676; 0,99999505510676; 1; 0; 1; 0
9614; 11; 0; 0; 0,709222167186947; 0,709222167186947; 1; 0; 1; 0
9615; 13; 2; 2; 0,540851524156246; 0,540851524156246; 0; 1; 0; 1
9620; 3; 2; 1; 0,504642820868373; 0,112829893882575; 0; 1; 0; 1
9633; 2; 1; 0; 0,932952089409157; 0,0670479105908432; 1; 0; 1; 0
9636; 10; 0; 0; 0,741665578619642; 0,741665578619642; 1; 0; 1; 0
9671; 20; 0; 0; 0,978873154839816; 0,978873154839816; 1; 0; 1; 0
9714; 2; 0; 0; 1; 1; 1; 0; 1; 0
9726; 6; 2; 0; 0,789148803428478; 0,199636208709374; 1; 0; 1; 0
9758; 2; 0; 0; 1; 1; 1; 0; 1; 0
9764; 2; 1; 0; 1; 0; 1; 0; 1; 0
9773; 10; 0; 0; 0,999999122289226; 0,999999122289226; 1; 0; 1; 0
9774; 16; 2; 0; 0,592188344935126; 0,328911012930718; 1; 0; 1; 0
9779; 2; 0; 0; 1; 1; 1; 0; 1; 0
9807; 3; 0; 0; 0,999071439231926; 0,999071439231926; 1; 0; 1; 0
9813; 3; 0; 0; 0,630262827495493; 0,630262827495493; 1; 0; 1; 0
9833; 2; 0; 0; 1; 1; 1; 0; 1; 0
9834; 2; 0; 0; 1; 1; 1; 0; 1; 0
9835; 3; 0; 0; 0,999458809265333; 0,999458809265333; 1; 0; 1; 0
9841; 10; 1; 0; 0,7745846801106; 8,99104583867847E-07; 1; 0; 1; 0
9846; 10; 0; 0; 0,991859374831699; 0,991859374831699; 1; 0; 1; 0
9923; 18; 0; 1; 0,51063162146538; 0,0314140874510103; 0; 1; 0; 1
9953; 2; 0; 0; 0,999999981291404; 0,999999981291404; 1; 0; 1; 0
9960; 10; 0; 0; 0,999997775798628; 0,999997775798628; 1; 0; 1; 0
9961; 10; 0; 0; 0,999990480463708; 0,999990480463708; 1; 0; 1; 0
9995; 16; 0; 0; 0,809511360874069; 0,809511360874069; 1; 0; 1; 0
10008; 2; 0; 0; 1; 1; 1; 0; 1; 0
10009; 2; 1; 0; 0,727364905444095; 0,272635094555905; 1; 0; 1; 0
10012; 22; 1; 0; 0,784718047197864; 0,215281952802136; 1; 0; 1; 0
10038; 2; 0; 0; 0,991667583157832; 0,991667583157832; 1; 0; 1; 0
10048; 2; 0; 0; 0,501199628992941; 0,501199628992941; 1; 0; 1; 0
10061; 10; 0; 0; 0,92674381626016; 0,92674381626016; 1; 0; 1; 0
10065; 10; 0; 0; 0,708736258031207; 0,708736258031207; 1; 0; 1; 0
10091; 3; 0; 0; 0,855525182423384; 0,855525182423384; 1; 0; 1; 0
10133; 2; 0; 0; 0,999688635187237; 0,999688635187237; 1; 0; 1; 0
10135; 2; 1; 0; 0,970643754003586; 0,0293562459964143; 1; 0; 1; 0
10161; 3; 0; 0; 0,99916219388569; 0,99916219388569; 1; 0; 1; 0
10163; 2; 1; 0; 0,999982717405146; 1,72825948536925E-05; 1; 0; 1; 0
10172; 10; 3; 0; 0,555219160580656; 0; 1; 0; 1; 0
10193; 16; 0; 0; 0,753770820351482; 0,753770820351482; 1; 0; 1; 0
10199; 3; 2; 0; 0,689633883746548; 0,080503571054056; 1; 0; 1; 0
10202; 2; 0; 0; 0,988092511171455; 0,988092511171455; 1; 0; 1; 0
10203; 3; 0; 0; 0,999453912293773; 0,999453912293773; 1; 0; 1; 0
10211; 2; 0; 1; 0,683895219114253; 0,316104780885747; 0; 0; 0,19881132297054; 0,80118867702946
10216; 3; 0; 0; 0,957506276809587; 0,957506276809587; 1; 0; 1; 0
10221; 2; 0; 0; 1; 1; 1; 0; 1; 0
10223; 2; 1; 1; 0,957750597032407; 0,957750597032407; 0; 0; 0,334321691806297; 0,665678308193703
10233; 20; 0; 0; 0,994889403565521; 0,994889403565521; 1; 0; 1; 0
10237; 16; 0; 0; 0,722822207330233; 0,722822207330233; 1; 0; 1; 0
10240; 2; 0; 0; 0,994262857395868; 0,994262857395868; 1; 0; 1; 0
10242; 2; 1; 1; 0,915464146942673; 0,915464146942673; 0; 0; 0,200412394553236; 0,799587605446764
10246; 2; 0; 0; 0,998615959893567; 0,998615959893567; 1; 0; 1; 0
10249; 3; 0; 0; 0,994583176396226; 0,994583176396226; 1; 0; 1; 0
10309; 10; 0; 0; 0,999996291642751; 0,999996291642751; 1; 0; 1; 0
10314; 19; 0; 0; 0,855636974946176; 0,855636974946176; 1; 0; 1; 0
10337; 10; 0; 0; 0,767907448967178; 0,767907448967178; 1; 0; 1; 0
10362; 10; 0; 0; 0,999999977197961; 0,999999977197961; 1; 0; 1; 0
10363; 10; 0; 0; 0,999955243573011; 0,999955243573011; 1; 0; 1; 0
10364; 2; 0; 0; 0,999812397543186; 0,999812397543186; 1; 0; 1; 0
10374; 2; 0; 0; 1; 1; 1; 0; 1; 0
10378; 10; 0; 0; 0,962770016515221; 0,962770016515221; 1; 0; 1; 0
10384; 3; 0; 0; 0,889138078138307; 0,889138078138307; 1; 0; 1; 0
10386; 2; 0; 0; 0,999763317861921; 0,999763317861921; 1; 0; 1; 0
10405; 2; 0; 0; 1; 1; 1; 0; 1; 0
10411; 2; 0; 0; 1; 1; 1; 0; 1; 0
10414; 2; 0; 0; 0,585049126586908; 0,585049126586908; 1; 0; 1; 0
10453; 10; 0; 0; 0,999848167605801; 0,999848167605801; 1; 0; 1; 0
10457; 16; 0; 0; 0,99797476693683; 0,99797476693683; 1; 0; 1; 0
10508; 10; 0; 0; 0,999977729012671; 0,999977729012671; 1; 0; 1; 0
10526; 16; 0; 0; 0,98946090476712; 0,98946090476712; 1; 0; 1; 0
10528; 2; 0; 0; 0,999218261359719; 0,999218261359719; 1; 0; 1; 0
10544; 8; 0; 0; 0,995166812397685; 0,995166812397685; 1; 0; 1; 0
10545; 68; 0; 0; 0,928214607141489; 0,928214607141489; 1; 0; 1; 0
10575; 3; 0; 0; 0,960694866398568; 0,960694866398568; 1; 0; 1; 0
10586; 10; 0; 0; 0,97886659605543; 0,97886659605543; 1; 0; 1; 0
10602; 2; 0; 0; 0,998510395607526; 0,998510395607526; 1; 0; 1; 0
10609; 2; 1; 0; 0,595792733642215; 0,404207266357785; 1; 0; 1; 0
10614; 2; 1; 0; 0,954149845876568; 0,0458501541234317; 1; 0; 1; 0
10618; 3; 0; 0; 0,9098474302993; 0,9098474302993; 1; 0; 1; 0
10621; 2; 0; 0; 1; 1; 1; 0; 1; 0
10628; 10; 0; 0; 0,998963751952814; 0,998963751952814; 1; 0; 1; 0
10641; 3; 0; 2; 0,649039434043182; 0,31663960334395; 0; 0; 0,124080736305665; 0,875919263694335
10645; 2; 1; 1; 0,708916174305557; 0,708916174305557; 0; 0; 0,166235758316226; 0,833764241683774
10651; 10; 0; 0; 0,574269070092601; 0,574269070092601; 1; 0; 1; 0
10654; 10; 0; 0; 0,999195797099527; 0,999195797099527; 1; 0; 1; 0
10662; 2; 0; 0; 1; 1; 1; 0; 1; 0
10675; 10; 3; 0; 0,534293476695864; 0,273043250332469; 1; 0; 1; 0
10678; 160; 0; 0; 0,99564890618259; 0,99564890618259; 1; 0; 1; 0
10687; 10; 0; 0; 0,999999979403533; 0,999999979403533; 1; 0; 1; 0
10694; 16; 2; 0; 0,58752705384327; 0,335063403349642; 1; 0; 1; 0
10696; 2; 0; 0; 0,999647387049483; 0,999647387049483; 1; 0; 1; 0
10709; 10; 0; 0; 0,650196352519792; 0,650196352519792; 1; 0; 1; 0
10767; 10; 0; 0; 0,998728778007524; 0,998728778007524; 1; 0; 1; 0
10771; 10; 0; 0; 0,998776682186964; 0,998776682186964; 1; 0; 1; 0
10777; 2; 0; 0; 0,808733982529171; 0,808733982529171; 1; 0; 1; 0
10791; 4; 0; 0; 0,988406344526956; 0,988406344526956; 1; 0; 1; 0
10827; 3; 0; 0; 0,623499047173374; 0,623499047173374; 1; 0; 1; 0
10830; 2; 1; 0; 0,545745900381539; 0,454254099618461; 1; 0; 1; 0
10833; 2; 0; 0; 1; 1; 1; 0; 1; 0
10841; 3; 0; 0; 0,999719665341406; 0,999719665341406; 1; 0; 1; 0
10888; 10; 0; 0; 0,951507295566103; 0,951507295566103; 1; 0; 1; 0
10909; 2; 0; 0; 0,947862996103466; 0,947862996103466; 1; 0; 1; 0
10921; 3; 0; 0; 0,623499047173374; 0,623499047173374; 1; 0; 1; 0
10964; 20; 0; 0; 0,999986719671265; 0,999986719671265; 1; 0; 1; 0
10975; 10; 4; 0; 0,448597000474095; 0; 1; 0; 1; 0
10976; 10; 0; 0; 0,999388947620551; 0,999388947620551; 1; 0; 1; 0
10988; 2; 0; 0; 1; 1; 1; 0; 1; 0
10989; 10; 1; 0; 0,392143275218288; 0,334759410071343; 1; 0; 1; 0
10990; 3; 2; 1; 0,430561511380113; 0,411166394088004; 0; 1; 0; 1
11009; 100; 0; 0; 0,813208136173378; 0,813208136173378; 1; 0; 1; 0
11025; 13; 2; 0; 0,530326342173013; 0,463389669200869; 1; 0; 1; 0
11028; 10; 0; 0; 0,99542144865666; 0,99542144865666; 1; 0; 1; 0
11044; 16; 0; 0; 0,999696123610167; 0,999696123610167; 1; 0; 1; 0
11055; 2; 0; 0; 1; 1; 1; 0; 1; 0
11065; 3; 0; 0; 0,964920544194404; 0,964920544194404; 1; 0; 1; 0
11066; 3; 0; 0; 0,998715069184823; 0,998715069184823; 1; 0; 1; 0
11138; 10; 0; 0; 0,999837048619637; 0,999837048619637; 1; 0; 1; 0
11151; 2; 0; 0; 0,999959491578851; 0,999959491578851; 1; 0; 1; 0
11158; 20; 0; 0; 0,997505637988139; 0,997505637988139; 1; 0; 1; 0
11164; 2; 0; 0; 0,999979687304879; 0,999979687304879; 1; 0; 1; 0
11167; 3; 0; 0; 0,667321441043873; 0,667321441043873; 1; 0; 1; 0
11172; 2; 1; 0; 0,853755912808176; 0,146244087191824; 1; 0; 1; 0
11196; 2; 0; 0; 1; 1; 1; 0; 1; 0
11208; 18; 1; 1; 0,854907386723534; 0,854907386723534; 0; 1; 0; 1
11226; 2; 0; 1; 0,664936755397733; 0,335063244602267; 0; 1; 0; 1
11229; 2; 1; 1; 0,996700057308732; 0,996700057308732; 0; 1; 0; 1
11285; 2; 0; 0; 0,999974930672298; 0,999974930672298; 1; 0; 1; 0
11295; 3; 0; 0; 0,999719665341406; 0,999719665341406; 1; 0; 1; 0
11298; 10; 0; 0; 0,885556100779113; 0,885556100779113; 1; 0; 1; 0
11306; 4; 0; 0; 0,988406344526956; 0,988406344526956; 1; 0; 1; 0
11307; 2; 0; 0; 0,999999875337663; 0,999999875337663; 1; 0; 1; 0
11315; 2; 1; 0; 0,743309671786672; 0,256690328213328; 1; 0; 1; 0
11317; 20; 10; 0; 0,991762967624805; 0; 1; 0; 1; 0
11319; 16; 0; 0; 0,935256316931286; 0,935256316931286; 1; 0; 1; 0
11320; 2; 0; 0; 0,999999991487701; 0,999999991487701; 1; 0; 1; 0
11323; 22; 0; 0; 0,991196025062032; 0,991196025062032; 1; 0; 1; 0
11329; 3; 0; 0; 0,957890105316721; 0,957890105316721; 1; 0; 1; 0
11352; 10; 0; 0; 0,653835536578305; 0,653835536578305; 1; 0; 1; 0
11379; 16; 2; 0; 0,0645077592178508; 0,0323836117322378; 1; 0; 1; 0
11396; 2; 0; 1; 0,811126301262218; 0,188873698737782; 0; 0; 0,199332582175966; 0,800667417824035
11402; 2; 0; 0; 0,999980123700425; 0,999980123700425; 1; 0; 1; 0
11406; 3; 0; 0; 0,933285548211107; 0,933285548211107; 1; 0; 1; 0
11414; 2; 1; 0; 1; 0; 1; 0; 1; 0
11415; 2; 1; 1; 0,872115552586448; 0,872115552586448; 0; 0; 0,199321718519391; 0,800678281480609
11453; 3; 0; 0; 0,961019546765354; 0,961019546765354; 1; 0; 1; 0
11476; 10; 1; 0; 0,633950495481009; 0,0070496185889955; 1; 0; 1; 0
11496; 6; 0; 0; 0,993214852661546; 0,993214852661546; 1; 0; 1; 0
11508; 100; 20; 0; 0,532065709350577; 0,303687130858928; 1; 0; 1; 0
11513; 2; 0; 1; 0,778974726924697; 0,221025273075303; 0; 0; 0,19881132297054; 0,80118867702946
11552; 20; 0; 0; 0,999991265662925; 0,999991265662925; 1; 0; 1; 0
11553; 2; 1; 1; 0,670342374267781; 0,670342374267781; 0; 1; 0; 1
11581; 10; 0; 0; 0,997339203084521; 0,997339203084521; 1; 0; 1; 0
11583; 10; 0; 0; 0,997673529881786; 0,997673529881786; 1; 0; 1; 0
11591; 11; 0; 0; 1; 1; 1; 0; 1; 0
11599; 10; 0; 0; 0,999998957588223; 0,999998957588223; 1; 0; 1; 0
11600; 16; 0; 0; 0,999999384256537; 0,999999384256537; 1; 0; 1; 0
11604; 16; 0; 0; 0,986732622097523; 0,986732622097523; 1; 0; 1; 0
11607; 2; 0; 0; 0,954347085607404; 0,954347085607404; 1; 0; 1; 0
11613; 14; 13; 10; 0,160822658371875; 0; 0; 1; 0; 1
11634; 16; 0; 0; 1; 1; 1; 0; 1; 0
11655; 10; 4; 0; 0,551237141365607; 0,242715921526086; 1; 0; 1; 0
11658; 2; 0; 0; 0,998021725841355; 0,998021725841355; 1; 0; 1; 0
11660; 16; 7; 0; 0,230225573802007; 0; 1; 0; 1; 0
11663; 4; 1; 0; 0,524129614433162; 0,475870385566838; 1; 0; 1; 0
11668; 10; 0; 0; 0,999999997326106; 0,999999997326106; 1; 0; 1; 0
11680; 13; 2; 0; 0,516612001397019; 0,4777743223909; 1; 0; 1; 0
11697; 2; 1; 0; 1; 0; 1; 0; 1; 0
11711; 3; 2; 1; 0,480078071652645; 0,453625111065737; 0; 0; 0,428193131701094; 0,571806868298906
11723; 2; 0; 0; 0,99739716566447; 0,99739716566447; 1; 0; 1; 0
11749; 20; 0; 0; 0,999976282853949; 0,999976282853949; 1; 0; 1; 0
11760; 4; 1; 0; 0,472773445909484; 0,167993203930658; 1; 0; 1; 0
11822; 2; 1; 1; 0,859917472706033; 0,859917472706033; 0; 0; 0,19881132297054; 0,80118867702946
11848; 2; 1; 1; 0,810315085775148; 0,810315085775148; 0; 0; 0,334321691806297; 0,665678308193703
11868; 16; 0; 0; 0,999882556817135; 0,999882556817135; 1; 0; 1; 0
11910; 17; 0; 0; 1; 1; 1; 0; 1; 0
11949; 2; 1; 1; 0,756113395789548; 0,756113395789548; 0; 0; 0,499954889917529; 0,500045110082471
11957; 2; 1; 0; 0,670342374267781; 0,329657625732219; 1; 0; 1; 0
11967; 10; 0; 0; 0,999903778888997; 0,999903778888997; 1; 0; 1; 0
11973; 18; 13; 2; 0,45309532686306; 0; 0; 0; 0,500296553284424; 0,499703446715576
11980; 10; 0; 0; 0,999899887040486; 0,999899887040486; 1; 0; 1; 0
11987; 11; 0; 0; 1; 1; 1; 0; 1; 0
12014; 10; 0; 0; 0,999999999472602; 0,999999999472602; 1; 0; 1; 0
12055; 2; 0; 0; 0,999825760612582; 0,999825760612582; 1; 0; 1; 0
12082; 2; 1; 1; 0,703622176516968; 0,703622176516968; 0; 0; 0,332035938147038; 0,667964061852961
12097; 2; 0; 0; 0,69732803817848; 0,69732803817848; 1; 0; 1; 0
12105; 10; 0; 0; 0,964915483511563; 0,964915483511563; 1; 0; 1; 0
12120; 10; 0; 0; 0,943548237466391; 0,943548237466391; 1; 0; 1; 0
12162; 100; 0; 0; 0,984768063392388; 0,984768063392388; 1; 0; 1; 0
12168; 10; 1; 0; 0,638680071740715; 0,00585452923116197; 1; 0; 1; 0
12175; 13; 2; 2; 0,480470380983348; 0,480470380983348; 0; 0; 0,251375822415968; 0,748624177584032
12181; 10; 2; 0; 0,579300419180658; 0,308305067610434; 1; 0; 1; 0
12195; 10; 0; 0; 1; 1; 1; 0; 1; 0
12199; 10; 0; 0; 0,768714234529064; 0,768714234529064; 1; 0; 1; 0
12213; 2; 1; 1; 1; 1; 0; 1; 0; 1
12226; 3; 0; 0; 0,600548920631373; 0,600548920631373; 1; 0; 1; 0
12227; 4; 1; 0; 0,453786651488482; 0,2407999964276; 1; 0; 1; 0
12228; 4; 1; 1; 0,985943694634801; 0,985943694634801; 0; 0; 0,334791303513529; 0,665208696486471
12235; 2; 0; 0; 0,999996478337433; 0,999996478337433; 1; 0; 1; 0
12236; 2; 0; 0; 1; 1; 1; 0; 1; 0
12237; 10; 1; 0; 0,606593099686823; 0; 1; 0; 1; 0
12242; 10; 1; 0; 0,63318928959976; 0,0202136692919193; 1; 0; 1; 0
12248; 3; 0; 0; 0,999945678876997; 0,999945678876997; 1; 0; 1; 0
12251; 4; 0; 0; 0,44482715348851; 0,44482715348851; 1; 0; 1; 0
12255; 16; 0; 0; 0,986917656290451; 0,986917656290451; 1; 0; 1; 0
12258; 3; 0; 0; 0,957719787566969; 0,957719787566969; 1; 0; 1; 0
12273; 2; 0; 0; 0,999938803823204; 0,999938803823204; 1; 0; 1; 0
12274; 2; 0; 0; 0,994372388635141; 0,994372388635141; 1; 0; 1; 0
12288; 3; 1; 2; 0,759846763003972; 0,201848845439578; 0; 0; 0,428139817652065; 0,571860182347935
12325; 18; 11; 1; 0,389079206920565; 0; 0; 1; 0; 1
12345; 32; 1; 1; 1; 1; 0; 0; 0,500984484812199; 0,499015515187801
12360; 10; 0; 0; 0,993510811994895; 0,993510811994895; 1; 0; 1; 0
12365; 100; 0; 0; 0,999299172483409; 0,999299172483409; 1; 0; 1; 0
12383; 32; 1; 1; 1; 1; 0; 0; 0,500984484812199; 0,499015515187801
12400; 8; 0; 0; 1; 1; 1; 0; 1; 0
12404; 20; 0; 0; 0,996687960536228; 0,996687960536228; 1; 0; 1; 0
12431; 10; 1; 0; 0,417032991954401; 0,373487731234225; 1; 0; 1; 0
12434; 22; 0; 0; 1; 1; 1; 0; 1; 0
12453; 2; 0; 0; 0,626753158674819; 0,626753158674819; 1; 0; 1; 0
12462; 2; 0; 0; 0,973721023531285; 0,973721023531285; 1; 0; 1; 0
12464; 16; 0; 0; 1; 1; 1; 0; 1; 0
12482; 2; 0; 0; 1; 1; 1; 0; 1; 0
12486; 10; 2; 0; 0,440950948148483; 0,150326468307521; 1; 0; 1; 0
12489; 3; 0; 1; 0,549183404171878; 0,114734723682592; 0; 0; 0,125174011812684; 0,874825988187316
12503; 10; 8; 0; 0,341500696828275; 0; 1; 0; 1; 0
12512; 16; 0; 0; 0,999947734220825; 0,999947734220825; 1; 0; 1; 0
12513; 4; 0; 0; 0,999981943185805; 0,999981943185805; 1; 0; 1; 0
12514; 10; 0; 0; 0,557606517800222; 0,557606517800222; 1; 0; 1; 0
12515; 10; 0; 0; 0,611869201204133; 0,611869201204133; 1; 0; 1; 0
12535; 3; 2; 2; 0,515823655158175; 0,515823655158175; 0; 1; 0; 1
12544; 2; 0; 0; 1; 1; 1; 0; 1; 0
12551; 4; 0; 0; 0,999977370346392; 0,999977370346392; 1; 0; 1; 0
12568; 2; 0; 0; 1; 1; 1; 0; 1; 0
12574; 2; 1; 1; 0,523912922398711; 0,523912922398711; 0; 1; 0; 1
12579; 16; 0; 0; 0,935256316931286; 0,935256316931286; 1; 0; 1; 0
12581; 3; 0; 0; 0,997554992507618; 0,997554992507618; 1; 0; 1; 0
12595; 16; 0; 0; 1; 1; 1; 0; 1; 0
12625; 20; 0; 0; 1; 1; 1; 0; 1; 0
12661; 10; 0; 0; 0,95679398309954; 0,95679398309954; 1; 0; 1; 0
12670; 20; 1; 1; 0,956796923415031; 0,956796923415031; 0; 0; 0,500984484812199; 0,499015515187801
12675; 2; 0; 0; 0,999999982380978; 0,999999982380978; 1; 0; 1; 0
12750; 2; 0; 0; 0,99992085091267; 0,99992085091267; 1; 0; 1; 0
12762; 2; 1; 1; 0,958773506571541; 0,958773506571541; 0; 0; 0,199321718519391; 0,800678281480609
12765; 11; 0; 0; 1; 1; 1; 0; 1; 0
12780; 100; 10; 0; 0,433916892974111; 0,395940115735726; 1; 0; 1; 0
12784; 3; 0; 0; 0,999817346463587; 0,999817346463587; 1; 0; 1; 0
12833; 2; 1; 0; 1; 0; 1; 0; 1; 0
12840; 10; 0; 0; 0,643622458501714; 0,643622458501714; 1; 0; 1; 0
12867; 2; 0; 0; 1; 1; 1; 0; 1; 0
12868; 3; 0; 0; 1; 1; 1; 0; 1; 0
12896; 2; 1; 0; 0,999223377198286; 0,000776622801714402; 1; 0; 1; 0
12901; 2; 0; 0; 0,988769397162377; 0,988769397162377; 1; 0; 1; 0
12920; 10; 7; 0; 0,557491419264632; 0,119386034966313; 1; 0; 1; 0
12940; 3; 0; 0; 0,845964566945046; 0,845964566945046; 1; 0; 1; 0
12950; 2; 0; 0; 1; 1; 1; 0; 1; 0
12963; 20; 0; 0; 0,379123205000903; 0,379123205000903; 1; 0; 1; 0
12965; 20; 0; 0; 0,630203576391762; 0,630203576391762; 1; 0; 1; 0
12996; 10; 0; 0; 0,993224882982944; 0,993224882982944; 1; 0; 1; 0
13029; 10; 0; 0; 0,997686297543643; 0,997686297543643; 1; 0; 1; 0
13047; 2; 0; 0; 0,62814480523159; 0,62814480523159; 1; 0; 1; 0
13055; 10; 0; 0; 0,881199273341863; 0,881199273341863; 1; 0; 1; 0
13058; 2; 1; 0; 0,997160659596111; 0,00283934040388948; 1; 0; 1; 0
13070; 17; 0; 0; 1; 1; 1; 0; 1; 0
13097; 10; 0; 0; 0,935254697095264; 0,935254697095264; 1; 0; 1; 0
13099; 3; 0; 2; 0,757243493511231; 0,0951790307736681; 0; 0; 0,299206021369357; 0,700793978630643
13100; 2; 0; 0; 1; 1; 1; 0; 1; 0
13106; 3; 0; 0; 0,999262977310653; 0,999262977310653; 1; 0; 1; 0
13118; 13; 0; 0; 1; 1; 1; 0; 1; 0
13128; 10; 7; 0; 0,572647748219776; 0,103472589180624; 1; 0; 1; 0
13146; 2; 1; 0; 1; 0; 1; 0; 1; 0
13147; 11; 0; 0; 1; 1; 1; 0; 1; 0
13150; 2; 0; 0; 1; 1; 1; 0; 1; 0
13151; 10; 0; 0; 0,981266487667688; 0,981266487667688; 1; 0; 1; 0
13154; 2; 0; 0; 1; 1; 1; 0; 1; 0
13164; 3; 0; 0; 0,998511605188322; 0,998511605188322; 1; 0; 1; 0
13209; 4; 0; 0; 0,932039281022151; 0,932039281022151; 1; 0; 1; 0
13212; 10; 0; 0; 0,999658160662345; 0,999658160662345; 1; 0; 1; 0
13214; 10; 2; 0; 0,296390558644063; 0,0981227639225114; 1; 0; 1; 0
13216; 2; 1; 0; 0,988695946240493; 0,0113040537595069; 1; 0; 1; 0
13236; 14; 7; 12; 0,418678696739608; 0; 0; 0; 0,251375822415968; 0,748624177584032
13237; 10; 2; 0; 0,364776512847854; 0,232609085611016; 1; 0; 1; 0
13246; 19; 0; 0; 0,999909884897778; 0,999909884897778; 1; 0; 1; 0
13267; 2; 0; 0; 1; 1; 1; 0; 1; 0
13301; 2; 1; 0; 0,831152126282786; 0,168847873717213; 1; 0; 1; 0
13312; 2; 1; 1; 1; 1; 0; 1; 0; 1
13325; 10; 0; 0; 0,999311294980201; 0,999311294980201; 1; 0; 1; 0
13363; 20; 0; 0; 0,999999970345704; 0,999999970345704; 1; 0; 1; 0
13373; 2; 1; 0; 1; 0; 1; 0; 1; 0
13378; 16; 7; 0; 0,289406297063652; 0; 1; 0; 1; 0
13405; 2; 1; 0; 1; 0; 1; 0; 1; 0
13418; 3; 0; 0; 1; 1; 1; 0; 1; 0
13422; 3; 0; 0; 0,981991295737934; 0,981991295737934; 1; 0; 1; 0
13428; 10; 4; 0; 0,374071076132004; 0; 1; 0; 1; 0
13430; 10; 2; 0; 0,36274386849233; 0,312923258266727; 1; 0; 1; 0
13441; 2; 1; 1; 1; 1; 0; 0; 0,500256624585928; 0,499743375414072
13470; 2; 0; 0; 0,953770251539913; 0,953770251539913; 1; 0; 1; 0
13472; 2; 0; 0; 1; 1; 1; 0; 1; 0
13494; 10; 2; 0; 0,302223561929848; 0,0464093525866028; 1; 0; 1; 0
13497; 10; 7; 0; 0,391811224105132; 0,388733897741091; 1; 0; 1; 0
13503; 3; 2; 2; 0,804120603588484; 0,804120603588484; 0; 1; 0; 1
13513; 22; 0; 0; 1; 1; 1; 0; 1; 0
13517; 3; 0; 0; 0,993259201808796; 0,993259201808796; 1; 0; 1; 0
13523; 2; 0; 0; 0,698700985936989; 0,698700985936989; 1; 0; 1; 0
13571; 2; 1; 0; 0,615908704416166; 0,384091295583834; 1; 0; 1; 0
13572; 10; 6; 0; 0,17146766893759; 0,023730767755158; 1; 0; 1; 0
13586; 2; 0; 0; 0,75883690510695; 0,75883690510695; 1; 0; 1; 0
13603; 10; 0; 0; 0,408776110162688; 0,408776110162688; 1; 0; 1; 0
13614; 2; 1; 0; 1; 0; 1; 0; 1; 0
13644; 2; 1; 0; 1; 0; 1; 0; 1; 0
13653; 10; 0; 0; 0,580646078266074; 0,580646078266074; 1; 0; 1; 0
13689; 2; 0; 0; 0,999417807856566; 0,999417807856566; 1; 0; 1; 0
13690; 2; 0; 0; 0,938153608877528; 0,938153608877528; 1; 0; 1; 0
13691; 2; 0; 0; 0,532599360354889; 0,532599360354889; 1; 0; 1; 0
13720; 3; 0; 0; 0,859857575109344; 0,859857575109344; 1; 0; 1; 0
13735; 3; 2; 0; 0,396864925706879; 0,243165858081569; 1; 0; 1; 0
13737; 20; 0; 0; 0,999884098664688; 0,999884098664688; 1; 0; 1; 0
13745; 3; 0; 0; 0,999787481425168; 0,999787481425168; 1; 0; 1; 0
13746; 10; 1; 0; 0,438431499744509; 0,371245715166946; 1; 0; 1; 0
13786; 2; 1; 0; 0,621075607895601; 0,378924392104399; 1; 0; 1; 0
13803; 16; 5; 0; 0,0814093660660053; 0,0195932562813942; 1; 0; 1; 0
13846; 3; 2; 0; 1; 0; 1; 0; 1; 0
13859; 2; 0; 0; 0,999992693441507; 0,999992693441507; 1; 0; 1; 0
13879; 3; 0; 0; 0,999902083322237; 0,999902083322237; 1; 0; 1; 0
13894; 2; 0; 0; 0,999740304389563; 0,999740304389563; 1; 0; 1; 0
13898; 68; 0; 0; 0,532168237422747; 0,532168237422747; 1; 0; 1; 0
13904; 3; 0; 0; 0,999915488388657; 0,999915488388657; 1; 0; 1; 0
13905; 10; 2; 0; 0,399111230980272; 0,0911055699138809; 1; 0; 1; 0
13907; 8; 5; 0; 0,575520853427647; 0; 1; 0; 1; 0
13937; 2; 0; 0; 1; 1; 1; 0; 1; 0
13942; 2; 0; 0; 1; 1; 1; 0; 1; 0
13951; 10; 2; 0; 0,400859180621193; 0,190608642102013; 1; 0; 1; 0
13985; 10; 6; 0; 0,118563324329322; 0,0286711792741547; 1; 0; 1; 0
13996; 3; 2; 1; 0,530587067998736; 0,339586748940183; 0; 0; 0,499871699868275; 0,500128300131725
14006; 2; 0; 0; 0,999991584677519; 0,999991584677519; 1; 0; 1; 0
14022; 2; 0; 0; 0,999982145377629; 0,999982145377629; 1; 0; 1; 0
14029; 2; 1; 0; 0,925642043125539; 0,0743579568744607; 1; 0; 1; 0
14032; 10; 0; 0; 0,923282480290875; 0,923282480290875; 1; 0; 1; 0
14036; 10; 0; 0; 0,769916629949743; 0,769916629949743; 1; 0; 1; 0
14040; 2; 0; 0; 0,999999622726696; 0,999999622726696; 1; 0; 1; 0
14059; 16; 2; 0; 0,0650692899309814; 0,0239606510352795; 1; 0; 1; 0
14090; 4; 0; 0; 0,99847809746438; 0,99847809746438; 1; 0; 1; 0
14128; 20; 1; 0; 0,506865357964131; 0,250552978802231; 1; 0; 1; 0
14139; 10; 0; 0; 0,9999854609852; 0,9999854609852; 1; 0; 1; 0
14148; 2; 0; 0; 1; 1; 1; 0; 1; 0
14166; 10; 0; 0; 0,982251311982282; 0,982251311982282; 1; 0; 1; 0
14185; 3; 0; 0; 1; 1; 1; 0; 1; 0
14196; 2; 1; 0; 0,568170593191748; 0,431829406808252; 1; 0; 1; 0
14198; 2; 0; 0; 1; 1; 1; 0; 1; 0
14206; 8; 0; 0; 0,999563278544448; 0,999563278544448; 1; 0; 1; 0
14210; 2; 0; 0; 0,968969885959956; 0,968969885959956; 1; 0; 1; 0
14218; 16; 0; 0; 0,951175536102603; 0,951175536102603; 1; 0; 1; 0
14219; 2; 0; 0; 0,989625596821754; 0,989625596821754; 1; 0; 1; 0
14222; 3; 0; 0; 0,994521650445099; 0,994521650445099; 1; 0; 1; 0
14225; 16; 0; 0; 0,951175536102603; 0,951175536102603; 1; 0; 1; 0
14231; 16; 0; 0; 0,807470993362834; 0,807470993362834; 1; 0; 1; 0
14247; 3; 0; 0; 0,872800926625368; 0,872800926625368; 1; 0; 1; 0
14267; 10; 0; 0; 0,760232691693406; 0,760232691693406; 1; 0; 1; 0
14268; 2; 0; 0; 0,94626095936395; 0,94626095936395; 1; 0; 1; 0
14269; 10; 1; 0; 0,955056861924423; 0,000549825969446367; 1; 0; 1; 0
14324; 4; 0; 0; 1; 1; 1; 0; 1; 0
14326; 8; 0; 0; 0,999368551336581; 0,999368551336581; 1; 0; 1; 0
14350; 2; 0; 0; 0,865869114791822; 0,865869114791822; 1; 0; 1; 0
14361; 18; 0; 0; 0,999954337168173; 0,999954337168173; 1; 0; 1; 0
14370; 2; 0; 0; 0,941297333737615; 0,941297333737615; 1; 0; 1; 0
14371; 13; 0; 0; 0,965628881236528; 0,965628881236528; 1; 0; 1; 0
14390; 17; 0; 2; 0,704393724419253; 0,289677179810633; 0; 1; 0; 1
14392; 2; 0; 0; 0,999693756861235; 0,999693756861235; 1; 0; 1; 0
14416; 2; 0; 0; 1; 1; 1; 0; 1; 0
14427; 16; 0; 0; 1; 1; 1; 0; 1; 0
14431; 16; 5; 0; 0,0747180096205567; 0,0217086234278179; 1; 0; 1; 0
14436; 2; 0; 0; 1; 1; 1; 0; 1; 0
14444; 3; 0; 0; 0,864031862725057; 0,864031862725057; 1; 0; 1; 0
14445; 10; 0; 0; 0,999996782038172; 0,999996782038172; 1; 0; 1; 0
14455; 20; 0; 0; 0,986411530931319; 0,986411530931319; 1; 0; 1; 0
14463; 10; 0; 0; 1; 1; 1; 0; 1; 0
14468; 19; 0; 4; 0,770092047235479; 6,18480816444458E-05; 0; 1; 0; 1
14491; 4; 0; 0; 0,999901007459583; 0,999901007459583; 1; 0; 1; 0
14501; 2; 0; 1; 0,756606564784371; 0,243393435215629; 0; 0; 0,499204896857961; 0,500795103142039
14524; 3; 0; 0; 0,860405484567223; 0,860405484567223; 1; 0; 1; 0
14535; 10; 0; 0; 0,992441743422038; 0,992441743422038; 1; 0; 1; 0
14555; 2; 1; 1; 0,767071989595323; 0,767071989595323; 0; 0; 0,500256624585928; 0,499743375414072
14570; 16; 0; 0; 0,999383187617658; 0,999383187617658; 1; 0; 1; 0
14573; 2; 1; 0; 0,71205896397355; 0,287941036026451; 1; 0; 1; 0
14576; 10; 0; 0; 0,999809222163832; 0,999809222163832; 1; 0; 1; 0
14586; 100; 0; 0; 0,999817889837882; 0,999817889837882; 1; 0; 1; 0
14609; 2; 1; 0; 0,848337135247722; 0,151662864752278; 1; 0; 1; 0
14618; 2; 0; 0; 1; 1; 1; 0; 1; 0
14625; 10; 0; 0; 0,991969573571454; 0,991969573571454; 1; 0; 1; 0
14634; 2; 0; 0; 0,969994829209041; 0,969994829209041; 1; 0; 1; 0
14642; 10; 0; 0; 1; 1; 1; 0; 1; 0
14649; 10; 0; 0; 1; 1; 1; 0; 1; 0
14650; 2; 1; 0; 0,562370345062959; 0,437629654937041; 1; 0; 1; 0
14656; 100; 0; 0; 0,765447629537919; 0,765447629537919; 1; 0; 1; 0
14674; 10; 9; 0; 0,118563324329322; 0,0286711792741547; 1; 0; 1; 0
14677; 2; 0; 0; 1; 1; 1; 0; 1; 0
14681; 10; 0; 0; 0,999973484441323; 0,999973484441323; 1; 0; 1; 0
14682; 16; 15; 0; 0,081399426119475; 0,0195298993168258; 1; 0; 1; 0
14685; 2; 0; 0; 1; 1; 1; 0; 1; 0
14702; 3; 1; 2; 0,990617202910911; 0,00764922147997276; 0; 0; 0,499204896857961; 0,500795103142039
14719; 2; 1; 0; 1; 0; 1; 0; 1; 0
14721; 3; 0; 0; 0,981991295737934; 0,981991295737934; 1; 0; 1; 0
14724; 40; 0; 0; 0,999981334120589; 0,999981334120589; 1; 0; 1; 0
14734; 10; 0; 0; 0,998975483170948; 0,998975483170948; 1; 0; 1; 0
14740; 2; 0; 0; 1; 1; 1; 0; 1; 0
14756; 6; 0; 0; 1; 1; 1; 0; 1; 0
14764; 2; 0; 0; 1; 1; 1; 0; 1; 0
14811; 6; 0; 0; 0,962620550853921; 0,962620550853921; 1; 0; 1; 0
14818; 3; 0; 0; 0,678442317918137; 0,678442317918137; 1; 0; 1; 0
14827; 16; 15; 0; 0,0636635811243496; 0,0450462831347555; 1; 0; 1; 0
14829; 4; 0; 0; 1; 1; 1; 0; 1; 0
14830; 2; 0; 0; 0,571643714381339; 0,571643714381339; 1; 0; 1; 0
14833; 8; 0; 0; 1; 1; 1; 0; 1; 0
14838; 10; 0; 2; 0,9956507738476; 0,000561390932235944; 0; 0; 0,14218621912864; 0,85781378087136
14852; 3; 2; 0; 0,907265933937131; 0,0927274024269404; 1; 0; 1; 0
14853; 4; 0; 0; 0,99998537980549; 0,99998537980549; 1; 0; 1; 0
14858; 18; 0; 2; 0,681034264286043; 0,298565121036345; 0; 0; 0,249836158183357; 0,750163841816643
14862; 4; 0; 0; 1; 1; 1; 0; 1; 0
14867; 18; 1; 0; 0,943753419144772; 0,0480422452638846; 1; 0; 1; 0
14872; 2; 0; 0; 0,610552823125261; 0,610552823125261; 1; 0; 1; 0
14874; 2; 0; 1; 0,537779107260704; 0,462220892739296; 0; 0; 0,499975874235971; 0,500024125764029
14875; 16; 0; 0; 1; 1; 1; 0; 1; 0
14917; 3; 0; 0; 0,723226388259413; 0,723226388259413; 1; 0; 1; 0
14921; 17; 0; 0; 1; 1; 1; 0; 1; 0
14931; 10; 0; 0; 0,996339372447381; 0,996339372447381; 1; 0; 1; 0
14942; 2; 0; 0; 0,853004577756858; 0,853004577756858; 1; 0; 1; 0
14943; 2; 0; 0; 1; 1; 1; 0; 1; 0
14954; 100; 9; 0; 0,11429695006991; 0,0574724473084881; 1; 0; 1; 0
14955; 20; 0; 0; 1; 1; 1; 0; 1; 0
14972; 16; 2; 0; 0,688386173209432; 0,311552593457324; 1; 0; 1; 0
14973; 4; 0; 0; 1; 1; 1; 0; 1; 0
14978; 20; 0; 1; 0,918239468955365; 0; 0; 0; 0,499954889917529; 0,500045110082471
14980; 2; 0; 0; 0,602398389357659; 0,602398389357659; 1; 0; 1; 0
14991; 2; 1; 0; 0,633874878682688; 0,366125121317312; 1; 0; 1; 0
14998; 2; 1; 0; 0,587038927743678; 0,412961072256323; 1; 0; 1; 0
15010; 48; 2; 0; 0,369684948360509; 0,260630103278982; 1; 0; 1; 0
15012; 2; 0; 0; 1; 1; 1; 0; 1; 0
15018; 20; 0; 0; 1; 1; 1; 0; 1; 0
15029; 2; 0; 1; 0,802307392048639; 0,197692607951361; 0; 0; 0,429144910859318; 0,570855089140682
15033; 11; 0; 0; 1; 1; 1; 0; 1; 0
15050; 2; 0; 1; 1; 0; 0; 0; 0,500599967389935; 0,499400032610065
15056; 18; 0; 0; 1; 1; 1; 0; 1; 0
15057; 3; 0; 0; 1; 1; 1; 0; 1; 0
15071; 6; 0; 0; 1; 1; 1; 0; 1; 0
15075; 3; 0; 0; 0,99402514583002; 0,99402514583002; 1; 0; 1; 0
15078; 3; 0; 0; 0,709990318045671; 0,709990318045671; 1; 0; 1; 0
15083; 68; 0; 0; 1; 1; 1; 0; 1; 0
15115; 2; 0; 0; 1; 1; 1; 0; 1; 0
15134; 17; 2; 2; 1; 1; 0; 1; 0; 1
15165; 10; 0; 0; 1; 1; 1; 0; 1; 0
15166; 2; 0; 1; 0,517404732226388; 0,482595267773612; 0; 1; 0; 1
15169; 4; 0; 0; 1; 1; 1; 0; 1; 0
15185; 40; 0; 0; 1; 1; 1; 0; 1; 0
15187; 2; 1; 0; 0,633874878682688; 0,366125121317312; 1; 0; 1; 0
15194; 2; 0; 1; 0,519643141915794; 0,480356858084206; 0; 0; 0,500256624585928; 0,499743375414072
15208; 2; 1; 1; 0,687534110162022; 0,687534110162022; 0; 0; 0,499975874235971; 0,500024125764029
15213; 3; 2; 0; 0,816694475753195; 0,183305524246805; 1; 0; 1; 0
15216; 16; 0; 0; 1; 1; 1; 0; 1; 0
15217; 16; 0; 0; 1; 1; 1; 0; 1; 0
15224; 2; 1; 0; 0,672046220138415; 0,327953779861585; 1; 0; 1; 0
15261; 19; 2; 2; 0,999999132852611; 0,999999132852611; 0; 0; 0,250253057687106; 0,749746942312894
15262; 10; 0; 0; 0,988720569430205; 0,988720569430205; 1; 0; 1; 0
15267; 2; 0; 1; 0,760816209077044; 0,239183790922956; 0; 1; 0; 1
15272; 3; 0; 0; 1; 1; 1; 0; 1; 0
15281; 2; 0; 1; 0,753276549882581; 0,246723450117419; 0; 0; 0,429117560232381; 0,570882439767619
15283; 11; 0; 0; 1; 1; 1; 0; 1; 0
15284; 22; 0; 0; 1; 1; 1; 0; 1; 0
15286; 2; 0; 1; 1; 0; 0; 0; 0,499871699868275; 0,500128300131725
15287; 2; 0; 0; 0,770264086315992; 0,770264086315992; 1; 0; 1; 0
15295; 16; 0; 0; 1; 1; 1; 0; 1; 0
15299; 18; 0; 2; 0,643555785127561; 0,287435137360781; 0; 0; 0,249836158183357; 0,750163841816643
15301; 17; 0; 0; 1; 1; 1; 0; 1; 0
15311; 2; 0; 0; 0,606530729081163; 0,606530729081163; 1; 0; 1; 0
15360; 2; 0; 1; 0,775400067546776; 0,224599932453224; 0; 0; 0,428193131701094; 0,571806868298906
15361; 2; 0; 0; 1; 1; 1; 0; 1; 0
15393; 10; 0; 0; 0,992055132134708; 0,992055132134708; 1; 0; 1; 0
15419; 3; 0; 0; 1; 1; 1; 0; 1; 0
15430; 18; 0; 0; 1; 1; 1; 0; 1; 0
15431; 6; 0; 0; 0,999464741863146; 0,999464741863146; 1; 0; 1; 0
15432; 4; 0; 0; 0,86499944338659; 0,86499944338659; 1; 0; 1; 0
15458; 40; 0; 0; 1; 1; 1; 0; 1; 0
15462; 4; 0; 0; 1; 1; 1; 0; 1; 0
15466; 2; 1; 0; 0,633874878682688; 0,366125121317312; 1; 0; 1; 0
15472; 2; 0; 0; 0,999996948346033; 0,999996948346033; 1; 0; 1; 0
15485; 22; 0; 0; 1; 1; 1; 0; 1; 0
15497; 10; 0; 0; 1; 1; 1; 0; 1; 0
15505; 2; 1; 0; 1; 0; 1; 0; 1; 0
15522; 2; 0; 0; 1; 1; 1; 0; 1; 0
15523; 3; 0; 0; 0,999398191299175; 0,999398191299175; 1; 0; 1; 0
15531; 2; 0; 0; 0,839790944607008; 0,839790944607008; 1; 0; 1; 0
15546; 40; 0; 0; 1; 1; 1; 0; 1; 0
15554; 10; 9; 0; 0,103059029695508; 0,0724687327404301; 1; 0; 1; 0
15562; 18; 0; 2; 0,690998105196013; 0,28282930719038; 0; 0; 0,249836158183357; 0,750163841816643
15587; 10; 2; 0; 0,454917649259903; 0,294841542417719; 1; 0; 1; 0
15602; 16; 2; 0; 0,571972579616045; 0; 1; 0; 1; 0
15620; 3; 0; 0; 1; 1; 1; 0; 1; 0
15622; 2; 0; 0; 1; 1; 1; 0; 1; 0
15630; 10; 0; 0; 0,879314095133865; 0,879314095133865; 1; 0; 1; 0
15641; 2; 1; 1; 0,997516088305745; 0,997516088305745; 0; 0; 0,334321691806297; 0,665678308193703
15646; 10; 1; 0; 0,998647038054305; 0; 1; 0; 1; 0
15659; 10; 0; 0; 0,517092121068806; 0,517092121068806; 1; 0; 1; 0
15671; 8; 0; 0; 1; 1; 1; 0; 1; 0
15689; 3; 0; 0; 0,601698770824814; 0,601698770824814; 1; 0; 1; 0
15699; 2; 0; 0; 0,996058528844335; 0,996058528844335; 1; 0; 1; 0
15703; 40; 0; 0; 1; 1; 1; 0; 1; 0
15718; 2; 0; 0; 0,685277941647763; 0,685277941647763; 1; 0; 1; 0
15726; 10; 0; 0; 0,99996817672445; 0,99996817672445; 1; 0; 1; 0
15736; 2; 0; 0; 0,535924241634771; 0,535924241634771; 1; 0; 1; 0
15740; 2; 0; 1; 1; 0; 0; 0; 0,428950995718092; 0,571049004281908
15750; 100; 0; 0; 0,517092121068806; 0,517092121068806; 1; 0; 1; 0
15754; 3; 1; 2; 0,446230886911078; 0,344064521285246; 0; 0; 0,428139817652065; 0,571860182347935
15766; 3; 0; 0; 0,956381791556996; 0,956381791556996; 1; 0; 1; 0
15772; 10; 9; 0; 0,126075233011268; 0,0570316528267131; 1; 0; 1; 0
15773; 3; 0; 0; 0,984449408565111; 0,984449408565111; 1; 0; 1; 0
15798; 2; 0; 0; 1; 1; 1; 0; 1; 0
15810; 20; 0; 0; 0,540098205119172; 0,540098205119172; 1; 0; 1; 0
15830; 22; 0; 0; 1; 1; 1; 0; 1; 0
15840; 20; 0; 0; 0,99999984096089; 0,99999984096089; 1; 0; 1; 0
15875; 16; 2; 0; 0,87524638114149; 0,120044139379669; 1; 0; 1; 0
15900; 4; 0; 0; 1; 1; 1; 0; 1; 0
