MAC; alternativas; MasProb; Elección; MaxProb; ElecProb; velocidad
21; 2; 0; 0; 1; 1; 6,22840562082898
32; 10; 0; 0; 1; 1; 11,2809050151125
54; 20; 0; 0; 1; 1; 6,95421785492364
68; 3; 0; 0; 1; 1; 9,0493212952375
69; 16; 0; 0; 1; 1; 15,0674791931781
77; 16; 0; 0; 1; 1; 5,0130126865995
113; 10; 6; 0; 0,1; 0,1; 15,0412066868166
128; 4; 0; 0; 1; 1; 6,42339064177388
128; 2; 0; 0; 1; 1; 7,5006905626522
158; 10; 0; 0; 1; 1; 11,1859788881209
164; 10; 0; 0; 1; 1; 7,03442434358047
176; 10; 0; 0; 1; 1; 9,61379297546006
191; 10; 0; 0; 1; 1; 8,9809596228165
213; 10; 0; 0; 1; 1; 8,45438481422827
231; 20; 0; 0; 1; 1; 6,02698880760049
235; 16; 0; 0; 1; 1; 9,04048751590685
238; 11; 0; 0; 1; 1; 8,94861373918418
244; 20; 0; 0; 1; 1; 8,21862110127339
244; 2; 1; 0; 1; 0; 6,3908993396173
257; 10; 2; 0; 1; 0; 7,81170099823491
268; 2; 1; 0; 1; 0; 6,13383619093235
277; 10; 0; 0; 1; 1; 8,45926465494068
277; 10; 0; 0; 1; 1; 5,63625654281885
302; 16; 0; 0; 1; 1; 15,0674791931781
304; 10; 0; 0; 1; 1; 7,46891196207704
321; 10; 3; 0; 0,1; 0,1; 12,8924628744142
332; 3; 0; 0; 1; 1; 7,54110107936458
340; 2; 1; 0; 1; 0; 9,01100935758575
362; 3; 0; 0; 1; 1; 11,2159778067974
363; 16; 0; 0; 1; 1; 11,2709013206505
372; 10; 0; 0; 1; 1; 9,93929750353649
379; 4; 0; 0; 1; 1; 11,2128235288417
379; 17; 12; 0; 0,0588235294117647; 0,0588235294117647; 11,2734819872138
408; 10; 0; 0; 1; 1; 11,2160918047034
416; 2; 0; 0; 1; 1; 15,0806026565927
428; 16; 0; 0; 1; 1; 5,63963927242444
454; 10; 0; 0; 1; 1; 7,47739453646893
468; 2; 1; 0; 1; 0; 9,34817498626184
477; 2; 0; 0; 1; 1; 6,42916333941617
482; 11; 0; 0; 1; 1; 14,9506891388576
498; 10; 0; 0; 1; 1; 6,3895483951306
509; 2; 1; 0; 0,5; 0,5; 5,61535991350536
510; 2; 1; 0; 0,5; 0,5; 8,04403239523692
528; 2; 0; 0; 1; 1; 7,52166783989366
541; 2; 0; 0; 1; 1; 7,5060469806515
543; 20; 0; 0; 1; 1; 10,0449813460008
546; 10; 0; 0; 1; 1; 6,88105211783295
565; 2; 0; 0; 1; 1; 11,3104519924445
570; 10; 0; 0; 1; 1; 12,5337732347303
591; 10; 0; 0; 1; 1; 4,81778765424683
615; 2; 0; 0; 1; 1; 11,2111301174922
620; 22; 0; 0; 1; 1; 9,67216480787073
630; 10; 0; 0; 1; 1; 11,2809050151125
666; 2; 0; 0; 1; 1; 9,58980085888943
673; 13; 2; 0; 1; 0; 9,62259345402243
679; 4; 0; 0; 1; 1; 9,96695424785928
692; 10; 0; 0; 1; 1; 9,61379297546006
718; 2; 0; 0; 1; 1; 10,2579270633446
734; 2; 0; 0; 1; 1; 6,93471201236523
743; 2; 0; 0; 0,5; 0,5; 7,50776356888779
766; 4; 0; 0; 1; 1; 6,91749761421802
794; 2; 0; 0; 1; 1; 9,0044380944703
814; 10; 0; 0; 1; 1; 4,80689648773003
817; 20; 0; 0; 1; 1; 9,04048321140073
826; 16; 0; 0; 1; 1; 15,0390380597985
827; 10; 0; 0; 1; 1; 12,3081837380078
830; 4; 0; 0; 1; 1; 9,96695424785928
830; 17; 11; 0; 0,0588235294117647; 0,0588235294117647; 11,2734819872138
875; 16; 0; 0; 1; 1; 12,2206653974489
881; 22; 11; 0; 0,0454545454545455; 0,0454545454545455; 7,96531219471707
886; 10; 5; 0; 0,1; 0,1; 11,2809050151125
914; 10; 0; 0; 1; 1; 6,14864350125692
919; 16; 0; 0; 1; 1; 9,66323286878944
923; 10; 0; 0; 1; 1; 5,96585540699783
928; 2; 0; 0; 0,5; 0,5; 12,7817986792346
935; 3; 0; 0; 1; 1; 7,88094739085039
960; 10; 0; 0; 1; 1; 14,9134760016434
969; 10; 0; 0; 1; 1; 11,2160918047034
987; 10; 0; 0; 1; 1; 5,59085484573927
991; 3; 0; 0; 1; 1; 9,0493212952375
1001; 2; 0; 0; 1; 1; 6,42408687986081
1007; 16; 0; 0; 1; 1; 11,2709013206505
1051; 10; 0; 0; 1; 1; 6,14864350125692
1070; 16; 0; 0; 1; 1; 12,8906040512559
1090; 2; 1; 0; 1; 0; 5,28779707913684
1092; 10; 0; 0; 1; 1; 8,41206885352755
1098; 4; 0; 0; 1; 1; 7,49395574873619
1098; 10; 4; 0; 0,1; 0,1; 9,02472401208997
1110; 17; 7; 0; 0,0588235294117647; 0,0588235294117647; 11,2734819872138
1111; 10; 0; 0; 1; 1; 6,76350785138261
1127; 2; 0; 0; 1; 1; 9,58980085888943
1155; 2; 1; 0; 1; 0; 5,34981165005412
1177; 2; 1; 0; 1; 0; 3,08526175016008
1187; 4; 0; 0; 1; 1; 9,96695424785928
1187; 2; 0; 0; 1; 1; 9,00082867518264
1208; 16; 0; 0; 1; 1; 11,2737716802543
1228; 2; 0; 0; 1; 1; 4,73917794445805
1236; 2; 1; 0; 1; 0; 4,08602501569665
1236; 10; 6; 0; 0,1; 0,1; 15,0412066868166
1250; 3; 0; 0; 1; 1; 11,294612871444
1256; 2; 1; 0; 0,5; 0,5; 5,39758403602726
1267; 3; 0; 0; 1; 1; 4,48639112271896
1271; 2; 0; 0; 1; 1; 11,2689070200935
1273; 3; 0; 0; 1; 1; 9,0493212952375
1308; 10; 0; 0; 1; 1; 5,63625654281885
1315; 16; 0; 0; 1; 1; 12,8810300807434
1329; 2; 0; 0; 1; 1; 6,42916333941617
1331; 10; 0; 0; 1; 1; 14,9089462553047
1342; 2; 1; 0; 1; 0; 11,2532079024208
1364; 16; 0; 0; 1; 1; 5,63963927242444
1368; 3; 0; 0; 1; 1; 5,17954862293039
1370; 2; 0; 0; 1; 1; 9,58980085888943
1376; 2; 0; 0; 1; 1; 7,52247984645269
1380; 2; 1; 0; 1; 0; 8,01272141679586
1380; 10; 0; 0; 1; 1; 6,76350785138261
1471; 2; 0; 0; 1; 1; 7,52247984645269
1474; 3; 0; 0; 1; 1; 6,96101638095192
1477; 2; 0; 0; 1; 1; 6,01008374404987
1478; 3; 0; 0; 1; 1; 6,88990273673254
1484; 16; 0; 0; 1; 1; 10,0185789516893
1495; 20; 0; 0; 1; 1; 6,95421785492364
1522; 19; 0; 0; 1; 1; 8,44674621705104
1553; 18; 0; 0; 1; 1; 6,00465954412835
1576; 2; 0; 0; 1; 1; 9,58980085888943
1587; 10; 0; 0; 1; 1; 7,96552276383727
1588; 2; 0; 0; 1; 1; 6,76950105590429
1629; 4; 0; 0; 1; 1; 9,61500726852012
1675; 13; 2; 0; 1; 0; 9,62259345402243
1687; 2; 0; 0; 1; 1; 5,30301506827929
1689; 10; 0; 0; 1; 1; 8,45438481422827
1691; 22; 0; 0; 1; 1; 8,46314420688689
1692; 2; 0; 0; 1; 1; 4,51348790787161
1702; 10; 0; 0; 1; 1; 4,20603442676378
1703; 10; 0; 0; 1; 1; 5,40537416690915
1716; 22; 12; 0; 0,0454545454545455; 0,0454545454545455; 7,96531219471707
1726; 10; 0; 0; 1; 1; 4,20603442676378
1729; 2; 0; 0; 1; 1; 6,42916333941617
1753; 10; 0; 0; 1; 1; 5,62619421879405
1776; 2; 0; 0; 1; 1; 9,94139897273803
1808; 18; 0; 0; 1; 1; 8,57808506304049
1809; 2; 1; 0; 1; 0; 5,11350729021364
1809; 16; 0; 0; 1; 1; 13,5285260163052
1811; 22; 0; 0; 1; 1; 9,67216480787073
1813; 4; 0; 0; 1; 1; 7,47521568589446
1842; 2; 0; 0; 0,5; 0,5; 4,98711852319104
1875; 2; 1; 0; 1; 0; 8,62908460270324
1944; 2; 0; 0; 1; 1; 18,0842825914142
1948; 2; 0; 0; 1; 1; 6,12649446476891
1954; 2; 0; 0; 1; 1; 7,51260468006233
1956; 10; 0; 0; 1; 1; 6,76350785138261
1965; 3; 0; 0; 1; 1; 5,17660514159879
1975; 2; 0; 0; 1; 1; 9,0072563767818
1984; 2; 0; 0; 1; 1; 6,12649446476891
1996; 2; 0; 0; 0,5; 0,5; 8,027056352818
2008; 22; 0; 0; 1; 1; 11,2841922758492
2020; 2; 0; 0; 1; 1; 4,49686081590257
2030; 2; 1; 0; 1; 0; 5,11892970605986
2031; 10; 0; 0; 1; 1; 7,12704668343335
2032; 2; 1; 0; 1; 0; 4,499886415388
2032; 2; 0; 0; 1; 1; 7,5060469806515
2107; 10; 0; 0; 1; 1; 6,39198793606911
2126; 10; 6; 0; 0,1; 0,1; 15,0412066868166
2133; 10; 0; 0; 1; 1; 5,63059809053036
2175; 20; 0; 0; 1; 1; 6,02698880760049
2175; 2; 0; 0; 1; 1; 5,16373892401738
2177; 20; 0; 0; 1; 1; 6,02698880760049
2210; 10; 0; 0; 1; 1; 4,48643672188136
2246; 10; 0; 0; 1; 1; 6,88314276998924
2262; 10; 0; 0; 1; 1; 7,45447312765236
2278; 4; 0; 0; 1; 1; 7,47521568589446
2281; 2; 0; 0; 1; 1; 13,4257212024452
2283; 2; 1; 0; 1; 0; 7,48714655134048
2287; 10; 0; 0; 1; 1; 8,13215250289349
2299; 4; 0; 0; 1; 1; 11,2128235288417
2316; 10; 0; 0; 1; 1; 11,1817096914785
2378; 2; 0; 0; 1; 1; 12,8787508801069
2398; 2; 0; 0; 1; 1; 5,62107601987821
2413; 10; 0; 0; 1; 1; 8,67722762404409
2417; 10; 0; 0; 1; 1; 11,2803959112573
2423; 10; 0; 0; 1; 1; 5,96539040065734
2426; 16; 0; 0; 1; 1; 16,9106575203815
2440; 3; 0; 0; 1; 1; 6,96101638095192
2442; 2; 0; 0; 1; 1; 15,0702354928452
2446; 2; 0; 0; 1; 1; 5,62551792198915
2453; 18; 7; 0; 0,0555555555555555; 0,0555555555555555; 5,01036763414776
2455; 2; 0; 0; 1; 1; 12,2631159637947
2456; 10; 0; 0; 1; 1; 4,01967105347455
2499; 16; 0; 0; 1; 1; 12,8906040512559
2507; 10; 0; 0; 1; 1; 9,61379297546006
2511; 2; 0; 0; 1; 1; 11,1859736324442
2514; 4; 0; 0; 1; 1; 12,8146554615334
2514; 10; 0; 0; 1; 1; 12,8924628744142
2518; 2; 0; 0; 1; 1; 3,60605024642992
2525; 2; 0; 0; 1; 1; 9,58980085888943
2531; 22; 13; 0; 0,0454545454545455; 0,0454545454545455; 9,02735382067934
2532; 10; 0; 0; 1; 1; 11,1817096914785
2532; 2; 0; 0; 1; 1; 5,63445351004675
2536; 10; 0; 0; 1; 1; 9,61379297546006
2540; 18; 0; 0; 1; 1; 8,96587544029502
2542; 2; 0; 0; 1; 1; 7,48067778478656
2553; 2; 0; 0; 1; 1; 7,0523248560494
2571; 3; 0; 0; 1; 1; 9,0493212952375
2587; 10; 0; 0; 1; 1; 6,3895483951306
2609; 2; 1; 0; 1; 0; 5,63082267666584
2616; 22; 0; 0; 1; 1; 7,96531219471707
2626; 2; 0; 0; 1; 1; 5,86351584793507
2627; 19; 0; 0; 1; 1; 6,43561616537222
2636; 16; 0; 0; 1; 1; 11,2737716802543
2657; 10; 0; 0; 1; 1; 6,88314276998924
2671; 2; 0; 0; 1; 1; 9,34260843124346
2691; 10; 0; 0; 1; 1; 8,19938714636043
2695; 10; 0; 0; 1; 1; 7,45447312765236
2701; 20; 0; 0; 1; 1; 4,75814905863196
2702; 2; 0; 0; 1; 1; 10,1919364704474
2708; 2; 0; 0; 1; 1; 5,60538003803013
2715; 2; 0; 0; 1; 1; 8,42392988905725
2723; 16; 0; 0; 1; 1; 8,21862501446077
2748; 10; 3; 0; 1; 0; 16,1148513017962
2762; 3; 0; 0; 1; 1; 5,60798890339869
2775; 3; 0; 0; 1; 1; 4,488942139873
2776; 11; 0; 0; 1; 1; 11,1857671739802
2807; 11; 0; 0; 1; 1; 14,9143562319736
2810; 16; 11; 0; 0,0625; 0,0625; 5,87319717987008
2822; 4; 0; 0; 1; 1; 12,8146554615334
2822; 17; 0; 0; 1; 1; 11,2734819872138
2832; 10; 0; 0; 1; 1; 4,20603442676378
2838; 11; 0; 0; 1; 1; 11,1857671739802
2853; 3; 0; 0; 1; 1; 4,48639112271896
2856; 2; 0; 0; 1; 1; 11,283719769679
2858; 17; 9; 0; 0,0588235294117647; 0,0588235294117647; 7,51565465814252
2872; 2; 0; 0; 1; 1; 6,43174149605022
2874; 2; 1; 0; 1; 0; 6,8954258131259
2875; 16; 0; 0; 1; 1; 10,0185789516893
2878; 2; 0; 0; 1; 1; 7,5006905626522
2883; 16; 0; 0; 1; 1; 11,2709013206505
2911; 10; 0; 0; 1; 1; 5,63625654281885
2921; 14; 3; 0; 0,0714285714285714; 0,0714285714285714; 5,29270157451767
2936; 20; 0; 0; 1; 1; 9,04048321140073
2952; 10; 0; 0; 1; 1; 8,41206885352755
2957; 2; 0; 0; 1; 1; 5,6159532593715
2963; 3; 0; 0; 1; 1; 6,16069792987856
2973; 2; 0; 0; 0,5; 0,5; 4,28434885172017
2992; 2; 0; 0; 1; 1; 8,39107575152825
3011; 2; 0; 0; 1; 1; 9,58980085888943
3011; 10; 0; 0; 1; 1; 7,51500872375846
3018; 2; 1; 0; 1; 0; 7,48370731148038
3060; 2; 0; 0; 1; 1; 11,2689070200935
3063; 10; 0; 0; 1; 1; 7,03442434358047
3082; 3; 0; 0; 1; 1; 5,32313017366912
3095; 16; 0; 0; 1; 1; 6,44051504037169
3103; 3; 0; 0; 1; 1; 13,466826419619
3121; 2; 0; 0; 0,5; 0,5; 10,3976366888163
3129; 16; 0; 0; 1; 1; 12,8906040512559
3152; 3; 0; 0; 1; 1; 9,0493212952375
3158; 2; 0; 0; 1; 1; 15,0702354928452
3160; 2; 1; 0; 0,5; 0,5; 5,38608800504633
3212; 22; 14; 0; 0,0454545454545455; 0,0454545454545455; 13,541030731019
3214; 3; 0; 0; 1; 1; 9,61916172829929
3220; 11; 0; 0; 0,0909090909090909; 0,0909090909090909; 12,2230812634013
3225; 10; 0; 0; 1; 1; 9,61379297546006
3226; 2; 1; 0; 1; 0; 5,19016908463506
3229; 13; 0; 0; 1; 1; 11,2263590296928
3229; 2; 0; 0; 1; 1; 12,8787508801069
3247; 2; 1; 0; 0,5; 0,5; 7,50704541497009
3270; 2; 0; 0; 1; 1; 9,04836159395561
3284; 3; 0; 0; 1; 1; 4,48639112271896
3304; 2; 0; 0; 1; 1; 6,42408687986081
3315; 2; 0; 0; 1; 1; 6,42916333941617
3316; 10; 0; 0; 1; 1; 5,96357850212189
3321; 16; 0; 0; 1; 1; 5,0130126865995
3324; 2; 0; 0; 1; 1; 6,42408687986081
3327; 19; 0; 0; 1; 1; 6,75739697364083
3329; 11; 2; 0; 0,0909090909090909; 0,0909090909090909; 1,54286443779038
3332; 19; 0; 0; 1; 1; 10,3959953440628
3336; 3; 0; 0; 1; 1; 4,48639112271896
3355; 2; 0; 0; 1; 1; 7,54030132829634
3369; 10; 0; 0; 1; 1; 6,88314276998924
3395; 22; 1; 0; 0,0454545454545455; 0,0454545454545455; 9,02735382067934
3402; 2; 0; 0; 0,5; 0,5; 5,17893077408301
3420; 2; 0; 0; 1; 1; 7,92071765447989
3432; 4; 0; 0; 1; 1; 8,99274689848343
3475; 2; 0; 0; 1; 1; 5,30301506827929
3484; 10; 4; 0; 0,1; 0,1; 2,48557933360723
3486; 3; 0; 0; 1; 1; 4,488942139873
3486; 2; 0; 0; 1; 1; 6,43375455484415
3515; 10; 0; 0; 1; 1; 5,60168397155778
3527; 2; 0; 0; 1; 1; 9,00082867518264
3539; 3; 0; 0; 1; 1; 7,54110107936458
3550; 2; 0; 0; 1; 1; 9,00082867518264
3559; 10; 0; 0; 1; 1; 4,20603442676378
3562; 2; 0; 0; 1; 1; 7,5006905626522
3567; 16; 0; 0; 1; 1; 12,8906040512559
3570; 16; 0; 0; 1; 1; 15,0278684275339
3585; 10; 0; 0; 1; 1; 5,18838670457351
3586; 2; 0; 0; 1; 1; 7,08695790137674
3593; 2; 0; 0; 1; 1; 5,62320786788273
3594; 3; 0; 0; 1; 1; 8,22665572294318
3600; 3; 0; 0; 1; 1; 9,0493212952375
3604; 2; 0; 0; 1; 1; 5,62777380904394
3611; 3; 2; 0; 0,333333333333333; 0,333333333333333; 13,5535354457328
3676; 10; 0; 0; 1; 1; 11,1817096914785
3695; 10; 0; 0; 1; 1; 12,78297942998
3697; 10; 0; 0; 1; 1; 11,215686962354
3701; 3; 0; 0; 1; 1; 6,39776682696593
3752; 3; 0; 0; 1; 1; 8,41198335509804
3764; 18; 0; 0; 1; 1; 6,40963958641736
3795; 2; 0; 0; 1; 1; 8,99372163180514
3798; 11; 0; 0; 1; 1; 6,39186695656013
3805; 3; 0; 0; 1; 1; 8,41676651226188
3806; 3; 0; 0; 1; 1; 4,48639112271896
3809; 4; 0; 0; 1; 1; 7,49395574873619
3817; 10; 0; 0; 1; 1; 5,63950976996046
3817; 2; 0; 0; 1; 1; 6,93471201236523
3822; 16; 2; 0; 0,0625; 0,0625; 6,140160688046
3824; 2; 0; 0; 1; 1; 6,43174149605022
3824; 2; 0; 0; 1; 1; 6,43937544005343
3843; 16; 0; 0; 1; 1; 11,2792785448489
3846; 2; 0; 0; 1; 1; 7,52166783989366
3942; 2; 0; 0; 1; 1; 9,00082867518264
3958; 2; 1; 0; 0,5; 0,5; 5,38608800504633
3962; 10; 0; 0; 1; 1; 11,1859788881209
3964; 2; 0; 0; 1; 1; 11,1881010020377
3984; 20; 0; 0; 1; 1; 10,0449813460008
3997; 10; 0; 0; 1; 1; 4,80689648773003
4029; 11; 0; 0; 1; 1; 11,2130168541432
4030; 2; 0; 0; 1; 1; 5,62107601987821
4039; 2; 0; 0; 1; 1; 6,93471201236523
4055; 16; 0; 0; 1; 1; 12,8810300807434
4069; 22; 0; 0; 1; 1; 15,0455897011322
4083; 10; 0; 0; 1; 1; 7,96552276383727
4108; 2; 1; 0; 1; 0; 5,97907204056548
4125; 3; 0; 0; 1; 1; 11,2223553496825
4125; 16; 0; 0; 1; 1; 13,5285260163052
4129; 10; 0; 0; 1; 1; 7,96552276383727
4144; 2; 0; 0; 1; 1; 9,58980085888943
4153; 2; 0; 0; 1; 1; 6,59871175500836
4193; 4; 0; 0; 1; 1; 12,8146554615334
4193; 2; 0; 0; 1; 1; 11,3104519924445
4195; 10; 0; 0; 1; 1; 8,9809596228165
4207; 16; 14; 0; 0,0625; 0,0625; 5,87319717987008
4223; 18; 0; 0; 1; 1; 5,62936832262032
4225; 10; 0; 0; 1; 1; 7,51500872375846
4242; 2; 0; 0; 1; 1; 6,75634087347308
4245; 13; 0; 0; 1; 1; 7,924488726842
4258; 13; 2; 0; 1; 0; 6,41506230268162
4273; 22; 0; 0; 1; 1; 6,77051536550951
4278; 20; 0; 0; 1; 1; 11,3006040142509
4293; 3; 1; 0; 0,333333333333333; 0,333333333333333; 13,8420684987848
4294; 2; 0; 0; 1; 1; 6,43174149605022
4317; 3; 0; 0; 0,333333333333333; 0,333333333333333; 9,68109674695202
4331; 10; 0; 0; 1; 1; 8,4633679365771
4335; 4; 0; 0; 1; 1; 11,2128235288417
4339; 3; 0; 0; 1; 1; 5,2882189882749
4354; 2; 0; 0; 1; 1; 7,0523248560494
4372; 2; 0; 0; 1; 1; 11,1881010020377
4372; 10; 0; 0; 1; 1; 7,51500872375846
4379; 2; 0; 0; 1; 1; 4,47524040081507
4392; 2; 0; 0; 1; 1; 5,6182843965829
4436; 2; 0; 0; 1; 1; 7,02315061497677
4479; 10; 2; 0; 1; 0; 7,18676491837611
4486; 20; 0; 0; 1; 1; 8,21862110127339
4497; 2; 0; 0; 1; 1; 6,93471201236523
4503; 16; 0; 0; 1; 1; 12,9149821655812
4503; 11; 0; 0; 1; 1; 4,97145207732455
4512; 20; 0; 0; 1; 1; 9,04048321140073
4517; 3; 0; 0; 1; 1; 4,80684763148459
4523; 4; 0; 0; 1; 1; 6,91749761421802
4523; 2; 0; 0; 1; 1; 9,00082867518264
4528; 2; 0; 0; 1; 1; 7,5060469806515
4534; 18; 15; 0; 0,0555555555555555; 0,0555555555555555; 6,14908755099953
4565; 10; 0; 0; 1; 1; 5,59255350061626
4580; 2; 0; 0; 1; 1; 7,5006905626522
4592; 16; 0; 0; 1; 1; 13,5285260163052
4598; 2; 0; 0; 1; 1; 12,2217494401924
4614; 18; 0; 0; 1; 1; 6,40963958641736
4622; 10; 0; 0; 1; 1; 8,41206885352755
4628; 10; 0; 0; 1; 1; 5,17665775601695
4634; 4; 0; 0; 1; 1; 7,49395574873619
4645; 4; 0; 0; 1; 1; 9,96695424785928
4645; 2; 0; 0; 1; 1; 9,04836159395561
4670; 2; 0; 0; 1; 1; 9,58980085888943
4686; 4; 0; 0; 1; 1; 6,73050508796409
4704; 10; 0; 0; 1; 1; 14,9089462553047
4706; 2; 0; 0; 1; 1; 12,8787508801069
4710; 3; 0; 0; 1; 1; 5,60938274195259
4734; 2; 0; 0; 1; 1; 9,00082867518264
4747; 10; 4; 0; 0,1; 0,1; 7,52060334340831
4755; 10; 0; 0; 1; 1; 4,80689648773003
4765; 2; 0; 0; 1; 1; 7,5006905626522
4771; 3; 0; 0; 1; 1; 8,41676651226188
4783; 2; 0; 0; 1; 1; 11,2689070200935
4784; 2; 0; 0; 1; 1; 7,49476802650428
4812; 16; 0; 0; 1; 1; 12,8906040512559
4845; 2; 1; 0; 1; 0; 6,24144692506314
4877; 10; 0; 0; 1; 1; 5,18132285931721
4919; 2; 0; 0; 1; 1; 11,2421520397564
4924; 2; 1; 0; 1; 0; 4,99746712447213
4927; 2; 0; 0; 1; 1; 4,02989991774251
4932; 2; 0; 0; 1; 1; 3,09974311535608
4932; 2; 0; 0; 1; 1; 7,5060469806515
4933; 2; 0; 0; 1; 1; 7,45873400135844
4954; 17; 0; 0; 1; 1; 6,1491719930257
4965; 2; 1; 0; 1; 0; 4,97069948636901
4968; 13; 0; 0; 1; 1; 13,4731192257973
4970; 10; 0; 0; 1; 1; 7,47739453646893
4972; 3; 0; 0; 1; 1; 8,41676651226188
4972; 2; 0; 0; 1; 1; 5,62953523548863
5003; 4; 0; 0; 1; 1; 12,8146554615334
5067; 3; 0; 0; 1; 1; 9,61916172829929
5067; 16; 0; 0; 1; 1; 6,14933000741146
5073; 2; 1; 0; 1; 0; 6,60859086183156
5077; 18; 0; 0; 1; 1; 6,92845332014809
5090; 10; 0; 0; 1; 1; 4,80689648773003
5134; 3; 0; 0; 1; 1; 6,12547878421139
5144; 10; 0; 0; 1; 1; 6,44623143720712
5153; 10; 0; 0; 1; 1; 5,20570132611734
5188; 2; 0; 0; 1; 1; 7,54030132829634
5200; 2; 0; 0; 1; 1; 3,72936700067922
5203; 2; 0; 0; 1; 1; 6,42408687986081
5211; 2; 1; 0; 1; 0; 4,73118686028034
5223; 16; 0; 0; 1; 1; 5,0130126865995
5227; 20; 0; 0; 1; 1; 8,21862110127339
5238; 2; 1; 0; 1; 0; 4,07664002765828
5263; 2; 0; 0; 1; 1; 5,30301506827929
5291; 11; 0; 0; 1; 1; 11,1857671739802
5298; 2; 0; 0; 1; 1; 15,0806026565927
5306; 3; 2; 0; 1; 0; 8,74138065177216
5311; 3; 2; 0; 1; 0; 7,47795198790619
5321; 2; 0; 0; 1; 1; 4,73118686028034
5324; 2; 0; 0; 1; 1; 3,74880524525515
5338; 2; 0; 0; 1; 1; 5,6159532593715
5343; 10; 0; 0; 1; 1; 15,0830293336287
5355; 2; 0; 0; 1; 1; 3,59885303544495
5355; 11; 0; 0; 1; 1; 7,45717811598682
5357; 11; 0; 0; 1; 1; 14,9143562319736
5359; 2; 0; 0; 1; 1; 7,47853998900947
5375; 2; 1; 0; 1; 0; 7,50776356888779
5396; 10; 0; 0; 1; 1; 11,215686962354
5402; 10; 0; 0; 1; 1; 5,20730850454176
5419; 3; 0; 0; 1; 1; 4,80804235024508
5435; 10; 0; 0; 1; 1; 4,80689648773003
5445; 2; 0; 0; 1; 1; 9,04836159395561
5456; 2; 0; 0; 1; 1; 5,28779707913684
5464; 2; 0; 0; 1; 1; 2,81476761774431
5481; 3; 0; 0; 1; 1; 4,28093918098444
5491; 4; 0; 0; 1; 1; 7,47521568589446
5518; 2; 0; 0; 1; 1; 6,59478242205421
5524; 10; 0; 0; 1; 1; 5,63950976996046
5526; 10; 0; 0; 1; 1; 6,13172974176869
5548; 3; 0; 0; 1; 1; 6,46380092516964
5564; 10; 0; 0; 1; 1; 11,1851070012325
5571; 10; 0; 0; 1; 1; 4,47404280049301
5575; 10; 0; 0; 1; 1; 5,27797033522543
5636; 2; 0; 0; 1; 1; 14,9146315099256
5662; 10; 0; 0; 1; 1; 8,94878311049675
5702; 16; 0; 0; 1; 1; 6,76426300815261
5716; 2; 1; 0; 1; 0; 4,66100955015905
5753; 2; 0; 0; 1; 1; 4,49686081590257
5759; 2; 0; 0; 1; 1; 5,62551792198915
5783; 10; 0; 0; 1; 1; 5,61309976426031
5795; 11; 0; 0; 1; 1; 11,1857671739802
5800; 3; 0; 0; 1; 1; 3,33830881432448
5804; 2; 0; 0; 1; 1; 5,00840312004155
5833; 2; 0; 0; 1; 1; 3,29935587750418
5853; 18; 0; 0; 1; 1; 6,8968272617654
5859; 2; 1; 0; 1; 0; 4,73118686028034
5889; 10; 0; 0; 1; 1; 4,22963232747034
5889; 2; 0; 0; 1; 1; 3,46735600618261
5892; 2; 0; 0; 1; 1; 2,49597922638733
5930; 10; 0; 0; 1; 1; 6,12338156101125
5932; 10; 0; 0; 1; 1; 8,19938714636043
5947; 10; 0; 0; 1; 1; 4,21553611102629
5951; 16; 0; 0; 1; 1; 13,5285260163052
5980; 14; 10; 0; 1; 0; 6,66488346420743
5993; 3; 0; 0; 1; 1; 4,488942139873
5996; 2; 0; 0; 1; 1; 15,0806026565927
6004; 2; 0; 0; 1; 1; 8,99372163180514
6026; 10; 8; 0; 0,1; 0,1; 3,83110528786589
6031; 2; 0; 0; 1; 1; 3,21326163879013
6032; 2; 0; 0; 1; 1; 7,49476802650428
6042; 3; 1; 0; 1; 0; 9,83405323324368
6055; 2; 0; 0; 1; 1; 9,00082867518264
6062; 3; 0; 0; 1; 1; 9,0493212952375
6066; 10; 0; 0; 1; 1; 6,42652823275422
6076; 2; 1; 0; 1; 0; 5,63055305656878
6083; 10; 0; 0; 1; 1; 6,76741172395255
6108; 10; 0; 0; 1; 1; 6,76950105590429
6112; 16; 0; 0; 1; 1; 11,3006093948836
6119; 13; 2; 0; 1; 0; 4,81129672701122
6125; 10; 0; 0; 1; 1; 5,27797033522543
6139; 3; 0; 0; 1; 1; 7,52974191429601
6153; 11; 0; 0; 1; 1; 4,47430686959209
6163; 14; 5; 0; 0,0714285714285714; 0,0714285714285714; 3,46061256795386
6206; 4; 0; 0; 1; 1; 9,96695424785928
6206; 16; 0; 0; 1; 1; 11,2737716802543
6209; 10; 7; 0; 0,1; 0,1; 2,29438092332975
6224; 10; 0; 0; 1; 1; 7,45447312765236
6229; 18; 0; 0; 1; 1; 5,60843463811519
6231; 20; 0; 0; 1; 1; 5,02249067300041
6236; 4; 0; 0; 1; 1; 8,97025882307336
6236; 2; 0; 0; 1; 1; 9,04836159395561
6268; 3; 0; 0; 1; 1; 5,17954862293039
6281; 3; 0; 0; 1; 1; 5,97124903850153
6283; 17; 0; 0; 1; 1; 5,63674099360689
6292; 2; 0; 0; 1; 1; 5,59405050101883
6297; 3; 0; 0; 1; 1; 7,48157023312167
6301; 3; 0; 0; 1; 1; 8,41676651226188
6301; 3; 2; 0; 1; 0; 4,21126666414533
6321; 2; 0; 0; 1; 1; 5,00403132043434
6323; 3; 0; 0; 1; 1; 5,65582580952344
6334; 2; 0; 0; 1; 1; 5,33863338928198
6341; 2; 1; 0; 1; 0; 4,99403057474035
6341; 10; 9; 0; 0,1; 0,1; 11,2809050151125
6343; 10; 0; 0; 1; 1; 10,0274711245444
6346; 10; 0; 0; 1; 1; 7,00210496444723
6379; 16; 12; 0; 0,0625; 0,0625; 3,8595295753432
6453; 10; 0; 0; 1; 1; 6,2528216387382
6463; 2; 1; 0; 1; 0; 6,73557122092983
6464; 3; 0; 0; 1; 1; 9,61916172829929
6495; 10; 0; 0; 1; 1; 4,51379623284112
6503; 10; 1; 0; 0,1; 0,1; 4,50154871324242
6504; 10; 0; 0; 1; 1; 6,93794296999729
6507; 22; 0; 0; 1; 1; 9,67216480787073
6511; 10; 0; 0; 1; 1; 4,09498042947663
6511; 11; 0; 0; 1; 1; 11,1857671739802
6515; 13; 2; 0; 1; 0; 4,9894929020857
6523; 10; 0; 0; 1; 1; 5,20570132611734
6526; 2; 1; 0; 1; 0; 4,28059763549173
6526; 2; 0; 0; 1; 1; 11,3104519924445
6543; 2; 1; 0; 1; 0; 5,18998465002621
6549; 2; 0; 0; 1; 1; 2,99641834484421
6569; 2; 0; 0; 1; 1; 7,49476802650428
6615; 2; 0; 0; 1; 1; 7,5006905626522
6675; 2; 0; 0; 1; 1; 3,74552293105527
6678; 14; 10; 0; 1; 0; 4,68474092743879
6682; 11; 0; 0; 1; 1; 7,45717811598682
6704; 14; 1; 0; 0,0714285714285714; 0,0714285714285714; 4,08981485303638
6718; 2; 1; 0; 1; 0; 4,6794665945878
6718; 13; 0; 0; 1; 1; 13,4731192257973
6730; 3; 0; 0; 1; 1; 6,12128473619046
6739; 10; 0; 0; 1; 1; 6,1540918690039
6749; 2; 1; 0; 1; 0; 5,91467310207642
6753; 2; 0; 0; 1; 1; 4,99651201766952
6767; 2; 0; 0; 1; 1; 5,99808839240824
6767; 11; 0; 0; 1; 1; 4,47430686959209
6787; 20; 0; 0; 1; 1; 6,02698880760049
6794; 2; 0; 0; 1; 1; 3,19660028629648
6824; 2; 0; 0; 1; 1; 3,051300273283
6836; 20; 0; 0; 1; 1; 6,02698880760049
6836; 2; 0; 0; 1; 1; 3,051300273283
6837; 2; 1; 0; 1; 0; 9,38470446110974
6863; 2; 0; 0; 1; 1; 7,92071765447989
6866; 10; 0; 0; 1; 1; 3,90218949048836
6898; 2; 1; 0; 0,5; 0,5; 3,64701624055896
6900; 10; 6; 0; 0,1; 0,1; 4,81122836936598
6901; 2; 0; 0; 1; 1; 5,97907204056548
6903; 2; 0; 0; 1; 1; 6,44260944319719
6907; 10; 0; 0; 1; 1; 6,3895483951306
6909; 2; 0; 0; 1; 1; 6,01310214698404
6912; 10; 0; 0; 1; 1; 5,2026983472174
6918; 2; 0; 0; 1; 1; 6,42916333941617
6923; 10; 0; 0; 1; 1; 4,25969893008706
6936; 18; 1; 0; 1; 0; 5,20307408161499
6937; 2; 1; 0; 0,5; 0,5; 2,98801785235456
6942; 3; 2; 0; 1; 0; 4,35533991892973
6960; 2; 0; 0; 1; 1; 5,00246560803906
6970; 16; 0; 0; 1; 1; 5,87319717987008
6986; 10; 0; 0; 1; 1; 2,49246484548964
6989; 16; 0; 0; 1; 1; 5,60113830716406
7011; 16; 0; 0; 1; 1; 5,30789578581124
7034; 2; 0; 0; 1; 1; 5,98084465424364
7039; 2; 0; 0; 1; 1; 6,43174149605022
7040; 16; 0; 0; 1; 1; 8,21862501446077
7047; 2; 1; 0; 1; 0; 3,51926417291615
7077; 11; 0; 0; 1; 1; 5,59288358699011
7092; 10; 0; 0; 1; 1; 5,88652265730808
7110; 2; 1; 0; 1; 0; 3,75370203771252
7130; 11; 0; 0; 1; 1; 11,1857671739802
7139; 11; 0; 0; 1; 1; 5,59288358699011
7140; 2; 0; 0; 1; 1; 7,5006905626522
7143; 16; 0; 0; 1; 1; 5,30789578581124
7154; 2; 0; 0; 1; 1; 2,17391739072445
7155; 10; 0; 0; 1; 1; 4,01967105347455
7175; 16; 0; 0; 1; 1; 18,0809750318137
7200; 16; 0; 0; 1; 1; 5,63688584012717
7244; 2; 0; 0; 1; 1; 3,75302349032575
7262; 10; 0; 0; 1; 1; 8,94808560098602
7266; 10; 0; 0; 1; 1; 7,46891196207704
7270; 2; 0; 0; 1; 1; 2,69565756449832
7278; 10; 0; 0; 1; 1; 9,93929750353649
7279; 10; 0; 0; 1; 1; 6,40896397848802
7283; 2; 1; 0; 1; 0; 6,4364352554184
7287; 18; 1; 0; 1; 0; 4,87015235420138
7303; 10; 0; 0; 1; 1; 8,94878311049675
7314; 3; 1; 0; 1; 0; 4,09137992384308
7316; 10; 0; 0; 1; 1; 9,01932586099647
7332; 10; 0; 0; 1; 1; 11,2261995285206
7334; 2; 0; 0; 1; 1; 9,00082867518264
7335; 20; 0; 0; 1; 1; 4,1093105506367
7335; 11; 0; 0; 1; 1; 11,1857671739802
7344; 2; 0; 0; 1; 1; 11,3104519924445
7345; 3; 0; 0; 1; 1; 6,96101638095192
7364; 10; 0; 0; 1; 1; 3,34049105962832
7383; 2; 0; 0; 1; 1; 4,79490042944471
7415; 10; 0; 0; 1; 1; 3,20459765848669
7418; 2; 0; 0; 1; 1; 4,4927626074972
7437; 10; 0; 0; 1; 1; 7,48413301901375
7449; 16; 0; 0; 1; 1; 6,14933000741146
7454; 10; 0; 0; 1; 1; 6,1521924763205
7473; 10; 0; 0; 1; 1; 5,18835213664775
7497; 3; 0; 0; 1; 1; 8,22665572294318
7522; 16; 0; 0; 1; 1; 5,63963927242444
7528; 2; 0; 0; 1; 1; 15,0806026565927
7532; 10; 0; 0; 1; 1; 5,65613600011077
7538; 2; 1; 0; 1; 0; 6,13325510730671
7550; 2; 0; 0; 1; 1; 3,09974311535608
7552; 16; 0; 0; 1; 1; 12,9149821655812
7552; 11; 0; 0; 1; 1; 2,63194521740711
7571; 10; 0; 0; 1; 1; 7,45447312765236
7580; 16; 0; 0; 1; 1; 12,9149821655812
7582; 13; 0; 0; 1; 1; 4,21034975806166
7584; 2; 0; 0; 1; 1; 5,37319989032335
7617; 10; 0; 0; 1; 1; 6,40896397848802
7624; 10; 0; 0; 1; 1; 6,76350785138261
7626; 2; 1; 0; 0,5; 0,5; 3,20988699003247
7646; 18; 1; 0; 1; 0; 5,63666358841623
7651; 2; 0; 0; 1; 1; 9,00082867518264
7662; 2; 0; 0; 1; 1; 3,08578582963979
7662; 10; 0; 0; 1; 1; 3,60773034439859
7663; 4; 0; 0; 1; 1; 5,60875423997007
7668; 3; 0; 0; 1; 1; 13,5535354457328
7685; 3; 0; 0; 1; 1; 3,05966331379232
7700; 2; 1; 0; 1; 0; 4,3210017173514
7701; 10; 0; 0; 1; 1; 7,51934635994727
7702; 10; 0; 0; 1; 1; 2,49246484548964
7702; 2; 0; 0; 1; 1; 6,43937544005343
7703; 16; 0; 0; 1; 1; 5,63963927242444
7712; 11; 0; 0; 1; 1; 1,65715069244152
7721; 2; 0; 0; 1; 1; 4,99651201766952
7724; 16; 0; 0; 1; 1; 6,14933000741146
7731; 2; 1; 0; 1; 0; 5,27845090791968
7739; 10; 0; 0; 1; 1; 6,88314276998924
7748; 10; 0; 0; 1; 1; 3,86098154779225
7752; 2; 0; 0; 1; 1; 6,91481156502511
7754; 3; 0; 0; 1; 1; 2,24749307001683
7784; 10; 0; 0; 1; 1; 3,75805244208186
7796; 10; 0; 0; 1; 1; 6,1521924763205
7820; 3; 0; 0; 1; 1; 6,96101638095192
7832; 3; 2; 0; 1; 0; 6,12547878421139
7839; 2; 0; 0; 1; 1; 5,00246560803906
7841; 16; 0; 0; 1; 1; 11,3006093948836
7841; 11; 0; 0; 1; 1; 5,59288358699011
7843; 2; 0; 0; 1; 1; 4,49462751726632
7869; 20; 0; 0; 1; 1; 3,76686800475031
7869; 2; 0; 0; 1; 1; 4,70908372392854
7884; 10; 0; 0; 1; 1; 4,27264265232535
7886; 2; 0; 0; 1; 1; 6,01008374404987
7921; 10; 0; 0; 1; 1; 2,69186203312882
7937; 3; 0; 0; 1; 1; 8,22665572294318
7939; 2; 0; 0; 1; 1; 3,32996965500607
7959; 2; 0; 0; 1; 1; 4,50041433759132
7966; 10; 0; 0; 1; 1; 5,63059809053036
7974; 2; 0; 0; 1; 1; 3,09354033840188
7983; 10; 0; 0; 1; 1; 5,6422452910514
7989; 10; 0; 0; 1; 1; 4,98942201267583
8007; 10; 0; 0; 1; 1; 3,36482754141102
8012; 3; 0; 0; 1; 1; 3,54390168937342
8019; 10; 0; 0; 1; 1; 6,1521924763205
8041; 10; 0; 0; 1; 1; 6,76741172395255
8050; 3; 0; 0; 1; 1; 4,76280068170395
8090; 3; 0; 0; 1; 1; 4,20838325613094
8125; 10; 0; 0; 1; 1; 3,22118780749874
8130; 2; 0; 0; 1; 1; 6,00295872964687
8130; 2; 0; 0; 1; 1; 4,09778437094309
8136; 10; 0; 0; 1; 1; 4,97154617249819
8140; 2; 0; 0; 1; 1; 6,43174149605022
8183; 2; 0; 0; 0,5; 0,5; 2,74014743051552
8194; 17; 0; 0; 0,0588235294117647; 0,0588235294117647; 6,1491719930257
8197; 2; 0; 0; 1; 1; 1,90367214371579
8206; 3; 0; 0; 1; 1; 4,80958086414964
8206; 2; 0; 0; 1; 1; 3,75302349032575
8209; 19; 0; 0; 1; 1; 6,75739697364083
8214; 10; 0; 0; 1; 1; 3,44052605891648
8214; 10; 0; 0; 1; 1; 8,22710690925202
8215; 10; 0; 0; 1; 1; 3,98083042585444
8224; 16; 0; 0; 1; 1; 6,44530202562793
8253; 3; 0; 0; 1; 1; 6,46380092516964
8286; 20; 0; 0; 1; 1; 4,75814905863196
8304; 2; 0; 0; 1; 1; 5,16373892401738
8307; 2; 1; 0; 0,5; 0,5; 4,80900714736279
8312; 2; 0; 0; 1; 1; 2,80797662968575
8336; 3; 0; 0; 1; 1; 10,0548014391528
8357; 3; 0; 0; 1; 1; 5,21289824835878
8359; 3; 0; 0; 1; 1; 11,3116516190469
8366; 2; 0; 0; 1; 1; 6,46311542425401
8369; 2; 0; 0; 1; 1; 5,65522599622226
8373; 3; 0; 0; 1; 1; 8,47095965358302
8375; 10; 0; 0; 1; 1; 3,76030167170416
8389; 2; 0; 0; 1; 1; 7,54030132829634
8400; 2; 0; 0; 1; 1; 3,46735600618261
8408; 3; 0; 0; 1; 1; 8,41676651226188
8413; 16; 0; 0; 1; 1; 10,0449861287854
8436; 2; 1; 0; 0,5; 0,5; 11,1840738443303
8445; 3; 0; 0; 1; 1; 11,294612871444
8451; 10; 0; 0; 1; 1; 3,61992704007089
8456; 2; 1; 0; 0,5; 0,5; 4,50422724898205
8462; 2; 1; 0; 1; 0; 11,2532079024208
8489; 16; 0; 0; 1; 1; 12,9149821655812
8496; 2; 0; 0; 1; 1; 9,0151256160748
8505; 2; 0; 0; 1; 1; 4,49686081590257
8508; 19; 3; 0; 0,0526315789473684; 0,0526315789473684; 5,00547923973395
8512; 2; 0; 0; 0,5; 0,5; 2,55331919661674
8530; 3; 0; 0; 1; 1; 8,22665572294318
8536; 2; 0; 0; 1; 1; 6,42916333941617
8545; 16; 0; 0; 1; 1; 7,53373959658904
8548; 19; 2; 0; 1; 0; 4,7336163849698
8550; 2; 0; 0; 1; 1; 4,50041433759132
8565; 10; 0; 0; 1; 1; 6,14247064421494
8600; 10; 0; 0; 1; 1; 7,46891196207704
8605; 10; 0; 0; 1; 1; 8,41964964639047
8606; 2; 0; 0; 1; 1; 5,6159532593715
8608; 2; 0; 0; 1; 1; 10,357861548166
8609; 2; 0; 0; 1; 1; 6,61748002262941
8623; 16; 0; 0; 1; 1; 9,04048751590685
8625; 10; 0; 0; 1; 1; 2,3205707182145
8627; 18; 0; 0; 1; 1; 4,18929735636861
8650; 10; 7; 0; 0,1; 0,1; 7,52060334340831
8655; 4; 2; 0; 0,25; 0,25; 2,13577591025556
8655; 2; 0; 0; 1; 1; 5,62953523548863
8674; 3; 0; 0; 1; 1; 5,02740071957639
8701; 10; 0; 0; 1; 1; 3,76083391994683
8703; 2; 0; 0; 1; 1; 4,36016581819307
8705; 2; 0; 0; 1; 1; 6,7128606012226
8713; 2; 1; 0; 0,5; 0,5; 2,61269871281713
8713; 2; 0; 0; 1; 1; 5,00840312004155
8724; 2; 0; 0; 1; 1; 3,77015066414817
8728; 2; 0; 0; 1; 1; 3,21204343993041
8754; 2; 0; 0; 1; 1; 5,37319989032335
8757; 2; 0; 0; 1; 1; 7,45873400135844
8793; 3; 0; 0; 1; 1; 9,61369526296919
8796; 10; 0; 0; 1; 1; 3,10246190546755
8803; 2; 0; 0; 1; 1; 6,95549330439008
8810; 16; 0; 0; 1; 1; 4,52024375795343
8820; 4; 2; 0; 1; 0; 3,20847696267236
8823; 16; 0; 0; 1; 1; 10,0449861287854
8827; 2; 1; 0; 1; 0; 2,9376798556011
8831; 10; 0; 0; 1; 1; 4,96964875176824
8834; 2; 0; 0; 1; 1; 6,24280054664602
8839; 2; 0; 0; 1; 1; 6,7128606012226
8865; 3; 1; 0; 1; 0; 11,2436046970747
8889; 3; 0; 0; 1; 1; 8,47095965358302
8902; 2; 0; 0; 1; 1; 5,6159532593715
8903; 2; 0; 0; 1; 1; 5,6159532593715
8904; 2; 0; 0; 1; 1; 4,74480295582884
8909; 16; 0; 0; 1; 1; 8,21862501446077
8922; 10; 0; 0; 1; 1; 3,34049105962832
8926; 2; 0; 0; 1; 1; 2,71856575192893
8926; 10; 0; 0; 1; 1; 2,43765563810716
8935; 22; 0; 0; 1; 1; 5,41641229240761
8936; 2; 0; 0; 1; 1; 11,1840738443303
8948; 2; 0; 0; 1; 1; 5,00840312004155
8949; 3; 0; 0; 1; 1; 10,0548014391528
8951; 16; 0; 0; 1; 1; 4,7581513241615
8956; 3; 0; 0; 1; 1; 4,52466064761875
8961; 16; 0; 0; 1; 1; 8,21862501446077
8962; 3; 0; 0; 1; 1; 6,12547878421139
8975; 10; 0; 0; 1; 1; 8,13215250289349
8975; 10; 0; 0; 1; 1; 4,30943695246535
8978; 2; 0; 0; 1; 1; 3,53308452695926
8994; 2; 1; 0; 1; 0; 6,40954753104532
9010; 10; 0; 0; 1; 1; 4,70988584762987
9018; 2; 0; 0; 1; 1; 3,051300273283
9039; 2; 0; 0; 1; 1; 7,5006905626522
9040; 16; 0; 0; 1; 1; 5,63963927242444
9060; 16; 0; 0; 1; 1; 6,40130092247321
9069; 3; 0; 0; 1; 1; 3,36562964517156
9088; 2; 1; 0; 1; 0; 5,10812676997509
9089; 2; 0; 0; 1; 1; 4,74480295582884
9090; 10; 0; 0; 1; 1; 7,45673800082168
9117; 2; 1; 0; 1; 0; 4,81898615574098
9123; 3; 0; 0; 1; 1; 13,5535354457328
9172; 3; 2; 0; 1; 0; 4,37830410602799
9178; 2; 0; 0; 1; 1; 5,12896353167229
9198; 20; 0; 0; 1; 1; 8,21862110127339
9203; 10; 0; 0; 1; 1; 4,10272791266927
9204; 2; 0; 0; 1; 1; 4,5036281883909
9205; 20; 0; 0; 1; 1; 8,21862110127339
9213; 20; 0; 0; 1; 1; 6,45748800814338
9253; 2; 0; 0; 1; 1; 6,43174149605022
9253; 2; 0; 0; 1; 1; 3,75630234003117
9258; 3; 0; 0; 1; 1; 8,22665572294318
9260; 16; 0; 0; 1; 1; 10,0449861287854
9287; 16; 0; 0; 1; 1; 5,0130126865995
9298; 16; 0; 0; 1; 1; 6,93593927424644
9314; 10; 0; 0; 1; 1; 5,20822642250899
9318; 2; 0; 0; 1; 1; 4,08805528718415
9331; 16; 0; 0; 1; 1; 12,8810300807434
9360; 2; 0; 0; 1; 1; 3,09354033840188
9371; 2; 0; 0; 1; 1; 6,91609082193569
9389; 2; 1; 0; 0,5; 0,5; 2,55331919661674
9419; 3; 1; 0; 1; 0; 3,21111942309998
9421; 3; 0; 0; 1; 1; 16,941919307166
9423; 2; 0; 0; 1; 1; 4,09778437094309
9436; 10; 0; 0; 1; 1; 6,22409330173087
9446; 2; 0; 0; 1; 1; 4,09420744399173
9451; 3; 0; 0; 1; 1; 4,76280068170395
9456; 18; 1; 0; 1; 0; 4,8314259329282
9462; 16; 0; 0; 1; 1; 5,63963927242444
9464; 2; 0; 0; 1; 1; 2,80966189641137
9472; 2; 0; 0; 1; 1; 3,5034781617163
9477; 2; 1; 0; 1; 0; 4,50550467879288
9495; 10; 0; 0; 1; 1; 2,40344824386501
9509; 11; 8; 0; 0,0909090909090909; 0,0909090909090909; 10,342607222878
9523; 18; 1; 0; 1; 0; 6,40184064509949
9536; 22; 3; 0; 1; 0; 5,41641229240761
9560; 10; 0; 0; 1; 1; 6,01288390733098
9609; 3; 0; 0; 1; 1; 3,96083129988794
9615; 13; 2; 0; 1; 0; 4,08231237443376
9620; 16; 0; 0; 1; 1; 4,50950867210174
9662; 2; 0; 0; 1; 1; 11,1881010020377
9671; 10; 0; 0; 1; 1; 3,38370586197627
9671; 10; 0; 0; 1; 1; 4,1685477591588
9726; 11; 0; 0; 1; 1; 11,1857671739802
9726; 2; 0; 0; 1; 1; 8,19968474588733
9738; 3; 0; 0; 1; 1; 5,63339612417256
9746; 10; 0; 0; 1; 1; 4,97115866721445
9752; 2; 0; 0; 1; 1; 7,93980929630855
9758; 2; 0; 0; 1; 1; 7,54030132829634
9772; 2; 0; 0; 1; 1; 11,3104519924445
9773; 10; 0; 0; 1; 1; 6,44237561499748
9774; 16; 11; 0; 0,0625; 0,0625; 3,342008457733
9777; 2; 0; 0; 1; 1; 3,83312418753052
9787; 10; 0; 0; 1; 1; 5,59298944406047
9807; 3; 0; 0; 1; 1; 3,54390168937342
9808; 3; 1; 0; 1; 0; 5,62180234853733
9826; 13; 2; 0; 1; 0; 4,20988463613481
9826; 2; 0; 0; 1; 1; 2,90810503744348
9833; 2; 0; 0; 1; 1; 5,65522599622226
9834; 2; 1; 0; 1; 0; 4,32815688554646
9834; 2; 0; 0; 1; 1; 4,09420744399173
9841; 2; 0; 0; 1; 1; 7,45873400135844
9842; 2; 1; 0; 1; 0; 4,50128316096832
9881; 13; 0; 0; 1; 1; 9,62365658985521
9884; 2; 0; 0; 1; 1; 6,46311542425401
9913; 2; 1; 0; 1; 0; 5,61730223255682
9917; 2; 1; 0; 1; 0; 4,68108519379735
9923; 18; 1; 0; 1; 0; 5,01036763414776
9928; 2; 0; 0; 1; 1; 11,1881010020377
9953; 2; 0; 0; 1; 1; 3,19660028629648
9981; 18; 1; 0; 1; 0; 5,20307408161499
9984; 2; 0; 0; 1; 1; 3,74738401325214
9988; 2; 0; 0; 1; 1; 5,62551792198915
10008; 2; 0; 0; 1; 1; 11,3104519924445
10022; 2; 1; 0; 1; 0; 5,00611630976986
10058; 4; 2; 0; 1; 0; 4,99096416415701
10061; 10; 0; 0; 1; 1; 3,38370586197627
10067; 10; 0; 0; 1; 1; 4,81778765424683
10084; 2; 0; 0; 1; 1; 4,87440439890963
10124; 2; 0; 0; 1; 1; 3,33893541336104
10131; 10; 0; 0; 1; 1; 3,46498344032638
10133; 2; 0; 0; 1; 1; 3,296710740585
10135; 2; 1; 0; 1; 0; 5,60253347316479
10161; 3; 0; 0; 1; 1; 5,64730643572201
10161; 3; 0; 0; 1; 1; 4,81287618759466
10172; 10; 4; 0; 0,1; 0,1; 3,98205944464958
10199; 2; 1; 0; 1; 0; 3,74845545001421
10200; 10; 0; 0; 1; 1; 3,72836900041084
10211; 2; 1; 0; 1; 0; 3,30315289029727
10221; 10; 0; 0; 1; 1; 5,40537416690915
10223; 3; 0; 0; 1; 1; 3,5822488140229
10227; 2; 1; 0; 1; 0; 13,4939600900682
10233; 10; 0; 0; 1; 1; 4,70988584762987
10233; 2; 0; 0; 1; 1; 8,19556874188618
10237; 16; 0; 0; 1; 1; 4,74916991362058
10239; 18; 0; 0; 1; 1; 5,60843463811519
10242; 2; 1; 0; 1; 0; 4,01900282229314
10249; 16; 0; 0; 1; 1; 3,92031350283494
10271; 2; 0; 0; 1; 1; 7,5006905626522
10298; 3; 0; 0; 1; 1; 8,47095965358302
10309; 10; 0; 0; 1; 1; 6,93794296999729
10313; 3; 0; 0; 1; 1; 6,46380092516964
10333; 2; 0; 0; 1; 1; 5,16373892401738
10337; 10; 0; 0; 1; 1; 2,94235292345763
10363; 10; 0; 0; 1; 1; 8,13525737317886
10364; 2; 0; 0; 1; 1; 3,21204343993041
10374; 3; 0; 0; 1; 1; 5,18309743279425
10378; 10; 0; 0; 1; 1; 3,75967317997364
10380; 2; 0; 0; 0,5; 0,5; 2,11175648667747
10385; 18; 1; 0; 1; 0; 7,07571860774154
10411; 10; 0; 0; 1; 1; 14,9089462553047
10411; 10; 0; 0; 1; 1; 6,46415542869802
10427; 16; 0; 0; 1; 1; 5,31793383288638
10431; 16; 0; 0; 1; 1; 5,17028151430529
10442; 18; 1; 0; 1; 0; 7,4688140859494
10453; 10; 0; 0; 1; 1; 6,39198793606911
10456; 10; 0; 0; 1; 1; 5,20730850454176
10494; 10; 0; 0; 1; 1; 5,41655547940934
10503; 10; 0; 0; 1; 1; 2,92593699253132
10508; 2; 0; 0; 1; 1; 6,41243609136934
10518; 11; 0; 0; 1; 1; 11,1857671739802
10526; 3; 0; 0; 1; 1; 3,76487095714801
10528; 2; 0; 0; 1; 1; 6,4586723540765
10544; 4; 0; 0; 1; 1; 4,07739037412425
10545; 4; 0; 0; 1; 1; 3,32231808261976
10553; 3; 0; 0; 1; 1; 3,3173605769453
10575; 3; 0; 0; 1; 1; 8,22665572294318
10576; 10; 0; 0; 1; 1; 4,96964875176824
10580; 16; 0; 0; 1; 1; 5,40334140548048
10586; 10; 0; 0; 1; 1; 4,22963232747034
10588; 2; 0; 0; 1; 1; 4,09984237286228
10602; 2; 0; 0; 1; 1; 4,02989991774251
10609; 10; 0; 0; 1; 1; 3,37245135797278
10618; 3; 0; 0; 1; 1; 4,30920061677976
10621; 2; 0; 0; 1; 1; 11,3104519924445
10628; 10; 0; 0; 1; 1; 4,51160781596836
10641; 2; 1; 0; 1; 0; 3,11964439639187
10641; 16; 0; 0; 1; 1; 6,76426300815261
10645; 2; 1; 0; 1; 0; 4,49384178604546
10654; 10; 0; 0; 1; 1; 4,22963232747034
10657; 11; 0; 0; 1; 1; 4,06755169962917
10661; 2; 0; 0; 1; 1; 6,39198493282528
10662; 3; 2; 0; 1; 0; 7,48313833289438
10670; 11; 0; 0; 1; 1; 4,06755169962917
10672; 2; 0; 0; 1; 1; 5,18395685480446
10677; 18; 0; 0; 1; 1; 3,32351682258678
10678; 10; 0; 0; 1; 1; 4,51160781596836
10678; 16; 0; 0; 1; 1; 4,50950867210174
10687; 10; 0; 0; 1; 1; 7,51610488416373
10694; 16; 8; 0; 0,0625; 0,0625; 3,11152511582038
10696; 2; 0; 0; 1; 1; 3,46185718276256
10699; 3; 0; 0; 1; 1; 3,2045650876564
10709; 10; 2; 0; 1; 0; 4,61697303922299
10714; 3; 0; 0; 1; 1; 3,2045650876564
10731; 16; 0; 0; 1; 1; 7,50464084094511
10767; 10; 0; 0; 1; 1; 8,41964964639047
10777; 2; 0; 0; 1; 1; 3,46735600618261
10784; 2; 0; 0; 1; 1; 3,45912370454044
10833; 2; 0; 0; 1; 1; 5,00046037510147
10852; 3; 0; 0; 1; 1; 5,65582580952344
10858; 10; 0; 0; 1; 1; 8,45926465494068
10868; 2; 1; 0; 0,5; 0,5; 3,45262051605534
10919; 2; 1; 0; 1; 0; 5,10663839323348
10921; 3; 0; 0; 1; 1; 2,17083441421885
10934; 10; 7; 0; 0,1; 0,1; 6,94209539391536
10953; 13; 0; 0; 1; 1; 11,2275993548311
10964; 2; 0; 0; 1; 1; 4,99651201766952
10975; 19; 0; 0; 1; 1; 3,8271792048692
10976; 10; 0; 0; 1; 1; 4,51160781596836
10984; 2; 1; 0; 0,5; 0,5; 3,63924865205833
10990; 3; 2; 0; 1; 0; 3,74630599361664
10993; 2; 0; 0; 1; 1; 9,04836159395561
11009; 10; 0; 0; 1; 1; 4,51160781596836
11009; 2; 0; 0; 1; 1; 5,30301506827929
11020; 18; 1; 0; 1; 0; 6,44190124390427
11025; 10; 0; 0; 1; 1; 5,26198103128402
11028; 10; 0; 0; 1; 1; 3,34049105962832
11044; 2; 1; 0; 1; 0; 7,11227754513951
11050; 19; 0; 0; 1; 1; 5,00547923973395
11055; 2; 0; 0; 1; 1; 6,92087122200951
11097; 10; 0; 0; 1; 1; 5,32342211775131
11138; 10; 0; 0; 1; 1; 4,83386551710896
11138; 2; 0; 0; 1; 1; 4,5075628080374
11151; 10; 0; 0; 1; 1; 3,54192372780107
11152; 16; 0; 0; 1; 1; 4,83161643439472
11158; 10; 0; 0; 1; 1; 3,98083042585444
11158; 10; 0; 0; 1; 1; 5,11594497714943
11196; 2; 0; 0; 1; 1; 9,04836159395561
11229; 2; 0; 0; 1; 1; 2,49701528737018
11251; 22; 3; 0; 1; 0; 6,15501396864501
11255; 11; 3; 0; 0,0909090909090909; 0,0909090909090909; 10,342607222878
11290; 3; 0; 0; 1; 1; 3,60537351947044
11295; 3; 0; 0; 1; 1; 11,294612871444
11297; 2; 0; 0; 1; 1; 4,09420744399173
11306; 4; 0; 0; 1; 1; 3,58810352922934
11317; 2; 1; 0; 0,5; 0,5; 1,959809916538
11320; 2; 0; 0; 1; 1; 3,3564303006113
11329; 3; 0; 0; 1; 1; 6,96101638095192
11352; 10; 0; 0; 1; 1; 3,75980595423084
11366; 10; 0; 0; 1; 1; 6,76350785138261
11373; 3; 0; 0; 1; 1; 2,86579905121832
11379; 16; 0; 0; 1; 1; 18,0809750318137
11381; 3; 0; 0; 1; 1; 4,97604086541794
11406; 3; 0; 0; 1; 1; 5,32313017366912
11412; 2; 0; 0; 1; 1; 4,1791554702515
11414; 2; 0; 0; 0,5; 0,5; 3,64579123247952
11425; 2; 0; 0; 1; 1; 5,00403132043434
11428; 2; 0; 0; 1; 1; 11,3104519924445
11453; 3; 0; 0; 1; 1; 8,22665572294318
11479; 11; 9; 0; 0,0909090909090909; 0,0909090909090909; 5,84582147380063
11496; 2; 0; 0; 1; 1; 9,0072563767818
11508; 2; 0; 0; 1; 1; 2,73185624729539
11512; 10; 0; 0; 1; 1; 4,96964875176824
11513; 2; 1; 0; 1; 0; 3,11964439639187
11522; 2; 1; 0; 1; 0; 3,19544966980865
11528; 18; 15; 0; 0,0555555555555555; 0,0555555555555555; 3,6334771228943
11534; 18; 3; 0; 0,0555555555555555; 0,0555555555555555; 4,50933087073299
11556; 10; 2; 0; 1; 0; 5,01373556227221
11573; 2; 1; 0; 1; 0; 2,41373708847522
11591; 11; 0; 0; 1; 1; 14,9143562319736
11599; 10; 0; 0; 1; 1; 5,92372576301513
11604; 10; 0; 0; 1; 1; 3,38370586197627
11613; 14; 0; 0; 0,0714285714285714; 0,0714285714285714; 2,95003038579673
11657; 3; 0; 0; 1; 1; 2,81669806208628
11658; 2; 0; 0; 1; 1; 3,21204343993041
11663; 2; 1; 0; 1; 0; 3,45740578251255
11663; 2; 0; 0; 1; 1; 5,62953523548863
11685; 16; 0; 0; 1; 1; 5,0130126865995
11694; 2; 0; 0; 1; 1; 4,08805528718415
11697; 2; 0; 0; 0,5; 0,5; 3,7470632111595
11727; 3; 0; 0; 1; 1; 7,46406129812692
11737; 2; 1; 0; 0,5; 0,5; 3,10497865326562
11737; 2; 1; 0; 0,5; 0,5; 1,87815117001558
11806; 2; 1; 0; 0,5; 0,5; 3,21587074802511
11848; 2; 1; 0; 1; 0; 3,04368793333289
11866; 2; 0; 0; 1; 1; 3,74552293105527
11868; 16; 0; 0; 1; 1; 4,22766438009538
11888; 2; 1; 0; 1; 0; 3,09974311535608
11904; 13; 0; 0; 1; 1; 4,81182829492761
11910; 2; 0; 0; 1; 1; 4,49462751726632
11910; 17; 10; 0; 0,0588235294117647; 0,0588235294117647; 6,76408919232827
11935; 3; 0; 0; 1; 1; 6,03288086349166
11942; 2; 0; 0; 1; 1; 7,51260468006233
11950; 3; 0; 0; 1; 1; 4,743912525619
11967; 10; 2; 0; 1; 0; 5,64045250755623
11973; 18; 17; 0; 0,0555555555555555; 0,0555555555555555; 1,47701341889714
11980; 10; 0; 0; 1; 1; 5,64045250755623
11987; 4; 0; 0; 1; 1; 16,8262627199102
12005; 3; 0; 0; 1; 1; 7,52974191429601
12014; 10; 0; 0; 1; 1; 6,77069434926168
12024; 2; 0; 0; 1; 1; 7,51637768358085
12082; 2; 1; 0; 1; 0; 3,74357327567024
12101; 10; 0; 0; 1; 1; 3,46897148499864
12105; 10; 0; 0; 1; 1; 2,40344824386501
12113; 2; 0; 0; 1; 1; 7,50369841205858
12137; 2; 0; 0; 1; 1; 8,22012845064282
12150; 2; 0; 0; 0,5; 0,5; 3,07193500826787
12160; 16; 0; 0; 1; 1; 7,90748937481985
12162; 10; 0; 0; 1; 1; 6,40896397848802
12163; 2; 0; 0; 1; 1; 4,21196494452862
12181; 10; 0; 0; 1; 1; 2,99904650861863
12195; 10; 0; 0; 1; 1; 9,02472401208997
12213; 2; 1; 0; 0,5; 0,5; 2,50123280401953
12223; 10; 0; 0; 1; 1; 2,6013491736087
12226; 2; 1; 0; 1; 0; 2,34441831300433
12227; 4; 0; 0; 1; 1; 2,56935625670955
12228; 2; 1; 0; 1; 0; 2,36559343014017
12228; 2; 0; 0; 1; 1; 15,0806026565927
12236; 2; 0; 0; 1; 1; 11,3104519924445
12237; 10; 3; 0; 0,1; 0,1; 2,05073082544017
12248; 3; 0; 0; 1; 1; 6,39776682696593
12255; 16; 0; 0; 1; 1; 6,40130092247321
12258; 3; 0; 0; 1; 1; 6,03288086349166
12273; 2; 0; 0; 1; 1; 5,12896353167229
12274; 2; 0; 0; 1; 1; 2,16543890362019
12301; 10; 0; 0; 1; 1; 2,58832887800848
12305; 10; 0; 0; 1; 1; 5,59298944406047
12345; 2; 0; 0; 0,5; 0,5; 0,845843311163158
12345; 16; 0; 0; 1; 1; 9,66323286878944
12360; 2; 0; 0; 1; 1; 15,0806026565927
12365; 10; 0; 0; 1; 1; 5,59085484573927
12365; 10; 0; 0; 1; 1; 10,0553528890858
12372; 10; 0; 0; 1; 1; 3,77075733340718
12383; 3; 0; 0; 1; 1; 5,21289824835878
12383; 16; 0; 0; 1; 1; 11,2737716802543
12393; 2; 0; 0; 1; 1; 17,8975578119108
12400; 4; 0; 0; 1; 1; 8,97025882307336
12400; 2; 0; 0; 1; 1; 9,04836159395561
12431; 10; 0; 0; 1; 1; 3,23207771434901
12434; 18; 11; 0; 0,0555555555555555; 0,0555555555555555; 1,33436878758408
12445; 10; 6; 0; 0,1; 0,1; 1,82959487997413
12453; 2; 0; 0; 1; 1; 1,63728307346893
12462; 2; 0; 0; 1; 1; 1,97437076506547
12486; 10; 0; 0; 1; 1; 2,51383822227145
12489; 10; 2; 0; 1; 0; 4,74985474320525
12513; 4; 0; 0; 1; 1; 6,40732773076668
12513; 2; 0; 0; 1; 1; 11,3104519924445
12514; 10; 0; 0; 1; 1; 3,10246190546755
12515; 10; 0; 0; 1; 1; 2,79649472203023
12535; 3; 2; 0; 1; 0; 2,42528172580741
12544; 2; 0; 0; 1; 1; 11,3104519924445
12551; 4; 0; 0; 1; 1; 4,98347712392964
12552; 10; 0; 0; 1; 1; 2,25450261712754
12556; 4; 0; 0; 1; 1; 5,98017254871557
12568; 2; 0; 0; 1; 1; 4,70154990403293
12583; 3; 0; 0; 1; 1; 3,96354509566619
12593; 16; 0; 0; 1; 1; 7,46818440955208
12625; 2; 0; 0; 0,5; 0,5; 0,706189611090411
12625; 10; 0; 0; 1; 1; 6,93794296999729
12639; 3; 2; 0; 1; 0; 4,49556719233997
12648; 10; 0; 0; 1; 1; 1,72946223485784
12661; 10; 0; 0; 1; 1; 4,21556419746598
12670; 18; 0; 0; 0,0555555555555555; 0,0555555555555555; 1,25097073836007
12675; 2; 0; 0; 1; 1; 3,3564303006113
12745; 3; 0; 0; 1; 1; 7,54110107936458
12750; 2; 0; 0; 1; 1; 3,21204343993041
12765; 11; 0; 0; 1; 1; 14,9143562319736
12780; 10; 0; 0; 1; 1; 14,9089462553047
12780; 10; 0; 0; 1; 1; 3,61992704007089
12840; 10; 0; 0; 1; 1; 2,58832887800848
12850; 2; 1; 0; 1; 0; 0,742913639217573
12867; 2; 0; 0; 1; 1; 11,3104519924445
12874; 2; 1; 0; 1; 0; 2,67398091119303
12879; 18; 0; 0; 1; 1; 1,37936545235308
12911; 16; 0; 0; 1; 1; 12,8906040512559
12916; 2; 1; 0; 0,5; 0,5; 3,65311190172395
12920; 10; 0; 0; 1; 1; 1,90399640648867
12950; 2; 0; 0; 1; 1; 7,54030132829634
12963; 2; 1; 0; 0,5; 0,5; 2,36442397665685
12963; 2; 0; 0; 1; 1; 2,50420156002078
12965; 10; 0; 0; 1; 1; 3,06586487088435
12991; 10; 0; 0; 1; 1; 2,70696468958102
12993; 2; 1; 0; 1; 0; 1,9047252362619
13025; 2; 0; 0; 1; 1; 5,65522599622226
13029; 10; 0; 0; 1; 1; 4,47439155524838
13047; 2; 0; 0; 1; 1; 4,08602501569665
13055; 10; 2; 0; 1; 0; 4,10214727822271
13058; 4; 0; 0; 1; 1; 4,72118885424914
13058; 2; 0; 0; 1; 1; 15,0806026565927
13070; 2; 0; 0; 1; 1; 11,3104519924445
13099; 16; 0; 0; 1; 1; 8,45532876019076
13100; 2; 0; 0; 1; 1; 5,02686755219756
13108; 16; 0; 0; 1; 1; 5,30789578581124
13112; 10; 0; 0; 1; 1; 5,32342211775131
13112; 18; 0; 0; 1; 1; 1,03056039543621
13121; 3; 0; 0; 1; 1; 7,54110107936458
13128; 10; 0; 0; 1; 1; 2,08111235127831
13150; 2; 0; 0; 1; 1; 3,86590693706626
13151; 10; 0; 0; 1; 1; 3,54192372780107
13154; 4; 0; 0; 1; 1; 6,90019909467181
13154; 2; 0; 0; 1; 1; 11,3104519924445
13167; 2; 0; 0; 1; 1; 7,54030132829634
13170; 10; 0; 0; 1; 1; 2,6013491736087
13175; 2; 0; 0; 1; 1; 7,50369841205858
13179; 16; 0; 0; 1; 1; 6,45749108279061
13209; 2; 1; 0; 1; 0; 5,91467310207642
13212; 10; 0; 0; 1; 1; 5,59085484573927
13216; 2; 1; 0; 1; 0; 12,2672364455165
13236; 10; 0; 0; 1; 1; 2,63199503249904
13237; 10; 0; 0; 1; 1; 2,50644878664909
13249; 2; 1; 0; 1; 0; 1,87297981565753
13301; 2; 0; 0; 1; 1; 2,65945332226679
13312; 3; 0; 0; 1; 1; 6,00895586578406
13325; 10; 0; 0; 1; 1; 6,88367931576673
13328; 4; 0; 0; 1; 1; 5,62046681155214
13363; 20; 0; 0; 1; 1; 8,21862110127339
13373; 2; 0; 0; 1; 1; 4,02989991774251
13393; 3; 0; 0; 1; 1; 7,48157023312167
13395; 22; 3; 0; 1; 0; 6,44810987191382
13400; 19; 0; 0; 1; 1; 5,87599736838333
13405; 2; 0; 0; 1; 1; 5,17893077408301
13418; 3; 0; 0; 1; 1; 3,95956428843713
13422; 2; 1; 0; 0,5; 0,5; 3,9664960147796
13424; 10; 8; 0; 0,1; 0,1; 3,55305206523706
13426; 2; 1; 0; 0,5; 0,5; 2,89593887997325
13441; 2; 1; 0; 0,5; 0,5; 1,16743571877047
13469; 2; 0; 0; 1; 1; 11,2365687931658
13470; 2; 0; 0; 1; 1; 2,64730255152431
13472; 2; 0; 0; 1; 1; 7,49476802650428
13494; 10; 0; 0; 1; 1; 2,33359024963881
13503; 16; 0; 0; 1; 1; 7,51584778683623
13513; 2; 0; 0; 1; 1; 11,3104519924445
13515; 16; 4; 0; 0,0625; 0,0625; 2,57812081025117
13523; 2; 0; 0; 1; 1; 2,50023018755073
13540; 2; 0; 0; 0,5; 0,5; 2,30883028063341
13571; 2; 1; 0; 1; 0; 7,0191998918817
13572; 2; 0; 0; 1; 1; 15,0806026565927
13583; 2; 1; 0; 1; 0; 5,86693916959485
13603; 10; 0; 0; 1; 1; 2,50644878664909
13626; 10; 0; 0; 1; 1; 2,33359024963881
13645; 2; 0; 0; 0,5; 0,5; 2,34441831300433
13645; 16; 0; 0; 1; 1; 13,5285260163052
13660; 10; 0; 0; 1; 1; 3,73869726823447
13684; 18; 0; 0; 1; 1; 3,89820671317175
13689; 2; 0; 0; 1; 1; 5,93879987877844
13720; 3; 0; 0; 1; 1; 8,22665572294318
13723; 4; 0; 0; 1; 1; 6,73050508796409
13737; 20; 0; 0; 1; 1; 8,21862110127339
13745; 2; 1; 0; 1; 0; 5,28779707913684
13746; 10; 0; 0; 1; 1; 4,30943695246535
13746; 18; 0; 0; 1; 1; 6,40419674306787
13750; 18; 0; 0; 1; 1; 5,63929335105829
13777; 2; 1; 0; 1; 0; 4,81898615574098
13803; 10; 0; 0; 0,1; 0,1; 1,90330076299618
13846; 2; 1; 0; 1; 0; 11,2449667417235
13879; 3; 0; 0; 1; 1; 8,41676651226188
13894; 2; 0; 0; 1; 1; 7,45731575496282
13898; 4; 0; 0; 1; 1; 3,73760784294723
13898; 2; 0; 0; 1; 1; 11,3104519924445
13905; 10; 0; 0; 1; 1; 1,91990091279873
13907; 4; 0; 0; 1; 1; 3,90011253177102
13927; 3; 0; 0; 1; 1; 6,96101638095192
13951; 10; 0; 0; 1; 1; 2,58566217147921
13985; 16; 0; 0; 1; 1; 18,0809750318137
13996; 2; 0; 0; 0,5; 0,5; 2,34441831300433
14006; 2; 0; 0; 1; 1; 4,79490042944471
14022; 2; 0; 0; 1; 1; 5,59405050101883
14029; 2; 1; 0; 1; 0; 2,74094607169395
14072; 2; 0; 0; 1; 1; 2,98953602028274
14085; 2; 0; 0; 1; 1; 2,99790721060171
14108; 2; 0; 0; 1; 1; 6,75634087347308
14112; 19; 3; 0; 0,0526315789473684; 0,0526315789473684; 4,82671212402917
14128; 2; 0; 0; 1; 1; 11,1881010020377
14139; 10; 0; 0; 1; 1; 14,9089462553047
14143; 16; 0; 0; 1; 1; 3,22025752018585
14148; 2; 0; 0; 1; 1; 11,1881010020377
14152; 2; 0; 0; 1; 1; 3,21204343993041
14196; 2; 0; 0; 1; 1; 3,12492112179722
14198; 2; 0; 0; 1; 1; 9,04836159395561
14201; 2; 1; 0; 1; 0; 6,25178216801155
14206; 4; 0; 0; 1; 1; 6,91749761421802
14206; 2; 0; 0; 1; 1; 9,0072563767818
14214; 2; 1; 0; 1; 0; 4,32681386095
14218; 3; 0; 0; 1; 1; 3,76487095714801
14219; 2; 0; 0; 1; 1; 16,7821515030565
14222; 3; 0; 0; 1; 1; 5,63339612417256
14225; 16; 0; 0; 1; 1; 4,29367669358113
14236; 2; 0; 0; 1; 1; 4,08805528718415
14247; 2; 0; 0; 1; 1; 11,1881010020377
14256; 14; 10; 0; 0,0714285714285714; 0,0714285714285714; 5,14148152953145
14264; 11; 0; 0; 1; 1; 4,47430686959209
14291; 16; 0; 0; 1; 1; 6,72136596859687
14311; 3; 0; 0; 1; 1; 16,8335330245238
14311; 16; 0; 0; 1; 1; 6,14933000741146
14324; 2; 1; 0; 0,5; 0,5; 5,63028406122756
14324; 2; 0; 0; 1; 1; 9,00082867518264
14326; 4; 0; 0; 1; 1; 8,17522445316676
14332; 3; 0; 0; 1; 1; 4,72291704499338
14333; 2; 1; 0; 1; 0; 4,49772041202492
14350; 2; 0; 0; 1; 1; 2,63782590024947
14364; 2; 0; 0; 1; 1; 13,4257212024452
14370; 2; 0; 0; 1; 1; 7,92071765447989
14371; 13; 2; 0; 1; 0; 11,2263590296928
14390; 2; 1; 0; 1; 0; 7,48973631007577
14427; 16; 0; 0; 1; 1; 13,5285260163052
14431; 10; 0; 0; 1; 1; 5,19747516048957
14444; 3; 0; 0; 1; 1; 10,0548014391528
14445; 10; 0; 0; 1; 1; 11,2809050151125
14457; 2; 0; 0; 1; 1; 16,7821515030565
14468; 19; 0; 0; 1; 1; 7,94987879251863
14477; 2; 0; 0; 1; 1; 5,6182843965829
14491; 4; 0; 0; 1; 1; 7,47521568589446
14524; 3; 0; 0; 1; 1; 9,0493212952375
14535; 10; 0; 0; 1; 1; 5,98169971325549
14545; 10; 5; 0; 0,1; 0,1; 8,20429455644543
14555; 2; 1; 0; 1; 0; 3,74552293105527
14569; 10; 0; 0; 1; 1; 8,45438481422827
14573; 2; 0; 0; 1; 1; 4,73917794445805
14576; 10; 0; 0; 1; 1; 13,5348234479051
14576; 10; 0; 0; 1; 1; 6,62063467631103
14586; 10; 0; 0; 1; 1; 11,2790195399209
14618; 2; 0; 0; 1; 1; 9,00082867518264
14632; 2; 0; 0; 1; 1; 14,9146315099256
14634; 2; 0; 0; 1; 1; 7,92071765447989
14643; 10; 0; 0; 1; 1; 12,817927956976
14649; 10; 3; 0; 0,1; 0,1; 12,8924628744142
14650; 2; 0; 0; 1; 1; 11,283719769679
14656; 10; 0; 0; 1; 1; 8,45438481422827
14665; 2; 0; 0; 1; 1; 10,0468236618968
14674; 16; 0; 0; 1; 1; 12,9149821655812
14677; 2; 0; 0; 1; 1; 7,96411888929917
14681; 10; 0; 0; 1; 1; 10,3626457186344
14682; 3; 0; 0; 1; 1; 13,5535354457328
14706; 10; 0; 0; 1; 1; 6,14864350125692
14719; 2; 0; 0; 1; 1; 5,17893077408301
14721; 3; 0; 0; 1; 1; 6,00895586578406
14724; 4; 0; 0; 1; 1; 11,2128235288417
14724; 10; 0; 0; 1; 1; 15,0412066868166
14740; 2; 0; 0; 1; 1; 9,0072563767818
14764; 2; 0; 0; 1; 1; 7,5006905626522
14803; 10; 0; 0; 1; 1; 7,51500872375846
14811; 2; 0; 0; 1; 1; 12,456811241658
14817; 2; 0; 0; 1; 1; 5,62953523548863
14826; 2; 0; 0; 1; 1; 11,3104519924445
14827; 16; 14; 0; 0,0625; 0,0625; 15,0390380597985
14829; 4; 0; 0; 1; 1; 8,97025882307336
14833; 2; 0; 0; 1; 1; 7,5006905626522
14838; 10; 2; 0; 0,1; 0,1; 8,05742565089808
14852; 10; 0; 0; 1; 1; 5,59298944406047
14852; 2; 0; 0; 1; 1; 9,0151256160748
14853; 4; 0; 0; 1; 1; 8,17522445316676
14858; 18; 0; 0; 1; 1; 9,48104138546581
14862; 4; 0; 0; 1; 1; 9,96695424785928
14867; 2; 0; 0; 1; 1; 7,50369841205858
14867; 2; 0; 0; 1; 1; 6,01008374404987
14872; 2; 1; 0; 1; 0; 7,47853998900947
14874; 2; 1; 0; 1; 0; 5,19016908463506
14875; 16; 0; 0; 1; 1; 11,2737716802543
14919; 2; 1; 0; 1; 0; 8,17205003139331
14921; 2; 0; 0; 0,5; 0,5; 10,2378594121197
14931; 10; 0; 0; 1; 1; 3,73869726823447
14939; 2; 0; 0; 1; 1; 8,99372163180514
14942; 11; 0; 0; 1; 1; 11,1857671739802
14954; 10; 0; 0; 1; 1; 9,61379297546006
14972; 16; 0; 0; 1; 1; 5,30789578581124
14973; 4; 0; 0; 1; 1; 11,2128235288417
14978; 2; 1; 0; 0,5; 0,5; 2,88670287288884
14980; 2; 0; 0; 1; 1; 9,58980085888943
14998; 10; 6; 0; 0,1; 0,1; 3,92327577832784
15010; 16; 0; 0; 1; 1; 11,2737716802543
15018; 20; 0; 0; 1; 1; 8,21862110127339
15019; 2; 0; 0; 1; 1; 10,2579270633446
15033; 11; 0; 0; 1; 1; 8,94861373918418
15037; 18; 0; 0; 0,0555555555555555; 0,0555555555555555; 10,6018459355619
15038; 10; 0; 0; 1; 1; 9,96949952209248
15050; 2; 1; 0; 1; 0; 10,2301890022007
15054; 16; 0; 0; 1; 1; 7,51584778683623
15057; 3; 0; 0; 1; 1; 11,294612871444
15060; 18; 15; 0; 0,0555555555555555; 0,0555555555555555; 10,6018459355619
15067; 10; 0; 0; 1; 1; 4,48643672188136
15071; 3; 0; 0; 1; 1; 11,2223553496825
15075; 3; 0; 0; 1; 1; 4,488942139873
15083; 17; 0; 0; 1; 1; 9,66298456046895
15086; 11; 0; 0; 1; 1; 7,46966077207858
15111; 2; 0; 0; 1; 1; 14,9376937602351
15127; 2; 0; 0; 1; 1; 3,89939480906444
15134; 10; 0; 0; 1; 1; 8,97254956988323
15144; 2; 0; 0; 1; 1; 10,0168062400831
15165; 10; 0; 0; 1; 1; 11,2809050151125
15166; 16; 0; 0; 1; 1; 8,203111668981
15167; 2; 0; 0; 0,5; 0,5; 5,62248337086173
15174; 3; 0; 0; 1; 1; 8,41676651226188
15174; 2; 0; 0; 1; 1; 7,5060469806515
15182; 10; 0; 0; 1; 1; 5,59298944406047
15185; 10; 7; 0; 0,1; 0,1; 11,2809050151125
15187; 2; 0; 0; 1; 1; 13,4257212024452
15194; 2; 1; 0; 1; 0; 6,4208964532376
15208; 2; 1; 0; 0,5; 0,5; 4,88292166391771
15213; 3; 0; 0; 1; 1; 5,97124903850153
15216; 16; 0; 0; 1; 1; 11,2737716802543
15217; 3; 0; 0; 1; 1; 8,41676651226188
15217; 16; 0; 0; 1; 1; 9,66323286878944
15224; 2; 0; 0; 1; 1; 6,40614861489158
15267; 2; 0; 0; 1; 1; 11,2440932935374
15272; 3; 0; 0; 1; 1; 6,96101638095192
15281; 10; 0; 0; 1; 1; 8,45438481422827
15283; 11; 0; 0; 1; 1; 12,2876801504528
15284; 22; 20; 0; 0,0454545454545455; 0,0454545454545455; 12,31002793729
15286; 3; 2; 0; 0,333333333333333; 0,333333333333333; 8,75379782822872
15287; 2; 0; 0; 1; 1; 3,73692002535342
15288; 3; 0; 0; 1; 1; 11,294612871444
15295; 16; 0; 0; 1; 1; 11,2709013206505
15299; 22; 0; 0; 1; 1; 9,67216480787073
15301; 17; 2; 0; 0,0588235294117647; 0,0588235294117647; 11,2734819872138
15302; 16; 0; 0; 1; 1; 12,8906040512559
15311; 2; 0; 0; 1; 1; 8,41576250788488
15317; 2; 0; 0; 1; 1; 7,49761049051031
15331; 2; 0; 0; 0,5; 0,5; 5,10487264864124
15339; 11; 0; 0; 1; 1; 13,4453893897414
15350; 2; 0; 0; 1; 1; 11,3104519924445
15374; 10; 0; 0; 1; 1; 8,67722762404409
15393; 10; 0; 0; 1; 1; 5,59255350061626
15419; 3; 0; 0; 1; 1; 13,5535354457328
15424; 3; 0; 0; 1; 1; 4,80684763148459
15431; 3; 0; 0; 1; 1; 4,488942139873
15431; 2; 0; 0; 1; 1; 9,0072563767818
15432; 2; 0; 0; 1; 1; 6,93819478498159
15458; 4; 0; 0; 1; 1; 11,2128235288417
15458; 10; 0; 0; 1; 1; 10,0274711245444
15462; 4; 0; 0; 1; 1; 9,96695424785928
15466; 2; 0; 0; 1; 1; 13,4257212024452
15468; 10; 0; 0; 1; 1; 7,51500872375846
15472; 2; 0; 0; 1; 1; 5,59203692216514
15485; 22; 0; 0; 1; 1; 10,4161774853992
15496; 2; 1; 0; 1; 0; 8,64200343470281
15497; 10; 0; 0; 1; 1; 13,5348234479051
15507; 3; 0; 0; 1; 1; 6,43816699905435
15512; 2; 1; 0; 0,5; 0,5; 4,50221904723515
15518; 2; 0; 0; 1; 1; 7,49476802650428
15522; 2; 0; 0; 1; 1; 7,0523248560494
15523; 3; 0; 0; 1; 1; 4,20838325613094
15530; 2; 1; 0; 1; 0; 12,5035643360231
15531; 2; 0; 0; 1; 1; 7,92071765447989
15541; 19; 10; 0; 0,0526315789473684; 0,0526315789473684; 7,11304944593772
15545; 3; 0; 0; 1; 1; 4,52466064761875
15546; 16; 0; 0; 1; 1; 13,5285260163052
15562; 18; 0; 0; 1; 1; 9,48104138546581
15587; 10; 0; 0; 1; 1; 6,88314276998924
15620; 3; 0; 0; 1; 1; 16,941919307166
15622; 2; 0; 0; 1; 1; 6,1540918690039
15627; 11; 0; 0; 1; 1; 14,9143562319736
15630; 10; 0; 0; 1; 1; 7,49571003714923
15641; 2; 1; 0; 1; 0; 11,2532079024208
15646; 10; 0; 0; 1; 1; 4,98474976104624
15650; 11; 0; 0; 1; 1; 6,72269469487072
15655; 2; 0; 0; 0,5; 0,5; 5,00246560803906
15659; 10; 0; 0; 1; 1; 6,76350785138261
15671; 2; 0; 0; 1; 1; 7,5006905626522
15686; 2; 0; 0; 1; 1; 9,62734844463685
15689; 2; 0; 0; 1; 1; 9,0072563767818
15699; 2; 0; 0; 1; 1; 5,64185988483952
15703; 2; 0; 0; 1; 1; 11,3104519924445
15726; 10; 0; 0; 1; 1; 7,12704668343335
15735; 18; 1; 0; 1; 0; 10,40614816323
15736; 2; 0; 0; 0,5; 0,5; 4,48870526395854
15740; 2; 1; 0; 1; 0; 11,2532079024208
15746; 2; 0; 0; 1; 1; 8,99372163180514
15748; 20; 0; 0; 1; 1; 9,04048321140073
15750; 10; 0; 0; 1; 1; 13,5348234479051
15754; 3; 1; 0; 0,333333333333333; 0,333333333333333; 5,82758710118144
15798; 2; 0; 0; 1; 1; 12,8787508801069
15810; 10; 0; 0; 1; 1; 6,14864350125692
15829; 4; 0; 0; 1; 1; 11,2128235288417
15829; 2; 0; 0; 1; 1; 7,5006905626522
15830; 22; 0; 0; 1; 1; 16,9262884137738
15834; 2; 0; 0; 1; 1; 18,0842825914142
15840; 20; 0; 0; 1; 1; 7,53373600950061
15858; 2; 1; 0; 0,5; 0,5; 4,73917794445805
15863; 10; 0; 0; 1; 1; 7,45447312765236
15875; 16; 0; 0; 1; 1; 5,0130126865995
15900; 4; 0; 0; 1; 1; 12,8146554615334
15912; 2; 0; 0; 1; 1; 8,41576250788488
