MAC; alternativas; MasProb; Elección; MaxProb; ElecProb; %linkOK; %linkNO; %DistOK; %DistNO
21; 2; 0; 0; 1; 1; 1; 0; 1; 0
32; 10; 0; 0; 1; 1; 1; 0; 1; 0
54; 20; 0; 0; 1; 1; 1; 0; 1; 0
68; 3; 0; 0; 1; 1; 1; 0; 1; 0
69; 16; 0; 0; 1; 1; 1; 0; 1; 0
77; 16; 0; 0; 1; 1; 1; 0; 1; 0
113; 10; 0; 0; 0,1; 0,1; 1; 0; 1; 0
128; 8; 0; 0; 1; 1; 1; 0; 1; 0
158; 10; 0; 0; 1; 1; 1; 0; 1; 0
164; 10; 0; 0; 1; 1; 1; 0; 1; 0
176; 10; 0; 0; 1; 1; 1; 0; 1; 0
191; 10; 0; 0; 1; 1; 1; 0; 1; 0
213; 10; 0; 0; 1; 1; 1; 0; 1; 0
231; 20; 0; 0; 1; 1; 1; 0; 1; 0
235; 16; 0; 0; 1; 1; 1; 0; 1; 0
238; 11; 0; 0; 1; 1; 1; 0; 1; 0
244; 40; 20; 0; 1; 0; 1; 0; 1; 0
257; 10; 2; 1; 1; 0; 0; 0; 0,37362349693995; 0,62637650306005
268; 2; 1; 1; 1; 1; 0; 0; 0,333212359042951; 0,666787640957049
277; 100; 0; 0; 1; 1; 1; 0; 1; 0
302; 16; 0; 0; 1; 1; 1; 0; 1; 0
304; 10; 0; 0; 1; 1; 1; 0; 1; 0
321; 10; 0; 0; 0,1; 0,1; 1; 0; 1; 0
332; 3; 0; 0; 1; 1; 1; 0; 1; 0
340; 2; 1; 1; 1; 1; 0; 0; 0,167385047325938; 0,832614952674062
362; 3; 0; 0; 1; 1; 1; 0; 1; 0
363; 16; 0; 0; 1; 1; 1; 0; 1; 0
372; 10; 0; 0; 1; 1; 1; 0; 1; 0
379; 68; 0; 0; 0,0588235294117647; 0,0588235294117647; 1; 0; 1; 0
408; 10; 0; 0; 1; 1; 1; 0; 1; 0
416; 2; 0; 0; 1; 1; 1; 0; 1; 0
428; 16; 0; 0; 1; 1; 1; 0; 1; 0
454; 10; 0; 0; 1; 1; 1; 0; 1; 0
468; 2; 1; 0; 1; 0; 1; 0; 1; 0
477; 2; 0; 0; 1; 1; 1; 0; 1; 0
482; 11; 0; 0; 1; 1; 1; 0; 1; 0
498; 10; 0; 0; 1; 1; 1; 0; 1; 0
509; 2; 0; 1; 0,5; 0,5; 0; 0; 0,19881132297054; 0,80118867702946
510; 2; 0; 1; 0,5; 0,5; 0; 0; 0,201011461648518; 0,798988538351482
528; 2; 0; 0; 1; 1; 1; 0; 1; 0
541; 2; 0; 0; 1; 1; 1; 0; 1; 0
543; 20; 0; 0; 1; 1; 1; 0; 1; 0
546; 10; 0; 0; 1; 1; 1; 0; 1; 0
565; 2; 0; 0; 1; 1; 1; 0; 1; 0
570; 10; 0; 0; 1; 1; 1; 0; 1; 0
591; 10; 0; 0; 1; 1; 1; 0; 1; 0
615; 2; 0; 0; 1; 1; 1; 0; 1; 0
620; 22; 0; 0; 1; 1; 1; 0; 1; 0
630; 10; 0; 0; 1; 1; 1; 0; 1; 0
666; 2; 0; 0; 1; 1; 1; 0; 1; 0
673; 13; 2; 0; 1; 0; 1; 0; 1; 0
679; 4; 0; 0; 1; 1; 1; 0; 1; 0
692; 10; 0; 0; 1; 1; 1; 0; 1; 0
718; 2; 0; 0; 1; 1; 1; 0; 1; 0
734; 2; 0; 0; 1; 1; 1; 0; 1; 0
743; 2; 0; 1; 0,5; 0,5; 0; 0; 0,428193131701094; 0,571806868298906
766; 4; 0; 0; 1; 1; 1; 0; 1; 0
794; 2; 0; 0; 1; 1; 1; 0; 1; 0
814; 10; 0; 0; 1; 1; 1; 0; 1; 0
817; 20; 0; 0; 1; 1; 1; 0; 1; 0
826; 16; 0; 0; 1; 1; 1; 0; 1; 0
827; 10; 0; 0; 1; 1; 1; 0; 1; 0
830; 68; 0; 0; 0,0588235294117647; 0,0588235294117647; 1; 0; 1; 0
875; 16; 0; 0; 1; 1; 1; 0; 1; 0
881; 22; 0; 0; 0,0454545454545455; 0,0454545454545455; 1; 0; 1; 0
886; 10; 0; 0; 0,1; 0,1; 1; 0; 1; 0
914; 10; 0; 0; 1; 1; 1; 0; 1; 0
919; 16; 0; 0; 1; 1; 1; 0; 1; 0
923; 10; 0; 0; 1; 1; 1; 0; 1; 0
928; 2; 0; 0; 0,5; 0,5; 1; 0; 1; 0
935; 3; 0; 0; 1; 1; 1; 0; 1; 0
960; 10; 0; 0; 1; 1; 1; 0; 1; 0
969; 10; 0; 0; 1; 1; 1; 0; 1; 0
987; 10; 0; 0; 1; 1; 1; 0; 1; 0
991; 3; 0; 0; 1; 1; 1; 0; 1; 0
1001; 2; 0; 0; 1; 1; 1; 0; 1; 0
1007; 16; 0; 0; 1; 1; 1; 0; 1; 0
1051; 10; 0; 0; 1; 1; 1; 0; 1; 0
1070; 16; 0; 0; 1; 1; 1; 0; 1; 0
1090; 2; 1; 1; 1; 1; 0; 0; 0,500256624585928; 0,499743375414072
1092; 10; 0; 0; 1; 1; 1; 0; 1; 0
1098; 40; 0; 0; 0,1; 0,1; 1; 0; 1; 0
1110; 17; 0; 0; 0,0588235294117647; 0,0588235294117647; 1; 0; 1; 0
1111; 10; 0; 0; 1; 1; 1; 0; 1; 0
1127; 2; 0; 0; 1; 1; 1; 0; 1; 0
1155; 2; 1; 1; 1; 1; 0; 0; 0,166235758316226; 0,833764241683774
1177; 2; 1; 0; 1; 0; 1; 0; 1; 0
1187; 8; 0; 0; 1; 1; 1; 0; 1; 0
1208; 16; 0; 0; 1; 1; 1; 0; 1; 0
1228; 2; 0; 0; 1; 1; 1; 0; 1; 0
1236; 20; 1; 1; 0,1; 0,1; 0; 0; 0,500984484812199; 0,499015515187801
1250; 3; 0; 0; 1; 1; 1; 0; 1; 0
1256; 2; 0; 1; 0,5; 0,5; 0; 0; 0,37453846769788; 0,62546153230212
1267; 3; 0; 0; 1; 1; 1; 0; 1; 0
1271; 2; 0; 0; 1; 1; 1; 0; 1; 0
1273; 3; 0; 0; 1; 1; 1; 0; 1; 0
1308; 10; 0; 0; 1; 1; 1; 0; 1; 0
1315; 16; 0; 0; 1; 1; 1; 0; 1; 0
1329; 2; 0; 0; 1; 1; 1; 0; 1; 0
1331; 10; 0; 0; 1; 1; 1; 0; 1; 0
1342; 2; 1; 1; 1; 1; 0; 0; 0,499871699868275; 0,500128300131725
1364; 16; 0; 0; 1; 1; 1; 0; 1; 0
1368; 3; 0; 0; 1; 1; 1; 0; 1; 0
1370; 2; 0; 0; 1; 1; 1; 0; 1; 0
1376; 2; 0; 0; 1; 1; 1; 0; 1; 0
1380; 20; 1; 0; 1; 0; 1; 0; 1; 0
1471; 2; 0; 0; 1; 1; 1; 0; 1; 0
1474; 3; 0; 0; 1; 1; 1; 0; 1; 0
1477; 2; 0; 0; 1; 1; 1; 0; 1; 0
1478; 3; 0; 0; 1; 1; 1; 0; 1; 0
1484; 16; 0; 0; 1; 1; 1; 0; 1; 0
1495; 20; 0; 0; 1; 1; 1; 0; 1; 0
1522; 19; 0; 2; 1; 0; 0; 0; 0,248701256643475; 0,751298743356526
1553; 18; 0; 2; 1; 0; 0; 0; 0,249836158183357; 0,750163841816643
1576; 2; 0; 0; 1; 1; 1; 0; 1; 0
1587; 10; 0; 0; 1; 1; 1; 0; 1; 0
1588; 2; 0; 0; 1; 1; 1; 0; 1; 0
1629; 4; 0; 0; 1; 1; 1; 0; 1; 0
1675; 13; 2; 0; 1; 0; 1; 0; 1; 0
1687; 2; 0; 0; 1; 1; 1; 0; 1; 0
1689; 10; 0; 0; 1; 1; 1; 0; 1; 0
1691; 22; 0; 0; 1; 1; 1; 0; 1; 0
1692; 2; 0; 0; 1; 1; 1; 0; 1; 0
1702; 10; 0; 0; 1; 1; 1; 0; 1; 0
1703; 10; 0; 2; 1; 0; 0; 1; 0; 1
1716; 22; 0; 0; 0,0454545454545455; 0,0454545454545455; 1; 0; 1; 0
1726; 10; 0; 0; 1; 1; 1; 0; 1; 0
1729; 2; 0; 0; 1; 1; 1; 0; 1; 0
1753; 10; 0; 2; 1; 0; 0; 0; 0,14218621912864; 0,85781378087136
1776; 2; 0; 0; 1; 1; 1; 0; 1; 0
1808; 18; 0; 2; 1; 0; 0; 0; 0,249836158183357; 0,750163841816643
1809; 32; 1; 1; 1; 1; 0; 0; 0,500984484812199; 0,499015515187801
1811; 22; 0; 0; 1; 1; 1; 0; 1; 0
1813; 4; 0; 0; 1; 1; 1; 0; 1; 0
1842; 2; 0; 0; 0,5; 0,5; 1; 0; 1; 0
1875; 2; 1; 0; 1; 0; 1; 0; 1; 0
1944; 2; 0; 0; 1; 1; 1; 0; 1; 0
1948; 2; 0; 0; 1; 1; 1; 0; 1; 0
1954; 2; 0; 0; 1; 1; 1; 0; 1; 0
1956; 10; 0; 0; 1; 1; 1; 0; 1; 0
1965; 3; 0; 0; 1; 1; 1; 0; 1; 0
1975; 2; 0; 0; 1; 1; 1; 0; 1; 0
1984; 2; 0; 0; 1; 1; 1; 0; 1; 0
1996; 2; 0; 1; 0,5; 0,5; 0; 0; 0,199321718519391; 0,800678281480609
2008; 22; 0; 0; 1; 1; 1; 0; 1; 0
2020; 2; 0; 0; 1; 1; 1; 0; 1; 0
2030; 2; 1; 1; 1; 1; 0; 0; 0,333212359042951; 0,666787640957049
2031; 10; 0; 0; 1; 1; 1; 0; 1; 0
2032; 4; 1; 0; 1; 0; 1; 0; 1; 0
2107; 10; 0; 0; 1; 1; 1; 0; 1; 0
2126; 10; 0; 0; 0,1; 0,1; 1; 0; 1; 0
2133; 10; 0; 2; 1; 0; 0; 1; 0; 1
2175; 40; 0; 0; 1; 1; 1; 0; 1; 0
2177; 20; 0; 0; 1; 1; 1; 0; 1; 0
2210; 10; 0; 0; 1; 1; 1; 0; 1; 0
2246; 10; 0; 0; 1; 1; 1; 0; 1; 0
2262; 10; 0; 0; 1; 1; 1; 0; 1; 0
2278; 4; 0; 0; 1; 1; 1; 0; 1; 0
2281; 2; 0; 0; 1; 1; 1; 0; 1; 0
2283; 2; 1; 0; 1; 0; 1; 0; 1; 0
2287; 10; 0; 0; 1; 1; 1; 0; 1; 0
2299; 4; 0; 0; 1; 1; 1; 0; 1; 0
2316; 10; 0; 0; 1; 1; 1; 0; 1; 0
2378; 2; 0; 0; 1; 1; 1; 0; 1; 0
2398; 2; 0; 0; 1; 1; 1; 0; 1; 0
2413; 10; 0; 0; 1; 1; 1; 0; 1; 0
2417; 10; 0; 0; 1; 1; 1; 0; 1; 0
2423; 10; 0; 0; 1; 1; 1; 0; 1; 0
2426; 16; 0; 0; 1; 1; 1; 0; 1; 0
2440; 3; 0; 0; 1; 1; 1; 0; 1; 0
2442; 2; 0; 0; 1; 1; 1; 0; 1; 0
2446; 2; 0; 0; 1; 1; 1; 0; 1; 0
2453; 18; 0; 0; 0,0555555555555555; 0,0555555555555555; 1; 0; 1; 0
2455; 2; 0; 1; 1; 0; 0; 1; 0; 1
2456; 10; 0; 0; 1; 1; 1; 0; 1; 0
2499; 16; 0; 0; 1; 1; 1; 0; 1; 0
2507; 10; 0; 0; 1; 1; 1; 0; 1; 0
2511; 2; 0; 0; 1; 1; 1; 0; 1; 0
2514; 40; 0; 0; 1; 1; 1; 0; 1; 0
2518; 2; 0; 0; 1; 1; 1; 0; 1; 0
2525; 2; 0; 0; 1; 1; 1; 0; 1; 0
2531; 22; 0; 0; 0,0454545454545455; 0,0454545454545455; 1; 0; 1; 0
2532; 20; 0; 0; 1; 1; 1; 0; 1; 0
2536; 10; 0; 0; 1; 1; 1; 0; 1; 0
2540; 18; 0; 0; 1; 1; 1; 0; 1; 0
2542; 2; 0; 0; 1; 1; 1; 0; 1; 0
2553; 2; 0; 0; 1; 1; 1; 0; 1; 0
2571; 3; 0; 0; 1; 1; 1; 0; 1; 0
2587; 10; 0; 0; 1; 1; 1; 0; 1; 0
2609; 2; 1; 1; 1; 1; 0; 0; 0,201011461648518; 0,798988538351482
2616; 22; 0; 0; 1; 1; 1; 0; 1; 0
2626; 2; 0; 1; 1; 0; 0; 0; 0,249098786887142; 0,750901213112858
2627; 19; 0; 0; 1; 1; 1; 0; 1; 0
2636; 16; 0; 0; 1; 1; 1; 0; 1; 0
2657; 10; 0; 0; 1; 1; 1; 0; 1; 0
2671; 2; 0; 0; 1; 1; 1; 0; 1; 0
2691; 10; 0; 0; 1; 1; 1; 0; 1; 0
2695; 10; 0; 0; 1; 1; 1; 0; 1; 0
2701; 20; 0; 0; 1; 1; 1; 0; 1; 0
2702; 2; 0; 0; 1; 1; 1; 0; 1; 0
2708; 2; 0; 0; 1; 1; 1; 0; 1; 0
2715; 2; 0; 0; 1; 1; 1; 0; 1; 0
2723; 16; 0; 0; 1; 1; 1; 0; 1; 0
2748; 10; 3; 0; 1; 0; 1; 0; 1; 0
2762; 3; 0; 0; 1; 1; 1; 0; 1; 0
2775; 3; 0; 0; 1; 1; 1; 0; 1; 0
2776; 11; 0; 0; 1; 1; 1; 0; 1; 0
2807; 11; 0; 0; 1; 1; 1; 0; 1; 0
2810; 16; 0; 0; 0,0625; 0,0625; 1; 0; 1; 0
2822; 68; 0; 0; 1; 1; 1; 0; 1; 0
2832; 10; 0; 0; 1; 1; 1; 0; 1; 0
2838; 11; 0; 0; 1; 1; 1; 0; 1; 0
2853; 3; 0; 0; 1; 1; 1; 0; 1; 0
2856; 2; 0; 0; 1; 1; 1; 0; 1; 0
2858; 17; 0; 0; 0,0588235294117647; 0,0588235294117647; 1; 0; 1; 0
2872; 2; 0; 1; 1; 0; 0; 0; 0,500296553284424; 0,499703446715576
2874; 2; 1; 0; 1; 0; 1; 0; 1; 0
2875; 16; 0; 0; 1; 1; 1; 0; 1; 0
2878; 2; 0; 0; 1; 1; 1; 0; 1; 0
2883; 16; 0; 0; 1; 1; 1; 0; 1; 0
2911; 10; 0; 0; 1; 1; 1; 0; 1; 0
2921; 14; 0; 10; 0,0714285714285714; 0,0714285714285714; 0; 1; 0; 1
2936; 20; 0; 0; 1; 1; 1; 0; 1; 0
2952; 10; 0; 0; 1; 1; 1; 0; 1; 0
2957; 2; 0; 0; 1; 1; 1; 0; 1; 0
2963; 3; 0; 0; 1; 1; 1; 0; 1; 0
2973; 2; 0; 0; 0,5; 0,5; 1; 0; 1; 0
2992; 2; 0; 0; 1; 1; 1; 0; 1; 0
3011; 20; 0; 0; 1; 1; 1; 0; 1; 0
3018; 2; 1; 0; 1; 0; 1; 0; 1; 0
3060; 2; 0; 0; 1; 1; 1; 0; 1; 0
3063; 10; 0; 0; 1; 1; 1; 0; 1; 0
3082; 3; 0; 0; 1; 1; 1; 0; 1; 0
3095; 16; 0; 0; 1; 1; 1; 0; 1; 0
3103; 3; 0; 0; 1; 1; 1; 0; 1; 0
3121; 2; 0; 1; 0,5; 0,5; 0; 0; 0,500599967389935; 0,499400032610065
3129; 16; 0; 0; 1; 1; 1; 0; 1; 0
3152; 3; 0; 0; 1; 1; 1; 0; 1; 0
3158; 2; 0; 0; 1; 1; 1; 0; 1; 0
3160; 2; 0; 0; 0,5; 0,5; 1; 0; 1; 0
3212; 22; 0; 0; 0,0454545454545455; 0,0454545454545455; 1; 0; 1; 0
3214; 3; 0; 0; 1; 1; 1; 0; 1; 0
3220; 11; 0; 0; 0,0909090909090909; 0,0909090909090909; 1; 0; 1; 0
3225; 10; 0; 0; 1; 1; 1; 0; 1; 0
3226; 2; 1; 1; 1; 1; 0; 0; 0,499975874235971; 0,500024125764029
3229; 26; 0; 0; 1; 1; 1; 0; 1; 0
3247; 2; 0; 0; 0,5; 0,5; 1; 0; 1; 0
3270; 2; 0; 0; 1; 1; 1; 0; 1; 0
3284; 3; 0; 0; 1; 1; 1; 0; 1; 0
3304; 2; 0; 0; 1; 1; 1; 0; 1; 0
3315; 2; 0; 0; 1; 1; 1; 0; 1; 0
3316; 10; 0; 0; 1; 1; 1; 0; 1; 0
3321; 16; 0; 0; 1; 1; 1; 0; 1; 0
3324; 2; 0; 0; 1; 1; 1; 0; 1; 0
3327; 19; 0; 0; 1; 1; 1; 0; 1; 0
3329; 11; 0; 0; 0,0909090909090909; 0,0909090909090909; 1; 0; 1; 0
3332; 19; 0; 1; 1; 0; 0; 0; 0,334175033414952; 0,665824966585048
3336; 3; 0; 0; 1; 1; 1; 0; 1; 0
3355; 2; 0; 0; 1; 1; 1; 0; 1; 0
3369; 10; 0; 0; 1; 1; 1; 0; 1; 0
3395; 22; 0; 0; 0,0454545454545455; 0,0454545454545455; 1; 0; 1; 0
3402; 2; 0; 0; 0,5; 0,5; 1; 0; 1; 0
3420; 2; 0; 0; 1; 1; 1; 0; 1; 0
3432; 4; 0; 0; 1; 1; 1; 0; 1; 0
3475; 2; 0; 0; 1; 1; 1; 0; 1; 0
3484; 10; 0; 1; 0,1; 0,1; 0; 1; 0; 1
3486; 6; 0; 0; 1; 1; 1; 0; 1; 0
3515; 10; 0; 0; 1; 1; 1; 0; 1; 0
3527; 2; 0; 0; 1; 1; 1; 0; 1; 0
3539; 3; 0; 0; 1; 1; 1; 0; 1; 0
3550; 2; 0; 0; 1; 1; 1; 0; 1; 0
3559; 10; 0; 0; 1; 1; 1; 0; 1; 0
3562; 2; 0; 0; 1; 1; 1; 0; 1; 0
3567; 16; 0; 0; 1; 1; 1; 0; 1; 0
3570; 16; 0; 0; 1; 1; 1; 0; 1; 0
3585; 10; 0; 0; 1; 1; 1; 0; 1; 0
3586; 2; 0; 0; 1; 1; 1; 0; 1; 0
3593; 2; 0; 0; 1; 1; 1; 0; 1; 0
3594; 3; 0; 0; 1; 1; 1; 0; 1; 0
3600; 3; 0; 0; 1; 1; 1; 0; 1; 0
3604; 2; 0; 1; 1; 0; 0; 1; 0; 1
3611; 3; 0; 0; 0,333333333333333; 0,333333333333333; 1; 0; 1; 0
3676; 10; 0; 0; 1; 1; 1; 0; 1; 0
3695; 10; 0; 0; 1; 1; 1; 0; 1; 0
3697; 10; 0; 0; 1; 1; 1; 0; 1; 0
3701; 3; 0; 0; 1; 1; 1; 0; 1; 0
3752; 3; 0; 0; 1; 1; 1; 0; 1; 0
3764; 18; 0; 0; 1; 1; 1; 0; 1; 0
3795; 2; 0; 0; 1; 1; 1; 0; 1; 0
3798; 11; 0; 0; 1; 1; 1; 0; 1; 0
3805; 3; 0; 0; 1; 1; 1; 0; 1; 0
3806; 3; 0; 0; 1; 1; 1; 0; 1; 0
3809; 4; 0; 0; 1; 1; 1; 0; 1; 0
3817; 20; 0; 0; 1; 1; 1; 0; 1; 0
3822; 16; 0; 0; 0,0625; 0,0625; 1; 0; 1; 0
3824; 4; 0; 1; 1; 0; 0; 0; 0,500296553284424; 0,499703446715576
3843; 16; 0; 0; 1; 1; 1; 0; 1; 0
3846; 2; 0; 0; 1; 1; 1; 0; 1; 0
3942; 2; 0; 0; 1; 1; 1; 0; 1; 0
3958; 2; 0; 0; 0,5; 0,5; 1; 0; 1; 0
3962; 10; 0; 0; 1; 1; 1; 0; 1; 0
3964; 2; 0; 0; 1; 1; 1; 0; 1; 0
3984; 20; 0; 0; 1; 1; 1; 0; 1; 0
3997; 10; 0; 0; 1; 1; 1; 0; 1; 0
4029; 11; 0; 0; 1; 1; 1; 0; 1; 0
4030; 2; 0; 0; 1; 1; 1; 0; 1; 0
4039; 2; 0; 0; 1; 1; 1; 0; 1; 0
4055; 16; 0; 0; 1; 1; 1; 0; 1; 0
4069; 22; 0; 0; 1; 1; 1; 0; 1; 0
4083; 10; 0; 0; 1; 1; 1; 0; 1; 0
4108; 2; 1; 0; 1; 0; 1; 0; 1; 0
4125; 48; 0; 0; 1; 1; 1; 0; 1; 0
4129; 10; 0; 0; 1; 1; 1; 0; 1; 0
4144; 2; 0; 0; 1; 1; 1; 0; 1; 0
4153; 2; 0; 0; 1; 1; 1; 0; 1; 0
4193; 8; 0; 0; 1; 1; 1; 0; 1; 0
4195; 10; 0; 0; 1; 1; 1; 0; 1; 0
4207; 16; 0; 0; 0,0625; 0,0625; 1; 0; 1; 0
4223; 18; 0; 2; 1; 0; 0; 0; 0,249836158183357; 0,750163841816643
4225; 10; 0; 0; 1; 1; 1; 0; 1; 0
4242; 2; 0; 0; 1; 1; 1; 0; 1; 0
4245; 13; 0; 2; 1; 0; 0; 1; 0; 1
4258; 13; 2; 2; 1; 1; 0; 0; 0,251375822415968; 0,748624177584032
4273; 22; 0; 0; 1; 1; 1; 0; 1; 0
4278; 20; 0; 0; 1; 1; 1; 0; 1; 0
4293; 3; 0; 1; 0,333333333333333; 0,333333333333333; 0; 0; 0,124080736305665; 0,875919263694335
4294; 2; 0; 1; 1; 0; 0; 1; 0; 1
4317; 3; 0; 0; 0,333333333333333; 0,333333333333333; 1; 0; 1; 0
4331; 10; 0; 0; 1; 1; 1; 0; 1; 0
4335; 4; 0; 0; 1; 1; 1; 0; 1; 0
4339; 3; 0; 0; 1; 1; 1; 0; 1; 0
4354; 2; 0; 0; 1; 1; 1; 0; 1; 0
4372; 20; 0; 0; 1; 1; 1; 0; 1; 0
4379; 2; 0; 0; 1; 1; 1; 0; 1; 0
4392; 2; 0; 1; 1; 0; 0; 0; 0,500256624585928; 0,499743375414072
4436; 2; 0; 0; 1; 1; 1; 0; 1; 0
4479; 10; 2; 1; 1; 0; 0; 0; 0,37362349693995; 0,62637650306005
4486; 20; 0; 0; 1; 1; 1; 0; 1; 0
4497; 2; 0; 0; 1; 1; 1; 0; 1; 0
4503; 176; 0; 0; 1; 1; 1; 0; 1; 0
4512; 20; 0; 0; 1; 1; 1; 0; 1; 0
4517; 3; 0; 0; 1; 1; 1; 0; 1; 0
4523; 8; 0; 0; 1; 1; 1; 0; 1; 0
4528; 2; 0; 0; 1; 1; 1; 0; 1; 0
4534; 18; 0; 2; 0,0555555555555555; 0,0555555555555555; 0; 0; 0,334384756660017; 0,665615243339983
4565; 10; 0; 0; 1; 1; 1; 0; 1; 0
4580; 2; 0; 0; 1; 1; 1; 0; 1; 0
4592; 16; 0; 0; 1; 1; 1; 0; 1; 0
4598; 2; 0; 0; 1; 1; 1; 0; 1; 0
4614; 18; 0; 0; 1; 1; 1; 0; 1; 0
4622; 10; 0; 0; 1; 1; 1; 0; 1; 0
4628; 10; 0; 0; 1; 1; 1; 0; 1; 0
4634; 4; 0; 0; 1; 1; 1; 0; 1; 0
4645; 8; 0; 0; 1; 1; 1; 0; 1; 0
4670; 2; 0; 0; 1; 1; 1; 0; 1; 0
4686; 4; 0; 0; 1; 1; 1; 0; 1; 0
4704; 10; 0; 0; 1; 1; 1; 0; 1; 0
4706; 2; 0; 0; 1; 1; 1; 0; 1; 0
4710; 3; 0; 0; 1; 1; 1; 0; 1; 0
4734; 2; 0; 0; 1; 1; 1; 0; 1; 0
4747; 10; 0; 0; 0,1; 0,1; 1; 0; 1; 0
4755; 10; 0; 0; 1; 1; 1; 0; 1; 0
4765; 2; 0; 0; 1; 1; 1; 0; 1; 0
4771; 3; 0; 0; 1; 1; 1; 0; 1; 0
4783; 2; 0; 0; 1; 1; 1; 0; 1; 0
4784; 2; 0; 0; 1; 1; 1; 0; 1; 0
4812; 16; 0; 0; 1; 1; 1; 0; 1; 0
4845; 2; 1; 1; 1; 1; 0; 0; 0,166235758316226; 0,833764241683774
4877; 10; 0; 0; 1; 1; 1; 0; 1; 0
4919; 2; 0; 0; 1; 1; 1; 0; 1; 0
4924; 2; 1; 1; 1; 1; 0; 0; 0,33314918551223; 0,66685081448777
4927; 2; 0; 0; 1; 1; 1; 0; 1; 0
4932; 4; 0; 0; 1; 1; 1; 0; 1; 0
4933; 2; 0; 0; 1; 1; 1; 0; 1; 0
4954; 17; 0; 0; 1; 1; 1; 0; 1; 0
4965; 2; 1; 0; 1; 0; 1; 0; 1; 0
4968; 13; 0; 0; 1; 1; 1; 0; 1; 0
4970; 10; 0; 0; 1; 1; 1; 0; 1; 0
4972; 6; 0; 0; 1; 1; 1; 0; 1; 0
5003; 4; 0; 0; 1; 1; 1; 0; 1; 0
5067; 48; 0; 0; 1; 1; 1; 0; 1; 0
5073; 2; 1; 0; 1; 0; 1; 0; 1; 0
5077; 18; 0; 2; 1; 0; 0; 0; 0,249836158183357; 0,750163841816643
5090; 10; 0; 0; 1; 1; 1; 0; 1; 0
5134; 3; 0; 0; 1; 1; 1; 0; 1; 0
5144; 10; 0; 0; 1; 1; 1; 0; 1; 0
5153; 10; 0; 0; 1; 1; 1; 0; 1; 0
5188; 2; 0; 0; 1; 1; 1; 0; 1; 0
5200; 2; 0; 0; 1; 1; 1; 0; 1; 0
5203; 2; 0; 0; 1; 1; 1; 0; 1; 0
5211; 2; 1; 0; 1; 0; 1; 0; 1; 0
5223; 16; 0; 0; 1; 1; 1; 0; 1; 0
5227; 20; 0; 0; 1; 1; 1; 0; 1; 0
5238; 2; 1; 0; 1; 0; 1; 0; 1; 0
5263; 2; 0; 0; 1; 1; 1; 0; 1; 0
5291; 11; 0; 0; 1; 1; 1; 0; 1; 0
5298; 2; 0; 0; 1; 1; 1; 0; 1; 0
5306; 3; 2; 1; 1; 0; 0; 0; 0,125364729711433; 0,874635270288566
5311; 3; 2; 0; 1; 0; 1; 0; 1; 0
5321; 2; 0; 1; 1; 0; 0; 1; 0; 1
5324; 2; 0; 0; 1; 1; 1; 0; 1; 0
5338; 2; 0; 0; 1; 1; 1; 0; 1; 0
5343; 10; 0; 0; 1; 1; 1; 0; 1; 0
5355; 22; 0; 0; 1; 1; 1; 0; 1; 0
5357; 11; 0; 0; 1; 1; 1; 0; 1; 0
5359; 2; 0; 0; 1; 1; 1; 0; 1; 0
5375; 2; 1; 0; 1; 0; 1; 0; 1; 0
5396; 10; 0; 0; 1; 1; 1; 0; 1; 0
5402; 10; 0; 0; 1; 1; 1; 0; 1; 0
5419; 3; 0; 0; 1; 1; 1; 0; 1; 0
5435; 10; 0; 0; 1; 1; 1; 0; 1; 0
5445; 2; 0; 0; 1; 1; 1; 0; 1; 0
5456; 2; 0; 1; 1; 0; 0; 1; 0; 1
5464; 2; 0; 0; 1; 1; 1; 0; 1; 0
5481; 3; 0; 0; 1; 1; 1; 0; 1; 0
5491; 4; 0; 0; 1; 1; 1; 0; 1; 0
5518; 2; 0; 0; 1; 1; 1; 0; 1; 0
5524; 10; 0; 0; 1; 1; 1; 0; 1; 0
5526; 10; 0; 0; 1; 1; 1; 0; 1; 0
5548; 3; 0; 0; 1; 1; 1; 0; 1; 0
5564; 10; 0; 0; 1; 1; 1; 0; 1; 0
5571; 10; 0; 0; 1; 1; 1; 0; 1; 0
5575; 10; 0; 0; 1; 1; 1; 0; 1; 0
5636; 2; 0; 0; 1; 1; 1; 0; 1; 0
5662; 10; 0; 0; 1; 1; 1; 0; 1; 0
5702; 16; 0; 0; 1; 1; 1; 0; 1; 0
5716; 2; 1; 1; 1; 1; 0; 0; 0,334321691806297; 0,665678308193703
5753; 2; 0; 0; 1; 1; 1; 0; 1; 0
5759; 2; 0; 0; 1; 1; 1; 0; 1; 0
5783; 10; 0; 0; 1; 1; 1; 0; 1; 0
5795; 11; 0; 0; 1; 1; 1; 0; 1; 0
5800; 3; 0; 0; 1; 1; 1; 0; 1; 0
5804; 2; 0; 0; 1; 1; 1; 0; 1; 0
5833; 2; 0; 0; 1; 1; 1; 0; 1; 0
5853; 18; 0; 0; 1; 1; 1; 0; 1; 0
5859; 2; 1; 1; 1; 1; 0; 1; 0; 1
5889; 20; 0; 0; 1; 1; 1; 0; 1; 0
5892; 2; 0; 0; 1; 1; 1; 0; 1; 0
5930; 10; 0; 1; 1; 0; 0; 1; 0; 1
5932; 10; 0; 0; 1; 1; 1; 0; 1; 0
5947; 10; 0; 0; 1; 1; 1; 0; 1; 0
5951; 16; 0; 0; 1; 1; 1; 0; 1; 0
5980; 14; 10; 0; 1; 0; 1; 0; 1; 0
5993; 3; 0; 0; 1; 1; 1; 0; 1; 0
5996; 2; 0; 0; 1; 1; 1; 0; 1; 0
6004; 2; 0; 0; 1; 1; 1; 0; 1; 0
6026; 10; 0; 0; 0,1; 0,1; 1; 0; 1; 0
6031; 2; 0; 0; 1; 1; 1; 0; 1; 0
6032; 2; 0; 0; 1; 1; 1; 0; 1; 0
6042; 3; 1; 1; 1; 1; 0; 1; 0; 1
6055; 2; 0; 0; 1; 1; 1; 0; 1; 0
6062; 3; 0; 0; 1; 1; 1; 0; 1; 0
6066; 10; 0; 0; 1; 1; 1; 0; 1; 0
6076; 2; 1; 1; 1; 1; 0; 1; 0; 1
6083; 10; 0; 0; 1; 1; 1; 0; 1; 0
6108; 10; 0; 0; 1; 1; 1; 0; 1; 0
6112; 16; 0; 0; 1; 1; 1; 0; 1; 0
6119; 13; 2; 2; 1; 1; 0; 0; 0,251375822415968; 0,748624177584032
6125; 10; 0; 0; 1; 1; 1; 0; 1; 0
6139; 3; 0; 0; 1; 1; 1; 0; 1; 0
6153; 11; 0; 0; 1; 1; 1; 0; 1; 0
6163; 14; 0; 10; 0,0714285714285714; 0,0714285714285714; 0; 1; 0; 1
6206; 64; 0; 0; 1; 1; 1; 0; 1; 0
6209; 10; 0; 1; 0,1; 0,1; 0; 1; 0; 1
6224; 10; 0; 0; 1; 1; 1; 0; 1; 0
6229; 18; 0; 0; 1; 1; 1; 0; 1; 0
6231; 20; 0; 0; 1; 1; 1; 0; 1; 0
6236; 8; 0; 0; 1; 1; 1; 0; 1; 0
6268; 3; 0; 0; 1; 1; 1; 0; 1; 0
6281; 3; 0; 0; 1; 1; 1; 0; 1; 0
6283; 17; 0; 0; 1; 1; 1; 0; 1; 0
6292; 2; 0; 0; 1; 1; 1; 0; 1; 0
6297; 3; 0; 0; 1; 1; 1; 0; 1; 0
6301; 9; 6; 0; 1; 0; 1; 0; 1; 0
6321; 2; 0; 0; 1; 1; 1; 0; 1; 0
6323; 3; 0; 0; 1; 1; 1; 0; 1; 0
6334; 2; 0; 0; 1; 1; 1; 0; 1; 0
6341; 20; 1; 1; 0,1; 0,1; 0; 0; 0,500984484812199; 0,499015515187801
6343; 10; 0; 0; 1; 1; 1; 0; 1; 0
6346; 10; 0; 0; 1; 1; 1; 0; 1; 0
6379; 16; 0; 0; 0,0625; 0,0625; 1; 0; 1; 0
6453; 10; 0; 0; 1; 1; 1; 0; 1; 0
6463; 2; 1; 1; 1; 1; 0; 0; 0,251495310050949; 0,748504689949051
6464; 3; 0; 0; 1; 1; 1; 0; 1; 0
6495; 10; 0; 0; 1; 1; 1; 0; 1; 0
6503; 10; 0; 0; 0,1; 0,1; 1; 0; 1; 0
6504; 10; 0; 0; 1; 1; 1; 0; 1; 0
6507; 22; 0; 0; 1; 1; 1; 0; 1; 0
6511; 110; 0; 0; 1; 1; 1; 0; 1; 0
6515; 13; 2; 0; 1; 0; 1; 0; 1; 0
6523; 10; 0; 0; 1; 1; 1; 0; 1; 0
6526; 4; 1; 1; 1; 1; 0; 0; 0,500984484812199; 0,499015515187801
6543; 2; 1; 1; 1; 1; 0; 0; 0,165993405968281; 0,834006594031719
6549; 2; 0; 0; 1; 1; 1; 0; 1; 0
6569; 2; 0; 0; 1; 1; 1; 0; 1; 0
6615; 2; 0; 0; 1; 1; 1; 0; 1; 0
6675; 2; 0; 0; 1; 1; 1; 0; 1; 0
6678; 14; 10; 0; 1; 0; 1; 0; 1; 0
6682; 11; 0; 0; 1; 1; 1; 0; 1; 0
6704; 14; 0; 10; 0,0714285714285714; 0,0714285714285714; 0; 1; 0; 1
6718; 26; 1; 1; 1; 1; 0; 0; 0,499204896857961; 0,500795103142039
6730; 3; 0; 0; 1; 1; 1; 0; 1; 0
6739; 10; 0; 0; 1; 1; 1; 0; 1; 0
6749; 2; 1; 0; 1; 0; 1; 0; 1; 0
6753; 2; 0; 0; 1; 1; 1; 0; 1; 0
6767; 22; 0; 1; 1; 0; 0; 0; 0,332132797202093; 0,667867202797907
6787; 20; 0; 0; 1; 1; 1; 0; 1; 0
6794; 2; 0; 0; 1; 1; 1; 0; 1; 0
6824; 2; 0; 0; 1; 1; 1; 0; 1; 0
6836; 40; 0; 0; 1; 1; 1; 0; 1; 0
6837; 2; 1; 0; 1; 0; 1; 0; 1; 0
6863; 2; 0; 0; 1; 1; 1; 0; 1; 0
6866; 10; 0; 0; 1; 1; 1; 0; 1; 0
6898; 2; 0; 1; 0,5; 0,5; 0; 0; 0,37362349693995; 0,62637650306005
6900; 10; 3; 0; 0,1; 0,1; 1; 0; 1; 0
6901; 2; 0; 0; 1; 1; 1; 0; 1; 0
6903; 2; 0; 0; 1; 1; 1; 0; 1; 0
6907; 10; 0; 0; 1; 1; 1; 0; 1; 0
6909; 2; 0; 0; 1; 1; 1; 0; 1; 0
6912; 10; 0; 0; 1; 1; 1; 0; 1; 0
6918; 2; 0; 0; 1; 1; 1; 0; 1; 0
6923; 10; 0; 0; 1; 1; 1; 0; 1; 0
6936; 18; 1; 1; 1; 1; 0; 1; 0; 1
6937; 2; 0; 0; 0,5; 0,5; 1; 0; 1; 0
6942; 3; 2; 1; 1; 0; 0; 0; 0,428193131701094; 0,571806868298906
6960; 2; 0; 1; 1; 0; 0; 0; 0,331599996738756; 0,668400003261244
6970; 16; 0; 0; 1; 1; 1; 0; 1; 0
6986; 10; 0; 0; 1; 1; 1; 0; 1; 0
6989; 16; 0; 0; 1; 1; 1; 0; 1; 0
7011; 16; 0; 0; 1; 1; 1; 0; 1; 0
7034; 2; 0; 0; 1; 1; 1; 0; 1; 0
7039; 2; 0; 1; 1; 0; 0; 1; 0; 1
7040; 16; 0; 0; 1; 1; 1; 0; 1; 0
7047; 2; 1; 1; 1; 1; 0; 0; 0,334321691806297; 0,665678308193703
7077; 11; 0; 0; 1; 1; 1; 0; 1; 0
7092; 10; 0; 0; 1; 1; 1; 0; 1; 0
7110; 2; 1; 1; 1; 1; 0; 1; 0; 1
7130; 11; 0; 0; 1; 1; 1; 0; 1; 0
7139; 11; 0; 0; 1; 1; 1; 0; 1; 0
7140; 2; 0; 0; 1; 1; 1; 0; 1; 0
7143; 16; 0; 0; 1; 1; 1; 0; 1; 0
7154; 2; 0; 0; 1; 1; 1; 0; 1; 0
7155; 10; 0; 0; 1; 1; 1; 0; 1; 0
7175; 16; 0; 0; 1; 1; 1; 0; 1; 0
7200; 16; 0; 0; 1; 1; 1; 0; 1; 0
7244; 2; 0; 0; 1; 1; 1; 0; 1; 0
7262; 10; 0; 0; 1; 1; 1; 0; 1; 0
7266; 10; 0; 0; 1; 1; 1; 0; 1; 0
7270; 2; 0; 0; 1; 1; 1; 0; 1; 0
7278; 10; 0; 0; 1; 1; 1; 0; 1; 0
7279; 10; 0; 0; 1; 1; 1; 0; 1; 0
7283; 2; 1; 0; 1; 0; 1; 0; 1; 0
7287; 18; 1; 2; 1; 0; 0; 0; 0,500296553284424; 0,499703446715576
7303; 10; 0; 0; 1; 1; 1; 0; 1; 0
7314; 3; 1; 1; 1; 1; 0; 0; 0,333563697350795; 0,666436302649205
7316; 10; 0; 0; 1; 1; 1; 0; 1; 0
7332; 10; 0; 0; 1; 1; 1; 0; 1; 0
7334; 2; 0; 0; 1; 1; 1; 0; 1; 0
7335; 220; 0; 0; 1; 1; 1; 0; 1; 0
7344; 2; 0; 0; 1; 1; 1; 0; 1; 0
7345; 3; 0; 0; 1; 1; 1; 0; 1; 0
7364; 10; 0; 0; 1; 1; 1; 0; 1; 0
7383; 2; 0; 0; 1; 1; 1; 0; 1; 0
7415; 10; 0; 0; 1; 1; 1; 0; 1; 0
7418; 2; 0; 0; 1; 1; 1; 0; 1; 0
7437; 10; 0; 0; 1; 1; 1; 0; 1; 0
7449; 16; 0; 0; 1; 1; 1; 0; 1; 0
7454; 10; 0; 0; 1; 1; 1; 0; 1; 0
7473; 10; 0; 0; 1; 1; 1; 0; 1; 0
7497; 3; 0; 0; 1; 1; 1; 0; 1; 0
7522; 16; 0; 0; 1; 1; 1; 0; 1; 0
7528; 2; 0; 0; 1; 1; 1; 0; 1; 0
7532; 10; 0; 0; 1; 1; 1; 0; 1; 0
7538; 2; 1; 0; 1; 0; 1; 0; 1; 0
7550; 2; 0; 0; 1; 1; 1; 0; 1; 0
7552; 176; 0; 0; 1; 1; 1; 0; 1; 0
7571; 10; 0; 0; 1; 1; 1; 0; 1; 0
7580; 16; 0; 0; 1; 1; 1; 0; 1; 0
7582; 13; 0; 0; 1; 1; 1; 0; 1; 0
7584; 2; 0; 0; 1; 1; 1; 0; 1; 0
7617; 10; 0; 0; 1; 1; 1; 0; 1; 0
7624; 10; 0; 0; 1; 1; 1; 0; 1; 0
7626; 2; 1; 0; 0,5; 0,5; 1; 0; 1; 0
7646; 18; 1; 2; 1; 0; 0; 0; 0,334384756660017; 0,665615243339983
7651; 2; 0; 0; 1; 1; 1; 0; 1; 0
7662; 20; 0; 0; 1; 1; 1; 0; 1; 0
7663; 4; 0; 0; 1; 1; 1; 0; 1; 0
7668; 3; 0; 0; 1; 1; 1; 0; 1; 0
7685; 3; 0; 0; 1; 1; 1; 0; 1; 0
7700; 2; 1; 1; 1; 1; 0; 1; 0; 1
7701; 10; 0; 0; 1; 1; 1; 0; 1; 0
7702; 20; 0; 0; 1; 1; 1; 0; 1; 0
7703; 16; 0; 0; 1; 1; 1; 0; 1; 0
7712; 11; 0; 0; 1; 1; 1; 0; 1; 0
7721; 2; 0; 0; 1; 1; 1; 0; 1; 0
7724; 16; 0; 0; 1; 1; 1; 0; 1; 0
7731; 2; 1; 0; 1; 0; 1; 0; 1; 0
7739; 10; 0; 0; 1; 1; 1; 0; 1; 0
7748; 10; 0; 1; 1; 0; 0; 0; 0,49981868512858; 0,50018131487142
7752; 2; 0; 1; 1; 0; 0; 0; 0,200934938820447; 0,799065061179553
7754; 3; 0; 0; 1; 1; 1; 0; 1; 0
7784; 10; 0; 0; 1; 1; 1; 0; 1; 0
7796; 10; 0; 0; 1; 1; 1; 0; 1; 0
7820; 3; 0; 0; 1; 1; 1; 0; 1; 0
7832; 3; 2; 0; 1; 0; 1; 0; 1; 0
7839; 2; 0; 0; 1; 1; 1; 0; 1; 0
7841; 176; 0; 0; 1; 1; 1; 0; 1; 0
7843; 2; 0; 0; 1; 1; 1; 0; 1; 0
7869; 40; 0; 0; 1; 1; 1; 0; 1; 0
7884; 10; 0; 0; 1; 1; 1; 0; 1; 0
7886; 2; 0; 0; 1; 1; 1; 0; 1; 0
7921; 10; 0; 0; 1; 1; 1; 0; 1; 0
7937; 3; 0; 0; 1; 1; 1; 0; 1; 0
7939; 2; 0; 0; 1; 1; 1; 0; 1; 0
7959; 2; 0; 0; 1; 1; 1; 0; 1; 0
7966; 10; 0; 2; 1; 0; 0; 0; 0,249836158183357; 0,750163841816643
7974; 2; 0; 0; 1; 1; 1; 0; 1; 0
7983; 10; 0; 0; 1; 1; 1; 0; 1; 0
7989; 10; 0; 0; 1; 1; 1; 0; 1; 0
8007; 10; 0; 0; 1; 1; 1; 0; 1; 0
8012; 3; 0; 0; 1; 1; 1; 0; 1; 0
8019; 10; 0; 0; 1; 1; 1; 0; 1; 0
8041; 10; 0; 0; 1; 1; 1; 0; 1; 0
8050; 3; 0; 0; 1; 1; 1; 0; 1; 0
8090; 3; 0; 0; 1; 1; 1; 0; 1; 0
8125; 10; 0; 0; 1; 1; 1; 0; 1; 0
8130; 4; 0; 1; 1; 0; 0; 0; 0,500296553284424; 0,499703446715576
8136; 10; 0; 0; 1; 1; 1; 0; 1; 0
8140; 2; 0; 0; 1; 1; 1; 0; 1; 0
8183; 2; 1; 0; 0,5; 0,5; 1; 0; 1; 0
8194; 17; 9; 0; 0,0588235294117647; 0,0588235294117647; 1; 0; 1; 0
8197; 2; 0; 1; 1; 0; 0; 1; 0; 1
8206; 6; 0; 0; 1; 1; 1; 0; 1; 0
8209; 19; 0; 2; 1; 0; 0; 1; 0; 1
8214; 100; 0; 0; 1; 1; 1; 0; 1; 0
8215; 10; 0; 0; 1; 1; 1; 0; 1; 0
8224; 16; 0; 0; 1; 1; 1; 0; 1; 0
8253; 3; 0; 0; 1; 1; 1; 0; 1; 0
8286; 20; 0; 0; 1; 1; 1; 0; 1; 0
8304; 2; 0; 0; 1; 1; 1; 0; 1; 0
8307; 2; 1; 0; 0,5; 0,5; 1; 0; 1; 0
8312; 2; 0; 0; 1; 1; 1; 0; 1; 0
8336; 3; 0; 0; 1; 1; 1; 0; 1; 0
8357; 3; 0; 0; 1; 1; 1; 0; 1; 0
8359; 3; 0; 0; 1; 1; 1; 0; 1; 0
8366; 2; 0; 0; 1; 1; 1; 0; 1; 0
8369; 2; 0; 0; 1; 1; 1; 0; 1; 0
8373; 3; 0; 0; 1; 1; 1; 0; 1; 0
8375; 10; 0; 0; 1; 1; 1; 0; 1; 0
8389; 2; 0; 0; 1; 1; 1; 0; 1; 0
8400; 2; 0; 0; 1; 1; 1; 0; 1; 0
8408; 3; 0; 0; 1; 1; 1; 0; 1; 0
8413; 16; 0; 0; 1; 1; 1; 0; 1; 0
8436; 2; 1; 0; 0,5; 0,5; 1; 0; 1; 0
8445; 3; 0; 0; 1; 1; 1; 0; 1; 0
8451; 10; 0; 0; 1; 1; 1; 0; 1; 0
8456; 2; 1; 0; 0,5; 0,5; 1; 0; 1; 0
8462; 2; 1; 1; 1; 1; 0; 0; 0,500599967389935; 0,499400032610065
8489; 16; 0; 0; 1; 1; 1; 0; 1; 0
8496; 2; 0; 0; 1; 1; 1; 0; 1; 0
8505; 2; 0; 0; 1; 1; 1; 0; 1; 0
8508; 19; 10; 0; 0,0526315789473684; 0,0526315789473684; 1; 0; 1; 0
8512; 2; 1; 0; 0,5; 0,5; 1; 0; 1; 0
8530; 3; 0; 0; 1; 1; 1; 0; 1; 0
8536; 2; 0; 0; 1; 1; 1; 0; 1; 0
8545; 16; 0; 0; 1; 1; 1; 0; 1; 0
8548; 19; 2; 2; 1; 1; 0; 0; 0,500256624585928; 0,499743375414072
8550; 2; 0; 0; 1; 1; 1; 0; 1; 0
8565; 10; 0; 2; 1; 0; 0; 0; 0,249836158183357; 0,750163841816643
8600; 10; 0; 0; 1; 1; 1; 0; 1; 0
8605; 10; 0; 0; 1; 1; 1; 0; 1; 0
8606; 2; 0; 0; 1; 1; 1; 0; 1; 0
8608; 2; 0; 0; 1; 1; 1; 0; 1; 0
8609; 2; 0; 1; 1; 0; 0; 0; 0,500984484812199; 0,499015515187801
8623; 16; 0; 0; 1; 1; 1; 0; 1; 0
8625; 10; 0; 0; 1; 1; 1; 0; 1; 0
8627; 18; 0; 2; 1; 0; 0; 0; 0,249836158183357; 0,750163841816643
8650; 10; 5; 0; 0,1; 0,1; 1; 0; 1; 0
8655; 8; 2; 0; 0,25; 0,25; 1; 0; 1; 0
8674; 3; 0; 0; 1; 1; 1; 0; 1; 0
8701; 10; 0; 0; 1; 1; 1; 0; 1; 0
8703; 2; 0; 0; 1; 1; 1; 0; 1; 0
8705; 2; 0; 0; 1; 1; 1; 0; 1; 0
8713; 4; 1; 0; 0,5; 0,5; 1; 0; 1; 0
8724; 2; 0; 0; 1; 1; 1; 0; 1; 0
8728; 2; 0; 0; 1; 1; 1; 0; 1; 0
8754; 2; 0; 0; 1; 1; 1; 0; 1; 0
8757; 2; 0; 0; 1; 1; 1; 0; 1; 0
8793; 3; 0; 0; 1; 1; 1; 0; 1; 0
8796; 10; 0; 0; 1; 1; 1; 0; 1; 0
8803; 2; 0; 0; 1; 1; 1; 0; 1; 0
8810; 16; 0; 0; 1; 1; 1; 0; 1; 0
8820; 4; 2; 2; 1; 1; 0; 0; 0,401050177253079; 0,598949822746921
8823; 16; 0; 0; 1; 1; 1; 0; 1; 0
8827; 2; 1; 1; 1; 1; 0; 0; 0,248721534951423; 0,751278465048577
8831; 10; 0; 0; 1; 1; 1; 0; 1; 0
8834; 2; 0; 1; 1; 0; 0; 0; 0,199332582175966; 0,800667417824035
8839; 2; 0; 0; 1; 1; 1; 0; 1; 0
8865; 3; 1; 2; 1; 0; 0; 0; 0,499830914844845; 0,500169085155155
8889; 3; 0; 0; 1; 1; 1; 0; 1; 0
8902; 2; 0; 0; 1; 1; 1; 0; 1; 0
8903; 2; 0; 0; 1; 1; 1; 0; 1; 0
8904; 2; 0; 0; 1; 1; 1; 0; 1; 0
8909; 16; 0; 0; 1; 1; 1; 0; 1; 0
8922; 10; 0; 0; 1; 1; 1; 0; 1; 0
8926; 20; 0; 0; 1; 1; 1; 0; 1; 0
8935; 22; 0; 0; 1; 1; 1; 0; 1; 0
8936; 2; 0; 0; 1; 1; 1; 0; 1; 0
8948; 2; 0; 0; 1; 1; 1; 0; 1; 0
8949; 3; 0; 0; 1; 1; 1; 0; 1; 0
8951; 16; 0; 0; 1; 1; 1; 0; 1; 0
8956; 3; 0; 0; 1; 1; 1; 0; 1; 0
8961; 16; 0; 0; 1; 1; 1; 0; 1; 0
8962; 3; 0; 0; 1; 1; 1; 0; 1; 0
8975; 100; 0; 0; 1; 1; 1; 0; 1; 0
8978; 2; 0; 0; 1; 1; 1; 0; 1; 0
8994; 2; 1; 0; 1; 0; 1; 0; 1; 0
9010; 10; 0; 0; 1; 1; 1; 0; 1; 0
9018; 2; 0; 0; 1; 1; 1; 0; 1; 0
9039; 2; 0; 0; 1; 1; 1; 0; 1; 0
9040; 16; 0; 0; 1; 1; 1; 0; 1; 0
9060; 16; 0; 0; 1; 1; 1; 0; 1; 0
9069; 3; 0; 0; 1; 1; 1; 0; 1; 0
9088; 2; 1; 1; 1; 1; 0; 0; 0,199321718519391; 0,800678281480609
9089; 2; 0; 0; 1; 1; 1; 0; 1; 0
9090; 10; 0; 0; 1; 1; 1; 0; 1; 0
9117; 2; 1; 1; 1; 1; 0; 0; 0,50057903542205; 0,49942096457795
9123; 3; 0; 0; 1; 1; 1; 0; 1; 0
9172; 3; 2; 2; 1; 1; 0; 0; 0,124080736305665; 0,875919263694335
9178; 2; 0; 0; 1; 1; 1; 0; 1; 0
9198; 20; 0; 0; 1; 1; 1; 0; 1; 0
9203; 10; 0; 0; 1; 1; 1; 0; 1; 0
9204; 2; 0; 0; 1; 1; 1; 0; 1; 0
9205; 20; 0; 0; 1; 1; 1; 0; 1; 0
9213; 20; 0; 0; 1; 1; 1; 0; 1; 0
9253; 4; 0; 1; 1; 0; 0; 0; 0,500296553284424; 0,499703446715576
9258; 3; 0; 0; 1; 1; 1; 0; 1; 0
9260; 16; 0; 0; 1; 1; 1; 0; 1; 0
9287; 16; 0; 0; 1; 1; 1; 0; 1; 0
9298; 16; 0; 0; 1; 1; 1; 0; 1; 0
9314; 10; 0; 0; 1; 1; 1; 0; 1; 0
9318; 2; 0; 0; 1; 1; 1; 0; 1; 0
9331; 16; 0; 0; 1; 1; 1; 0; 1; 0
9360; 2; 0; 0; 1; 1; 1; 0; 1; 0
9371; 2; 0; 0; 1; 1; 1; 0; 1; 0
9389; 2; 1; 0; 0,5; 0,5; 1; 0; 1; 0
9419; 3; 1; 1; 1; 1; 0; 1; 0; 1
9421; 3; 0; 0; 1; 1; 1; 0; 1; 0
9423; 2; 0; 0; 1; 1; 1; 0; 1; 0
9436; 10; 0; 0; 1; 1; 1; 0; 1; 0
9446; 2; 0; 0; 1; 1; 1; 0; 1; 0
9451; 3; 0; 0; 1; 1; 1; 0; 1; 0
9456; 18; 1; 1; 1; 1; 0; 1; 0; 1
9462; 16; 0; 0; 1; 1; 1; 0; 1; 0
9464; 2; 0; 0; 1; 1; 1; 0; 1; 0
9472; 2; 0; 0; 1; 1; 1; 0; 1; 0
9477; 2; 1; 1; 1; 1; 0; 0; 0,167385047325938; 0,832614952674062
9495; 10; 0; 0; 1; 1; 1; 0; 1; 0
9509; 11; 6; 0; 0,0909090909090909; 0,0909090909090909; 1; 0; 1; 0
9523; 18; 1; 1; 1; 1; 0; 0; 0,250781242289067; 0,749218757710933
9536; 22; 3; 0; 1; 0; 1; 0; 1; 0
9560; 10; 0; 0; 1; 1; 1; 0; 1; 0
9609; 3; 0; 0; 1; 1; 1; 0; 1; 0
9615; 13; 2; 2; 1; 1; 0; 1; 0; 1
9620; 16; 0; 0; 1; 1; 1; 0; 1; 0
9662; 2; 0; 0; 1; 1; 1; 0; 1; 0
9671; 100; 0; 0; 1; 1; 1; 0; 1; 0
9726; 22; 0; 0; 1; 1; 1; 0; 1; 0
9738; 3; 0; 0; 1; 1; 1; 0; 1; 0
9746; 10; 0; 0; 1; 1; 1; 0; 1; 0
9752; 2; 0; 1; 1; 0; 0; 0; 0,333430975862548; 0,666569024137453
9758; 2; 0; 0; 1; 1; 1; 0; 1; 0
9772; 2; 0; 0; 1; 1; 1; 0; 1; 0
9773; 10; 0; 0; 1; 1; 1; 0; 1; 0
9774; 16; 9; 0; 0,0625; 0,0625; 1; 0; 1; 0
9777; 2; 0; 1; 1; 0; 0; 1; 0; 1
9787; 10; 0; 0; 1; 1; 1; 0; 1; 0
9807; 3; 0; 0; 1; 1; 1; 0; 1; 0
9808; 3; 1; 2; 1; 0; 0; 0; 0,499830914844845; 0,500169085155155
9826; 26; 2; 2; 1; 1; 0; 0; 0,400908225045092; 0,599091774954908
9833; 2; 0; 0; 1; 1; 1; 0; 1; 0
9834; 4; 1; 1; 1; 1; 0; 0; 0,499871699868275; 0,500128300131725
9841; 2; 0; 0; 1; 1; 1; 0; 1; 0
9842; 2; 1; 1; 1; 1; 0; 0; 0,200412394553236; 0,799587605446764
9881; 13; 0; 0; 1; 1; 1; 0; 1; 0
9884; 2; 0; 0; 1; 1; 1; 0; 1; 0
9913; 2; 1; 0; 1; 0; 1; 0; 1; 0
9917; 2; 1; 1; 1; 1; 0; 1; 0; 1
9923; 18; 1; 1; 1; 1; 0; 1; 0; 1
9928; 2; 0; 0; 1; 1; 1; 0; 1; 0
9953; 2; 0; 0; 1; 1; 1; 0; 1; 0
9981; 18; 1; 0; 1; 0; 1; 0; 1; 0
9984; 2; 0; 0; 1; 1; 1; 0; 1; 0
9988; 2; 0; 0; 1; 1; 1; 0; 1; 0
10008; 2; 0; 0; 1; 1; 1; 0; 1; 0
10022; 2; 1; 1; 1; 1; 0; 0; 0,167385047325938; 0,832614952674062
10058; 4; 2; 2; 1; 1; 0; 0; 0,25018242581366; 0,74981757418634
10061; 10; 0; 0; 1; 1; 1; 0; 1; 0
10067; 10; 0; 0; 1; 1; 1; 0; 1; 0
10084; 2; 0; 0; 1; 1; 1; 0; 1; 0
10124; 2; 0; 0; 1; 1; 1; 0; 1; 0
10131; 10; 0; 0; 1; 1; 1; 0; 1; 0
10133; 2; 0; 0; 1; 1; 1; 0; 1; 0
10135; 2; 1; 0; 1; 0; 1; 0; 1; 0
10161; 9; 0; 0; 1; 1; 1; 0; 1; 0
10172; 10; 5; 0; 0,1; 0,1; 1; 0; 1; 0
10199; 2; 1; 0; 1; 0; 1; 0; 1; 0
10200; 10; 0; 0; 1; 1; 1; 0; 1; 0
10211; 2; 1; 1; 1; 1; 0; 0; 0,332035938147038; 0,667964061852961
10221; 10; 0; 1; 1; 0; 0; 0; 0,334208340751588; 0,665791659248412
10223; 3; 0; 2; 1; 0; 0; 0; 0,125174011812684; 0,874825988187316
10227; 2; 1; 0; 1; 0; 1; 0; 1; 0
10233; 20; 0; 0; 1; 1; 1; 0; 1; 0
10237; 16; 0; 0; 1; 1; 1; 0; 1; 0
10239; 18; 0; 0; 1; 1; 1; 0; 1; 0
10242; 2; 1; 1; 1; 1; 0; 0; 0,33314918551223; 0,66685081448777
10249; 16; 0; 0; 1; 1; 1; 0; 1; 0
10271; 2; 0; 0; 1; 1; 1; 0; 1; 0
10298; 3; 0; 0; 1; 1; 1; 0; 1; 0
10309; 10; 0; 0; 1; 1; 1; 0; 1; 0
10313; 3; 0; 0; 1; 1; 1; 0; 1; 0
10333; 2; 0; 0; 1; 1; 1; 0; 1; 0
10337; 10; 0; 0; 1; 1; 1; 0; 1; 0
10363; 10; 0; 0; 1; 1; 1; 0; 1; 0
10364; 2; 0; 0; 1; 1; 1; 0; 1; 0
10374; 3; 0; 0; 1; 1; 1; 0; 1; 0
10378; 10; 0; 0; 1; 1; 1; 0; 1; 0
10380; 2; 1; 0; 0,5; 0,5; 1; 0; 1; 0
10385; 18; 1; 1; 1; 1; 0; 1; 0; 1
10411; 100; 0; 0; 1; 1; 1; 0; 1; 0
10427; 16; 0; 0; 1; 1; 1; 0; 1; 0
10431; 16; 0; 0; 1; 1; 1; 0; 1; 0
10442; 18; 1; 1; 1; 1; 0; 0; 0,250781242289067; 0,749218757710933
10453; 10; 0; 0; 1; 1; 1; 0; 1; 0
10456; 10; 0; 0; 1; 1; 1; 0; 1; 0
10494; 10; 0; 0; 1; 1; 1; 0; 1; 0
10503; 10; 0; 0; 1; 1; 1; 0; 1; 0
10508; 2; 0; 1; 1; 0; 0; 0; 0,333918879743881; 0,666081120256119
10518; 11; 0; 0; 1; 1; 1; 0; 1; 0
10526; 3; 0; 0; 1; 1; 1; 0; 1; 0
10528; 2; 0; 0; 1; 1; 1; 0; 1; 0
10544; 4; 0; 0; 1; 1; 1; 0; 1; 0
10545; 4; 0; 0; 1; 1; 1; 0; 1; 0
10553; 3; 0; 0; 1; 1; 1; 0; 1; 0
10575; 3; 0; 0; 1; 1; 1; 0; 1; 0
10576; 10; 0; 0; 1; 1; 1; 0; 1; 0
10580; 16; 0; 0; 1; 1; 1; 0; 1; 0
10586; 10; 0; 0; 1; 1; 1; 0; 1; 0
10588; 2; 0; 0; 1; 1; 1; 0; 1; 0
10602; 2; 0; 0; 1; 1; 1; 0; 1; 0
10609; 10; 0; 0; 1; 1; 1; 0; 1; 0
10618; 3; 0; 0; 1; 1; 1; 0; 1; 0
10621; 2; 0; 0; 1; 1; 1; 0; 1; 0
10628; 10; 0; 0; 1; 1; 1; 0; 1; 0
10641; 32; 1; 1; 1; 1; 0; 0; 0,499975874235971; 0,500024125764029
10645; 2; 1; 1; 1; 1; 0; 0; 0,166235758316226; 0,833764241683774
10654; 10; 0; 0; 1; 1; 1; 0; 1; 0
10657; 11; 0; 0; 1; 1; 1; 0; 1; 0
10661; 2; 0; 0; 1; 1; 1; 0; 1; 0
10662; 3; 2; 0; 1; 0; 1; 0; 1; 0
10670; 11; 0; 0; 1; 1; 1; 0; 1; 0
10672; 2; 0; 0; 1; 1; 1; 0; 1; 0
10677; 18; 0; 0; 1; 1; 1; 0; 1; 0
10678; 160; 0; 0; 1; 1; 1; 0; 1; 0
10687; 10; 0; 0; 1; 1; 1; 0; 1; 0
10694; 16; 9; 0; 0,0625; 0,0625; 1; 0; 1; 0
10696; 2; 0; 0; 1; 1; 1; 0; 1; 0
10699; 3; 0; 0; 1; 1; 1; 0; 1; 0
10709; 10; 2; 0; 1; 0; 1; 0; 1; 0
10714; 3; 0; 0; 1; 1; 1; 0; 1; 0
10731; 16; 0; 0; 1; 1; 1; 0; 1; 0
10767; 10; 0; 0; 1; 1; 1; 0; 1; 0
10777; 2; 0; 0; 1; 1; 1; 0; 1; 0
10784; 2; 0; 0; 1; 1; 1; 0; 1; 0
10833; 2; 0; 0; 1; 1; 1; 0; 1; 0
10852; 3; 0; 0; 1; 1; 1; 0; 1; 0
10858; 10; 0; 0; 1; 1; 1; 0; 1; 0
10868; 2; 1; 0; 0,5; 0,5; 1; 0; 1; 0
10919; 2; 1; 1; 1; 1; 0; 0; 0,166235758316226; 0,833764241683774
10921; 3; 0; 0; 1; 1; 1; 0; 1; 0
10934; 10; 5; 0; 0,1; 0,1; 1; 0; 1; 0
10953; 13; 0; 0; 1; 1; 1; 0; 1; 0
10964; 2; 0; 0; 1; 1; 1; 0; 1; 0
10975; 19; 0; 0; 1; 1; 1; 0; 1; 0
10976; 10; 0; 0; 1; 1; 1; 0; 1; 0
10984; 2; 1; 0; 0,5; 0,5; 1; 0; 1; 0
10990; 3; 2; 1; 1; 0; 0; 1; 0; 1
10993; 2; 0; 0; 1; 1; 1; 0; 1; 0
11009; 20; 0; 0; 1; 1; 1; 0; 1; 0
11020; 18; 1; 0; 1; 0; 1; 0; 1; 0
11025; 10; 0; 0; 1; 1; 1; 0; 1; 0
11028; 10; 0; 0; 1; 1; 1; 0; 1; 0
11044; 2; 1; 0; 1; 0; 1; 0; 1; 0
11050; 19; 0; 0; 1; 1; 1; 0; 1; 0
11055; 2; 0; 1; 1; 0; 0; 0; 0,334208340751588; 0,665791659248412
11097; 10; 0; 0; 1; 1; 1; 0; 1; 0
11138; 20; 0; 0; 1; 1; 1; 0; 1; 0
11151; 10; 0; 0; 1; 1; 1; 0; 1; 0
11152; 16; 0; 0; 1; 1; 1; 0; 1; 0
11158; 100; 0; 0; 1; 1; 1; 0; 1; 0
11196; 2; 0; 0; 1; 1; 1; 0; 1; 0
11229; 2; 0; 1; 1; 0; 0; 0; 0,200934938820447; 0,799065061179553
11251; 22; 3; 0; 1; 0; 1; 0; 1; 0
11255; 11; 6; 0; 0,0909090909090909; 0,0909090909090909; 1; 0; 1; 0
11290; 3; 0; 0; 1; 1; 1; 0; 1; 0
11295; 3; 0; 0; 1; 1; 1; 0; 1; 0
11297; 2; 0; 0; 1; 1; 1; 0; 1; 0
11306; 4; 0; 0; 1; 1; 1; 0; 1; 0
11317; 2; 1; 0; 0,5; 0,5; 1; 0; 1; 0
11320; 2; 0; 0; 1; 1; 1; 0; 1; 0
11329; 3; 0; 0; 1; 1; 1; 0; 1; 0
11352; 10; 0; 0; 1; 1; 1; 0; 1; 0
11366; 10; 0; 0; 1; 1; 1; 0; 1; 0
11373; 3; 0; 1; 1; 0; 0; 1; 0; 1
11379; 16; 0; 0; 1; 1; 1; 0; 1; 0
11381; 3; 0; 0; 1; 1; 1; 0; 1; 0
11406; 3; 0; 0; 1; 1; 1; 0; 1; 0
11412; 2; 0; 0; 1; 1; 1; 0; 1; 0
11414; 2; 1; 0; 0,5; 0,5; 1; 0; 1; 0
11425; 2; 0; 0; 1; 1; 1; 0; 1; 0
11428; 2; 0; 0; 1; 1; 1; 0; 1; 0
11453; 3; 0; 0; 1; 1; 1; 0; 1; 0
11479; 11; 6; 0; 0,0909090909090909; 0,0909090909090909; 1; 0; 1; 0
11496; 2; 0; 0; 1; 1; 1; 0; 1; 0
11508; 2; 0; 0; 1; 1; 1; 0; 1; 0
11512; 10; 0; 0; 1; 1; 1; 0; 1; 0
11513; 2; 1; 1; 1; 1; 0; 0; 0,333212359042951; 0,666787640957049
11522; 2; 1; 0; 1; 0; 1; 0; 1; 0
11528; 18; 10; 1; 0,0555555555555555; 0,0555555555555555; 0; 0; 0,250781242289067; 0,749218757710933
11534; 18; 10; 1; 0,0555555555555555; 0,0555555555555555; 0; 1; 0; 1
11556; 10; 2; 0; 1; 0; 1; 0; 1; 0
11573; 2; 1; 1; 1; 1; 0; 0; 0,428950995718092; 0,571049004281908
11591; 11; 0; 0; 1; 1; 1; 0; 1; 0
11599; 10; 0; 0; 1; 1; 1; 0; 1; 0
11604; 10; 0; 0; 1; 1; 1; 0; 1; 0
11613; 14; 8; 10; 0,0714285714285714; 0,0714285714285714; 0; 1; 0; 1
11657; 3; 0; 0; 1; 1; 1; 0; 1; 0
11658; 2; 0; 0; 1; 1; 1; 0; 1; 0
11663; 4; 1; 0; 1; 0; 1; 0; 1; 0
11685; 16; 0; 0; 1; 1; 1; 0; 1; 0
11694; 2; 0; 0; 1; 1; 1; 0; 1; 0
11697; 2; 1; 0; 0,5; 0,5; 1; 0; 1; 0
11727; 3; 0; 0; 1; 1; 1; 0; 1; 0
11737; 4; 2; 1; 0,25; 0,25; 0; 0; 0,500296553284424; 0,499703446715576
11806; 2; 1; 1; 0,5; 0,5; 0; 0; 0,500296553284424; 0,499703446715576
11848; 2; 1; 1; 1; 1; 0; 0; 0,500599967389935; 0,499400032610065
11866; 2; 0; 0; 1; 1; 1; 0; 1; 0
11868; 16; 0; 0; 1; 1; 1; 0; 1; 0
11888; 2; 1; 1; 1; 1; 0; 0; 0,200934938820447; 0,799065061179553
11904; 13; 0; 0; 1; 1; 1; 0; 1; 0
11910; 34; 18; 0; 0,0588235294117647; 0,0588235294117647; 1; 0; 1; 0
11935; 3; 0; 0; 1; 1; 1; 0; 1; 0
11942; 2; 0; 0; 1; 1; 1; 0; 1; 0
11950; 3; 0; 0; 1; 1; 1; 0; 1; 0
11967; 10; 2; 0; 1; 0; 1; 0; 1; 0
11973; 18; 10; 2; 0,0555555555555555; 0,0555555555555555; 0; 0; 0,500296553284424; 0,499703446715576
11980; 10; 0; 0; 1; 1; 1; 0; 1; 0
11987; 4; 0; 0; 1; 1; 1; 0; 1; 0
12005; 3; 0; 0; 1; 1; 1; 0; 1; 0
12014; 10; 0; 0; 1; 1; 1; 0; 1; 0
12024; 2; 0; 0; 1; 1; 1; 0; 1; 0
12082; 2; 1; 1; 1; 1; 0; 0; 0,332035938147038; 0,667964061852961
12101; 10; 0; 0; 1; 1; 1; 0; 1; 0
12105; 10; 0; 0; 1; 1; 1; 0; 1; 0
12113; 2; 0; 0; 1; 1; 1; 0; 1; 0
12137; 2; 0; 0; 1; 1; 1; 0; 1; 0
12150; 2; 1; 1; 0,5; 0,5; 0; 0; 0,167385047325938; 0,832614952674062
12160; 16; 0; 0; 1; 1; 1; 0; 1; 0
12162; 10; 0; 0; 1; 1; 1; 0; 1; 0
12163; 2; 0; 0; 1; 1; 1; 0; 1; 0
12181; 10; 0; 0; 1; 1; 1; 0; 1; 0
12195; 10; 0; 0; 1; 1; 1; 0; 1; 0
12213; 2; 1; 1; 0,5; 0,5; 0; 0; 0,334384756660017; 0,665615243339983
12223; 10; 0; 0; 1; 1; 1; 0; 1; 0
12226; 2; 1; 1; 1; 1; 0; 0; 0,200412394553236; 0,799587605446764
12227; 4; 0; 0; 1; 1; 1; 0; 1; 0
12228; 4; 1; 1; 1; 1; 0; 0; 0,334791303513529; 0,665208696486471
12236; 2; 0; 0; 1; 1; 1; 0; 1; 0
12237; 10; 5; 0; 0,1; 0,1; 1; 0; 1; 0
12248; 3; 0; 0; 1; 1; 1; 0; 1; 0
12255; 16; 0; 0; 1; 1; 1; 0; 1; 0
12258; 3; 0; 0; 1; 1; 1; 0; 1; 0
12273; 2; 0; 0; 1; 1; 1; 0; 1; 0
12274; 2; 0; 0; 1; 1; 1; 0; 1; 0
12301; 10; 0; 0; 1; 1; 1; 0; 1; 0
12305; 10; 0; 0; 1; 1; 1; 0; 1; 0
12345; 32; 1; 1; 0,5; 0,5; 0; 0; 0,500984484812199; 0,499015515187801
12360; 2; 0; 0; 1; 1; 1; 0; 1; 0
12365; 100; 0; 0; 1; 1; 1; 0; 1; 0
12372; 10; 0; 0; 1; 1; 1; 0; 1; 0
12383; 48; 0; 0; 1; 1; 1; 0; 1; 0
12393; 2; 0; 0; 1; 1; 1; 0; 1; 0
12400; 8; 0; 0; 1; 1; 1; 0; 1; 0
12431; 10; 0; 0; 1; 1; 1; 0; 1; 0
12434; 18; 10; 2; 0,0555555555555555; 0,0555555555555555; 0; 0; 0,249836158183357; 0,750163841816643
12445; 10; 5; 0; 0,1; 0,1; 1; 0; 1; 0
12453; 2; 0; 0; 1; 1; 1; 0; 1; 0
12462; 2; 0; 0; 1; 1; 1; 0; 1; 0
12486; 10; 0; 0; 1; 1; 1; 0; 1; 0
12489; 10; 2; 0; 1; 0; 1; 0; 1; 0
12513; 8; 0; 0; 1; 1; 1; 0; 1; 0
12514; 10; 0; 0; 1; 1; 1; 0; 1; 0
12515; 10; 0; 0; 1; 1; 1; 0; 1; 0
12535; 3; 2; 2; 1; 1; 0; 1; 0; 1
12544; 2; 0; 0; 1; 1; 1; 0; 1; 0
12551; 4; 0; 0; 1; 1; 1; 0; 1; 0
12552; 10; 0; 0; 1; 1; 1; 0; 1; 0
12556; 4; 0; 0; 1; 1; 1; 0; 1; 0
12568; 2; 0; 0; 1; 1; 1; 0; 1; 0
12583; 3; 0; 0; 1; 1; 1; 0; 1; 0
12593; 16; 0; 0; 1; 1; 1; 0; 1; 0
12625; 20; 1; 0; 0,5; 0,5; 1; 0; 1; 0
12639; 3; 2; 0; 1; 0; 1; 0; 1; 0
12648; 10; 0; 0; 1; 1; 1; 0; 1; 0
12661; 10; 0; 0; 1; 1; 1; 0; 1; 0
12670; 18; 10; 2; 0,0555555555555555; 0,0555555555555555; 0; 0; 0,249836158183357; 0,750163841816643
12675; 2; 0; 0; 1; 1; 1; 0; 1; 0
12745; 3; 0; 0; 1; 1; 1; 0; 1; 0
12750; 2; 0; 0; 1; 1; 1; 0; 1; 0
12765; 11; 0; 0; 1; 1; 1; 0; 1; 0
12780; 100; 0; 0; 1; 1; 1; 0; 1; 0
12840; 10; 0; 0; 1; 1; 1; 0; 1; 0
12850; 2; 1; 1; 1; 1; 0; 1; 0; 1
12867; 2; 0; 0; 1; 1; 1; 0; 1; 0
12874; 2; 1; 1; 1; 1; 0; 0; 0,19881132297054; 0,80118867702946
12879; 18; 0; 0; 1; 1; 1; 0; 1; 0
12911; 16; 0; 0; 1; 1; 1; 0; 1; 0
12916; 2; 1; 1; 0,5; 0,5; 0; 0; 0,167385047325938; 0,832614952674062
12920; 10; 0; 0; 1; 1; 1; 0; 1; 0
12950; 2; 0; 0; 1; 1; 1; 0; 1; 0
12963; 4; 1; 0; 0,5; 0,5; 1; 0; 1; 0
12965; 10; 0; 0; 1; 1; 1; 0; 1; 0
12991; 10; 0; 0; 1; 1; 1; 0; 1; 0
12993; 2; 1; 1; 1; 1; 0; 0; 0,499954889917529; 0,500045110082471
13025; 2; 0; 0; 1; 1; 1; 0; 1; 0
13029; 10; 0; 0; 1; 1; 1; 0; 1; 0
13047; 2; 0; 0; 1; 1; 1; 0; 1; 0
13055; 10; 2; 0; 1; 0; 1; 0; 1; 0
13058; 8; 0; 0; 1; 1; 1; 0; 1; 0
13070; 2; 0; 0; 1; 1; 1; 0; 1; 0
13099; 16; 0; 0; 1; 1; 1; 0; 1; 0
13100; 2; 0; 0; 1; 1; 1; 0; 1; 0
13108; 16; 0; 0; 1; 1; 1; 0; 1; 0
13112; 180; 0; 0; 1; 1; 1; 0; 1; 0
13121; 3; 0; 0; 1; 1; 1; 0; 1; 0
13128; 10; 0; 0; 1; 1; 1; 0; 1; 0
13150; 2; 0; 0; 1; 1; 1; 0; 1; 0
13151; 10; 0; 0; 1; 1; 1; 0; 1; 0
13154; 8; 0; 0; 1; 1; 1; 0; 1; 0
13167; 2; 0; 0; 1; 1; 1; 0; 1; 0
13170; 10; 0; 0; 1; 1; 1; 0; 1; 0
13175; 2; 0; 0; 1; 1; 1; 0; 1; 0
13179; 16; 0; 0; 1; 1; 1; 0; 1; 0
13209; 2; 1; 0; 1; 0; 1; 0; 1; 0
13212; 10; 0; 0; 1; 1; 1; 0; 1; 0
13216; 2; 1; 0; 1; 0; 1; 0; 1; 0
13236; 10; 0; 0; 1; 1; 1; 0; 1; 0
13237; 10; 0; 0; 1; 1; 1; 0; 1; 0
13249; 2; 1; 1; 1; 1; 0; 0; 0,33314918551223; 0,66685081448777
13301; 2; 0; 0; 1; 1; 1; 0; 1; 0
13312; 3; 0; 0; 1; 1; 1; 0; 1; 0
13325; 10; 0; 0; 1; 1; 1; 0; 1; 0
13328; 4; 0; 0; 1; 1; 1; 0; 1; 0
13363; 20; 0; 0; 1; 1; 1; 0; 1; 0
13373; 2; 0; 0; 1; 1; 1; 0; 1; 0
13393; 3; 0; 0; 1; 1; 1; 0; 1; 0
13395; 22; 3; 0; 1; 0; 1; 0; 1; 0
13400; 19; 0; 0; 1; 1; 1; 0; 1; 0
13405; 2; 0; 0; 1; 1; 1; 0; 1; 0
13418; 3; 0; 0; 1; 1; 1; 0; 1; 0
13422; 2; 1; 1; 0,5; 0,5; 0; 1; 0; 1
13424; 10; 5; 0; 0,1; 0,1; 1; 0; 1; 0
13426; 2; 1; 1; 0,5; 0,5; 0; 0; 0,333918879743881; 0,666081120256119
13441; 2; 1; 1; 0,5; 0,5; 0; 0; 0,500256624585928; 0,499743375414072
13469; 2; 0; 0; 1; 1; 1; 0; 1; 0
13470; 2; 0; 0; 1; 1; 1; 0; 1; 0
13472; 2; 0; 0; 1; 1; 1; 0; 1; 0
13494; 10; 0; 0; 1; 1; 1; 0; 1; 0
13503; 16; 0; 0; 1; 1; 1; 0; 1; 0
13513; 2; 0; 0; 1; 1; 1; 0; 1; 0
13515; 16; 9; 0; 0,0625; 0,0625; 1; 0; 1; 0
13523; 2; 0; 0; 1; 1; 1; 0; 1; 0
13540; 2; 1; 1; 0,5; 0,5; 0; 0; 0,331599996738756; 0,668400003261244
13571; 2; 1; 0; 1; 0; 1; 0; 1; 0
13572; 2; 0; 0; 1; 1; 1; 0; 1; 0
13583; 2; 1; 1; 1; 1; 0; 0; 0,165993405968281; 0,834006594031719
13603; 10; 0; 0; 1; 1; 1; 0; 1; 0
13626; 10; 0; 0; 1; 1; 1; 0; 1; 0
13645; 32; 1; 1; 0,5; 0,5; 0; 0; 0,500599967389935; 0,499400032610065
13660; 10; 0; 0; 1; 1; 1; 0; 1; 0
13684; 18; 0; 0; 1; 1; 1; 0; 1; 0
13689; 2; 0; 0; 1; 1; 1; 0; 1; 0
13720; 3; 0; 0; 1; 1; 1; 0; 1; 0
13723; 4; 0; 0; 1; 1; 1; 0; 1; 0
13737; 20; 0; 0; 1; 1; 1; 0; 1; 0
13745; 2; 1; 0; 1; 0; 1; 0; 1; 0
13746; 180; 0; 0; 1; 1; 1; 0; 1; 0
13750; 18; 0; 0; 1; 1; 1; 0; 1; 0
13777; 2; 1; 0; 1; 0; 1; 0; 1; 0
13803; 10; 5; 2; 0,1; 0,1; 0; 0; 0,249836158183357; 0,750163841816643
13846; 2; 1; 0; 1; 0; 1; 0; 1; 0
13879; 3; 0; 0; 1; 1; 1; 0; 1; 0
13894; 2; 0; 0; 1; 1; 1; 0; 1; 0
13898; 8; 0; 0; 1; 1; 1; 0; 1; 0
13905; 10; 0; 0; 1; 1; 1; 0; 1; 0
13907; 4; 0; 0; 1; 1; 1; 0; 1; 0
13927; 3; 0; 0; 1; 1; 1; 0; 1; 0
13951; 10; 0; 0; 1; 1; 1; 0; 1; 0
13985; 16; 0; 0; 1; 1; 1; 0; 1; 0
13996; 2; 1; 1; 0,5; 0,5; 0; 0; 0,428950995718092; 0,571049004281908
14006; 2; 0; 0; 1; 1; 1; 0; 1; 0
14022; 2; 0; 0; 1; 1; 1; 0; 1; 0
14029; 2; 1; 0; 1; 0; 1; 0; 1; 0
14072; 2; 0; 0; 1; 1; 1; 0; 1; 0
14085; 2; 0; 0; 1; 1; 1; 0; 1; 0
14108; 2; 0; 0; 1; 1; 1; 0; 1; 0
14112; 19; 10; 0; 0,0526315789473684; 0,0526315789473684; 1; 0; 1; 0
14128; 2; 0; 0; 1; 1; 1; 0; 1; 0
14139; 10; 0; 0; 1; 1; 1; 0; 1; 0
14143; 16; 0; 0; 1; 1; 1; 0; 1; 0
14148; 2; 0; 0; 1; 1; 1; 0; 1; 0
14152; 2; 0; 0; 1; 1; 1; 0; 1; 0
14196; 2; 0; 0; 1; 1; 1; 0; 1; 0
14198; 2; 0; 0; 1; 1; 1; 0; 1; 0
14201; 2; 1; 1; 1; 1; 0; 0; 0,334321691806297; 0,665678308193703
14206; 8; 0; 0; 1; 1; 1; 0; 1; 0
14214; 2; 1; 0; 1; 0; 1; 0; 1; 0
14218; 3; 0; 0; 1; 1; 1; 0; 1; 0
14219; 2; 0; 0; 1; 1; 1; 0; 1; 0
14222; 3; 0; 0; 1; 1; 1; 0; 1; 0
14225; 16; 0; 0; 1; 1; 1; 0; 1; 0
14236; 2; 0; 0; 1; 1; 1; 0; 1; 0
14247; 2; 0; 0; 1; 1; 1; 0; 1; 0
14256; 14; 8; 10; 0,0714285714285714; 0,0714285714285714; 0; 1; 0; 1
14264; 11; 0; 0; 1; 1; 1; 0; 1; 0
14291; 16; 0; 0; 1; 1; 1; 0; 1; 0
14311; 48; 0; 0; 1; 1; 1; 0; 1; 0
14324; 4; 1; 0; 0,5; 0,5; 1; 0; 1; 0
14326; 4; 0; 0; 1; 1; 1; 0; 1; 0
14332; 3; 0; 2; 1; 0; 0; 1; 0; 1
14333; 2; 1; 1; 1; 1; 0; 0; 0,33314918551223; 0,66685081448777
14350; 2; 0; 0; 1; 1; 1; 0; 1; 0
14364; 2; 0; 0; 1; 1; 1; 0; 1; 0
14370; 2; 0; 0; 1; 1; 1; 0; 1; 0
14371; 13; 2; 0; 1; 0; 1; 0; 1; 0
14390; 2; 1; 1; 1; 1; 0; 0; 0,16770376453751; 0,83229623546249
14427; 16; 0; 0; 1; 1; 1; 0; 1; 0
14431; 10; 0; 2; 1; 0; 0; 1; 0; 1
14444; 3; 0; 0; 1; 1; 1; 0; 1; 0
14445; 10; 0; 0; 1; 1; 1; 0; 1; 0
14457; 2; 0; 0; 1; 1; 1; 0; 1; 0
14468; 19; 0; 1; 1; 0; 0; 0; 0,334175033414952; 0,665824966585048
14477; 2; 0; 1; 1; 0; 0; 0; 0,500215875216579; 0,499784124783421
14491; 4; 0; 0; 1; 1; 1; 0; 1; 0
14524; 3; 0; 0; 1; 1; 1; 0; 1; 0
14535; 10; 0; 0; 1; 1; 1; 0; 1; 0
14545; 10; 5; 0; 0,1; 0,1; 1; 0; 1; 0
14555; 2; 1; 1; 1; 1; 0; 0; 0,500256624585928; 0,499743375414072
14569; 10; 0; 0; 1; 1; 1; 0; 1; 0
14573; 2; 0; 0; 1; 1; 1; 0; 1; 0
14576; 100; 0; 0; 1; 1; 1; 0; 1; 0
14586; 10; 0; 0; 1; 1; 1; 0; 1; 0
14618; 2; 0; 0; 1; 1; 1; 0; 1; 0
14632; 2; 0; 0; 1; 1; 1; 0; 1; 0
14634; 2; 0; 0; 1; 1; 1; 0; 1; 0
14643; 10; 0; 0; 1; 1; 1; 0; 1; 0
14649; 10; 5; 0; 0,1; 0,1; 1; 0; 1; 0
14650; 2; 0; 0; 1; 1; 1; 0; 1; 0
14656; 10; 0; 0; 1; 1; 1; 0; 1; 0
14665; 2; 0; 0; 1; 1; 1; 0; 1; 0
14674; 16; 0; 0; 1; 1; 1; 0; 1; 0
14677; 2; 0; 0; 1; 1; 1; 0; 1; 0
14681; 10; 0; 0; 1; 1; 1; 0; 1; 0
14682; 3; 0; 0; 1; 1; 1; 0; 1; 0
14706; 10; 0; 0; 1; 1; 1; 0; 1; 0
14719; 2; 0; 0; 1; 1; 1; 0; 1; 0
14721; 3; 0; 0; 1; 1; 1; 0; 1; 0
14724; 40; 0; 0; 1; 1; 1; 0; 1; 0
14740; 2; 0; 0; 1; 1; 1; 0; 1; 0
14764; 2; 0; 0; 1; 1; 1; 0; 1; 0
14803; 10; 0; 0; 1; 1; 1; 0; 1; 0
14811; 2; 0; 0; 1; 1; 1; 0; 1; 0
14817; 2; 0; 0; 1; 1; 1; 0; 1; 0
14826; 2; 0; 0; 1; 1; 1; 0; 1; 0
14827; 16; 9; 0; 0,0625; 0,0625; 1; 0; 1; 0
14829; 4; 0; 0; 1; 1; 1; 0; 1; 0
14833; 2; 0; 0; 1; 1; 1; 0; 1; 0
14838; 10; 5; 0; 0,1; 0,1; 1; 0; 1; 0
14852; 20; 0; 0; 1; 1; 1; 0; 1; 0
14853; 4; 0; 0; 1; 1; 1; 0; 1; 0
14858; 18; 0; 2; 1; 0; 0; 0; 0,249836158183357; 0,750163841816643
14862; 4; 0; 0; 1; 1; 1; 0; 1; 0
14867; 4; 0; 0; 1; 1; 1; 0; 1; 0
14872; 2; 1; 0; 1; 0; 1; 0; 1; 0
14874; 2; 1; 1; 1; 1; 0; 0; 0,499975874235971; 0,500024125764029
14875; 16; 0; 0; 1; 1; 1; 0; 1; 0
14919; 2; 1; 0; 1; 0; 1; 0; 1; 0
14921; 2; 1; 0; 0,5; 0,5; 1; 0; 1; 0
14931; 10; 0; 0; 1; 1; 1; 0; 1; 0
14939; 2; 0; 0; 1; 1; 1; 0; 1; 0
14942; 11; 0; 0; 1; 1; 1; 0; 1; 0
14954; 10; 0; 0; 1; 1; 1; 0; 1; 0
14972; 16; 0; 0; 1; 1; 1; 0; 1; 0
14973; 4; 0; 0; 1; 1; 1; 0; 1; 0
14978; 2; 1; 0; 0,5; 0,5; 1; 0; 1; 0
14980; 2; 0; 0; 1; 1; 1; 0; 1; 0
14998; 10; 5; 1; 0,1; 0,1; 0; 1; 0; 1
15010; 16; 0; 0; 1; 1; 1; 0; 1; 0
15018; 20; 0; 0; 1; 1; 1; 0; 1; 0
15019; 2; 0; 0; 1; 1; 1; 0; 1; 0
15033; 11; 0; 0; 1; 1; 1; 0; 1; 0
15037; 18; 10; 1; 0,0555555555555555; 0,0555555555555555; 0; 0; 0,249409700779955; 0,750590299220045
15038; 10; 0; 0; 1; 1; 1; 0; 1; 0
15050; 2; 1; 1; 1; 1; 0; 0; 0,500599967389935; 0,499400032610065
15054; 16; 0; 0; 1; 1; 1; 0; 1; 0
15057; 3; 0; 0; 1; 1; 1; 0; 1; 0
15060; 18; 10; 1; 0,0555555555555555; 0,0555555555555555; 0; 0; 0,249409700779955; 0,750590299220045
15067; 10; 0; 0; 1; 1; 1; 0; 1; 0
15071; 3; 0; 0; 1; 1; 1; 0; 1; 0
15075; 3; 0; 0; 1; 1; 1; 0; 1; 0
15083; 17; 0; 0; 1; 1; 1; 0; 1; 0
15086; 11; 0; 0; 1; 1; 1; 0; 1; 0
15111; 2; 0; 0; 1; 1; 1; 0; 1; 0
15127; 2; 0; 0; 1; 1; 1; 0; 1; 0
15134; 10; 0; 0; 1; 1; 1; 0; 1; 0
15144; 2; 0; 0; 1; 1; 1; 0; 1; 0
15165; 10; 0; 0; 1; 1; 1; 0; 1; 0
15166; 16; 0; 0; 1; 1; 1; 0; 1; 0
15167; 2; 1; 1; 0,5; 0,5; 0; 0; 0,37453846769788; 0,62546153230212
15174; 6; 0; 0; 1; 1; 1; 0; 1; 0
15182; 10; 0; 0; 1; 1; 1; 0; 1; 0
15185; 10; 5; 0; 0,1; 0,1; 1; 0; 1; 0
15187; 2; 0; 0; 1; 1; 1; 0; 1; 0
15194; 2; 1; 1; 1; 1; 0; 0; 0,500256624585928; 0,499743375414072
15208; 2; 1; 1; 0,5; 0,5; 0; 0; 0,499975874235971; 0,500024125764029
15213; 3; 0; 0; 1; 1; 1; 0; 1; 0
15216; 16; 0; 0; 1; 1; 1; 0; 1; 0
15217; 48; 0; 0; 1; 1; 1; 0; 1; 0
15224; 2; 0; 0; 1; 1; 1; 0; 1; 0
15267; 2; 0; 1; 1; 0; 0; 1; 0; 1
15272; 3; 0; 0; 1; 1; 1; 0; 1; 0
15281; 10; 0; 0; 1; 1; 1; 0; 1; 0
15283; 11; 0; 0; 1; 1; 1; 0; 1; 0
15284; 22; 12; 0; 0,0454545454545455; 0,0454545454545455; 1; 0; 1; 0
15286; 3; 1; 1; 0,333333333333333; 0,333333333333333; 0; 0; 0,428950995718092; 0,571049004281908
15287; 2; 0; 0; 1; 1; 1; 0; 1; 0
15288; 3; 0; 0; 1; 1; 1; 0; 1; 0
15295; 16; 0; 0; 1; 1; 1; 0; 1; 0
15299; 22; 0; 0; 1; 1; 1; 0; 1; 0
15301; 17; 9; 0; 0,0588235294117647; 0,0588235294117647; 1; 0; 1; 0
15302; 16; 0; 0; 1; 1; 1; 0; 1; 0
15311; 2; 0; 0; 1; 1; 1; 0; 1; 0
15317; 2; 0; 0; 1; 1; 1; 0; 1; 0
15331; 2; 1; 1; 0,5; 0,5; 0; 0; 0,19881132297054; 0,80118867702946
15339; 11; 0; 0; 1; 1; 1; 0; 1; 0
15350; 2; 0; 0; 1; 1; 1; 0; 1; 0
15374; 10; 0; 0; 1; 1; 1; 0; 1; 0
15393; 10; 0; 0; 1; 1; 1; 0; 1; 0
15419; 3; 0; 0; 1; 1; 1; 0; 1; 0
15424; 3; 0; 0; 1; 1; 1; 0; 1; 0
15431; 6; 0; 0; 1; 1; 1; 0; 1; 0
15432; 2; 0; 0; 1; 1; 1; 0; 1; 0
15458; 40; 0; 0; 1; 1; 1; 0; 1; 0
15462; 4; 0; 0; 1; 1; 1; 0; 1; 0
15466; 2; 0; 0; 1; 1; 1; 0; 1; 0
15468; 10; 0; 0; 1; 1; 1; 0; 1; 0
15472; 2; 0; 0; 1; 1; 1; 0; 1; 0
15485; 22; 0; 0; 1; 1; 1; 0; 1; 0
15496; 2; 1; 1; 1; 1; 0; 1; 0; 1
15497; 10; 0; 0; 1; 1; 1; 0; 1; 0
15507; 3; 0; 0; 1; 1; 1; 0; 1; 0
15512; 2; 1; 0; 0,5; 0,5; 1; 0; 1; 0
15518; 2; 0; 0; 1; 1; 1; 0; 1; 0
15522; 2; 0; 0; 1; 1; 1; 0; 1; 0
15523; 3; 0; 0; 1; 1; 1; 0; 1; 0
15530; 2; 1; 1; 1; 1; 0; 0; 0,334321691806297; 0,665678308193703
15531; 2; 0; 0; 1; 1; 1; 0; 1; 0
15541; 19; 10; 0; 0,0526315789473684; 0,0526315789473684; 1; 0; 1; 0
15545; 3; 0; 0; 1; 1; 1; 0; 1; 0
15546; 16; 0; 0; 1; 1; 1; 0; 1; 0
15562; 18; 0; 2; 1; 0; 0; 0; 0,249836158183357; 0,750163841816643
15587; 10; 0; 0; 1; 1; 1; 0; 1; 0
15620; 3; 0; 0; 1; 1; 1; 0; 1; 0
15622; 2; 0; 0; 1; 1; 1; 0; 1; 0
15627; 11; 0; 0; 1; 1; 1; 0; 1; 0
15630; 10; 0; 0; 1; 1; 1; 0; 1; 0
15641; 2; 1; 1; 1; 1; 0; 0; 0,334321691806297; 0,665678308193703
15646; 10; 0; 0; 1; 1; 1; 0; 1; 0
15650; 11; 0; 0; 1; 1; 1; 0; 1; 0
15655; 2; 1; 0; 0,5; 0,5; 1; 0; 1; 0
15659; 10; 0; 0; 1; 1; 1; 0; 1; 0
15671; 2; 0; 0; 1; 1; 1; 0; 1; 0
15686; 2; 0; 0; 1; 1; 1; 0; 1; 0
15689; 2; 0; 0; 1; 1; 1; 0; 1; 0
15699; 2; 0; 0; 1; 1; 1; 0; 1; 0
15703; 2; 0; 0; 1; 1; 1; 0; 1; 0
15726; 10; 0; 0; 1; 1; 1; 0; 1; 0
15735; 18; 1; 1; 1; 1; 0; 1; 0; 1
15736; 2; 1; 0; 0,5; 0,5; 1; 0; 1; 0
15740; 2; 1; 1; 1; 1; 0; 0; 0,428950995718092; 0,571049004281908
15746; 2; 0; 0; 1; 1; 1; 0; 1; 0
15748; 20; 0; 0; 1; 1; 1; 0; 1; 0
15750; 10; 0; 0; 1; 1; 1; 0; 1; 0
15754; 3; 1; 2; 0,333333333333333; 0,333333333333333; 0; 0; 0,428139817652065; 0,571860182347935
15798; 2; 0; 0; 1; 1; 1; 0; 1; 0
15810; 10; 0; 0; 1; 1; 1; 0; 1; 0
15829; 8; 0; 0; 1; 1; 1; 0; 1; 0
15830; 22; 0; 0; 1; 1; 1; 0; 1; 0
15834; 2; 0; 0; 1; 1; 1; 0; 1; 0
15840; 20; 0; 0; 1; 1; 1; 0; 1; 0
15858; 2; 1; 0; 0,5; 0,5; 1; 0; 1; 0
15863; 10; 0; 0; 1; 1; 1; 0; 1; 0
15875; 16; 0; 0; 1; 1; 1; 0; 1; 0
15900; 4; 0; 0; 1; 1; 1; 0; 1; 0
15912; 2; 0; 0; 1; 1; 1; 0; 1; 0
