
Scenario Summaries

Total of vehicles entered: 5925
Total of vehicles detected: 5925

SECTIONS
Total inferences: 4767
FPR:  4353
FPR2: 4355
ER:   4534,1875356504
CR:   1354,18568426259
FPR RATIO:   0,913152926368785
FPR2 RATIO:   0,913572477449129

TRIPS
Total inferences: 3381
FPR:  2933
FPR2: 3013
ER:   3150,40070487107
CR:   659,399938597562
FPR RATIO:   0,867494824016563
FPR2 RATIO:   0,891156462585034

FLOWS
Link	Tail	Head	RealAll	EstAll	RealInfer	EstInfer	ReInf1	Estinf1	ReInf2	Estinf2	ReInf3	Estinf3
0	509	514	411	270,955858851695	213	202,955858851695	65	64,7886250278573	121	113,149583171125	27	25,0176506527133
1	509	524	247	194,044141148305	149	159,044141148305	32	36,2113749721427	80	83,8504168288751	37	38,9823493472866
2	514	519	535	446,387441836425	367	384,387441836425	105	112,764746595023	205	206,728458723247	57	64,8942365181563
3	519	534	499	435,650479422875	359	377,650479422874	90	97,0290477293664	214	214,7457553737	55	65,8756763198094
4	519	924	364	247,73696241355	189	187,736962413551	55	55,7356988656561	103	103,982703349547	31	28,0185601983468
5	524	539	325	300,92500034375	252	274,925000343749	58	69,1976153372738	130	135,483878145259	64	70,2435068612186
6	529	514	312	285,43158298473	204	231,43158298473	54	63,9761215671653	96	106,578875552122	54	60,876585865443
7	529	524	320	267,880859195445	189	201,880859195446	58	64,9862403651311	96	94,6334613163834	35	42,2611575139321
8	534	529	419	384,517128469993	269	314,517128469993	69	94,2113967110485	146	149,67774990485	54	70,6279818540947
9	534	549	556	529,119109925656	471	502,119109925655	133	137,470135165777	263	271,081552894656	75	93,5674218652239
10	539	544	351	324,10351046873	254	279,10351046873	52	67,7376431453292	147	154,757118103913	55	56,6087492194895
11	539	1124	312	250,821489875019	198	195,821489875019	61	57,4599721919446	89	87,7267600413452	48	50,6347576417293
12	544	529	362	317,795313710182	268	262,795313710182	78	71,7509652212479	139	140,534586963656	51	50,5097615252803
13	544	549	490	501,728858605955	400	462,728858605955	69	102,331689856416	230	241,199239456209	101	119,197929293332
14	549	922	518	523,840085979968	423	483,840085979968	94	118,328190457083	234	247,365417531652	95	118,146477991235
15	549	1054	547	526,007882551643	463	496,007882551642	117	130,47363456511	268	273,915374819212	78	91,6188731673208
16	906	939	349	279,751678816891	241	248,751678816891	72	72,9873444626197	125	132,766251811882	44	42,998082542391
17	906	976	230	132,980189722644	88	87,9801897226439	25	26,9799978058863	47	42,6582572275705	16	18,341934689187
18	913	919	290	244,504183147684	171	201,504183147684	49	57,9349466650652	83	90,3707243676119	39	53,1985121150068
19	913	1093	533	514,562127132705	462	490,562127132706	122	135,692152139765	236	244,999636888509	104	109,870338104431
20	919	943	328	307,733611109524	247	284,733611109524	77	91,0555465631552	114	127,267788202154	56	66,4102763442147
21	922	913	511	494,926435635759	410	459,926435635759	115	133,847168459776	200	212,351919476938	95	113,727347699047
22	922	946	465	418,655060094328	368	398,655060094328	82	94,6411690637019	201	209,78149765329	85	94,2323933773386
23	924	906	447	368,731868539534	321	328,731868539534	92	96,9673422685057	164	164,424509039453	65	67,3400172315779
24	939	913	403	352,139874644629	292	301,139874644629	65	68,7799303450548	166	170,018441779185	61	62,3415025203909
25	939	946	478	453,325605004428	338	374,325605004428	96	111,242958486607	185	189,673855462422	57	73,4087910554016
26	943	939	358	350,713800832167	259	296,713800832167	61	79,0355443690416	141	150,926045429725	57	66,7522110334016
27	943	976	274	191,019810277357	154	154,019810277356	52	50,0200021941137	67	68,3417427724294	35	35,658065310813
28	946	924	368	294,994906125984	241	249,994906125985	67	71,2316434028497	120	118,441805689904	54	60,321457033231
29	946	534	528	529,985758972772	427	484,985758972774	107	130,652484147459	237	248,013547425806	83	106,319727399509
30	1044	1088	538	554,693021115658	450	519,693021115659	97	124,250584446824	255	278,23550645082	98	117,206930218016
31	1044	1169	376	319,091929939265	250	270,091929939264	83	80,4057975526215	115	121,38887729504	52	68,2972550916036
32	1054	1044	517	496,610195891366	430	476,610195891366	118	125,903972794243	232	244,607932513408	80	106,098290583716
33	1054	1142	446	426,234107938645	352	389,234107938645	74	101,971840299438	207	214,755255941314	71	72,5070116978945
34	1067	922	554	485,74140975012	429	448,741409750119	106	114,160147066395	226	231,767999598575	97	102,813263085151
35	1067	1054	485	465,836421278368	388	438,836421278368	84	106,402178528571	218	231,447813635509	86	100,986429114289
36	1075	919	377	311,229427961839	257	264,229427961839	82	87,1205998980902	124	126,897063834542	51	50,2117642292079
37	1075	1093	410	341,96407178541	288	300,964071785409	62	69,7151993767737	171	172,829472604504	55	58,4193998041321
38	1088	1067	540	497,37535906568	433	470,375359065681	98	108,091545335235	237	252,454930483749	98	109,828883246698
39	1088	1100	420	389,900647302706	298	340,900647302706	66	82,2789574242424	178	195,117431879332	54	63,5042579991344
40	1093	1067	491	446,202471962807	396	429,202471962807	82	102,470780259731	229	234,760882750335	85	91,9708089527417
41	1093	1100	468	427,323726955308	362	370,323726955307	102	102,936571256808	186	190,068226742678	74	77,3189289558218
42	1100	1107	367	322,970479795929	250	268,970479795929	61	69,1430176379378	136	143,987116183204	53	55,8403459747876
43	1100	1184	350	323,253894462085	256	288,253894462085	68	77,0725110431125	134	148,198542438806	54	62,9828409801687
44	1107	1075	411	377,193499747249	331	351,193499747249	87	97,835799274864	176	182,726536439046	68	70,63116403334
45	1114	1133	372	334,812045880812	263	290,812045880813	63	74,4175642618995	130	142,73668582283	70	73,6577957960852
46	1114	1194	269	182,834231263054	162	147,834231263054	51	50,8332996192007	73	63,0799838953363	38	33,9209477485169
47	1124	1114	337	312,646277143866	274	287,646277143867	76	86,2508638811	122	125,816669718166	76	75,5787435446021
48	1133	1044	451	430,174755163557	325	368,174755163558	83	99,7524092052024	162	178,016451232454	80	90,405894725904
49	1133	1142	455	411,01134117761	343	354,01134117761	71	69,164063322052	192	194,311362051458	80	90,5359158041009
50	1142	544	461	455,420661847407	400	432,420661847407	94	105,345011932334	210	216,976708315951	96	110,098941599123
51	1142	1124	341	282,824787268848	213	228,824787268848	46	60,7908916891553	114	116,08990967682	53	51,9439859028728
52	1169	1201	415	367,5398191973	280	320,539819197301	92	94,6656086461544	143	156,511143565745	45	69,3630669854029
53	1176	1088	466	376,582985252728	319	329,582985252728	83	85,1199183126532	176	182,336855912259	60	62,1262110278166
54	1176	1169	351	266,447889258036	172	192,447889258037	46	52,2598110935328	111	119,122266270705	15	21,0658118937994
55	1184	1176	485	443,030874510765	354	385,030874510765	98	105,379729406186	201	216,459122182964	55	63,192022921616
56	1189	1107	250	185,22301995132	156	157,22301995132	41	43,6927816369262	86	85,7394202558415	29	27,7908180585525
57	1189	1184	315	214,77698004868	153	151,77698004868	45	43,3072183630738	78	77,2605797441584	30	31,2091819414474
58	1201	1133	359	330,374050460357	264	290,374050460357	65	68,4989082653551	137	145,591127461082	62	76,2840147339199
59	1201	1194	243	148,165768736946	89	103,165768736946	34	35,1667003807993	45	48,9200161046637	10	19,0790522514831
Thanks for chose TyggerSoftware Inc. 2017
