MAC; alternativas; MasProb; Elección; MaxProb; ElecProb; velocidad
21; 2; 0; 0; 1; 1; 12,823902347215
32; 10; 0; 0; 1; 1; 11,2809050151125
46; 10; 0; 0; 1; 1; 15,0220457055629
54; 10; 0; 0; 0,998287443961786; 0,998287443961786; 6,95421785492364
68; 19; 0; 0; 0,999994343058772; 0,999994343058772; 9,0493212952375
69; 10; 0; 0; 1; 1; 15,0674791931781
74; 13; 0; 0; 1; 1; 12,9276018503106
77; 16; 2; 0; 0,526604266254136; 0,288680302087043; 5,0130126865995
113; 10; 0; 0; 1; 1; 15,0412066868166
158; 21; 0; 0; 1; 1; 11,1859788881209
176; 25; 4; 0; 0,401961517935976; 0,0704323817965812; 7,82399363189568
191; 10; 0; 0; 1; 1; 12,7817986792346
213; 2; 1; 0; 0,784995428032215; 0,215004571967785; 6,43223769395772
231; 10; 0; 0; 0,988272824883114; 0,988272824883114; 6,02698880760049
235; 10; 0; 0; 0,999998482890547; 0,999998482890547; 9,04048751590685
244; 10; 0; 0; 0,999726087732555; 0,999726087732555; 8,21862110127339
244; 19; 0; 0; 0,998169157586446; 0,998169157586446; 6,3908993396173
257; 16; 0; 0; 1; 1; 14,9602882467209
268; 17; 0; 0; 0,981057248736723; 0,981057248736723; 5,61921209245106
277; 2; 1; 0; 0,942879137725119; 0,0571208622748805; 5,29713692443577
302; 10; 0; 0; 1; 1; 15,0674791931781
304; 10; 0; 0; 0,496653879121341; 0,496653879121341; 6,41121995434511
321; 17; 0; 0; 0,998651854255724; 0,998651854255724; 7,49395574873619
321; 10; 0; 0; 1; 1; 12,8924628744142
332; 19; 0; 0; 0,999915354242322; 0,999915354242322; 7,54110107936458
340; 19; 0; 0; 1; 1; 12,8872016780814
352; 13; 0; 0; 0,988825101062958; 0,988825101062958; 5,65582580951087
363; 20; 0; 0; 1; 1; 11,2709013206505
365; 2; 1; 0; 0,607985867417421; 0,392014132582579; 8,981550341806
372; 18; 0; 0; 1; 1; 9,93929750353649
379; 16; 0; 0; 1; 1; 11,2128235288417
386; 10; 0; 0; 0,95385438152938; 0,95385438152938; 5,96483938364282
412; 16; 0; 0; 1; 1; 9,96695424785928
428; 16; 0; 0; 0,929915528672263; 0,929915528672263; 5,63963927242444
445; 19; 0; 0; 1; 1; 12,7839698656506
454; 10; 1; 0; 0,420821314262964; 0,201076853468469; 7,11395475598868
463; 19; 0; 0; 1; 1; 11,2194239950308
468; 16; 0; 0; 1; 1; 11,2202161850407
482; 2; 0; 0; 1; 1; 14,9506891388576
498; 18; 0; 0; 0,99836861781118; 0,99836861781118; 6,3895483951306
510; 18; 0; 0; 0,999971441950584; 0,999971441950584; 8,18238483173393
528; 20; 0; 0; 0,999837072345257; 0,999837072345257; 7,52166783989366
541; 2; 0; 0; 0,63993015367343; 0,63993015367343; 5,99899148556841
543; 10; 0; 0; 0,99999357788442; 0,99999357788442; 10,0449813460008
546; 18; 0; 0; 0,999549753815635; 0,999549753815635; 6,88105211783295
570; 3; 1; 0; 0,770459549962832; 0,0221483493875085; 9,65342424805833
615; 2; 0; 0; 1; 1; 12,823902347215
620; 23; 0; 0; 0,99998010824345; 0,99998010824345; 9,67216480787073
630; 10; 0; 0; 1; 1; 11,2809050151125
647; 2; 0; 0; 0,755436679944627; 0,755436679944627; 5,29322778138389
666; 19; 0; 0; 1; 1; 9,94139897273803
673; 11; 2; 0; 0,591822852498789; 0,243625948051292; 9,62259345402243
679; 16; 0; 0; 1; 1; 9,96695424785928
684; 13; 0; 0; 1; 1; 18,0986425904348
692; 19; 1; 0; 0,3935849577511; 0,214665895118672; 7,49346328656561
718; 2; 0; 0; 1; 1; 12,8872016783743
730; 10; 0; 0; 0,998280905944401; 0,998280905944401; 7,12579058516241
734; 2; 0; 0; 0,999863136729331; 0,999863136729331; 6,93471201236523
794; 2; 0; 0; 0,542310856197603; 0,542310856197603; 9,0044380944703
814; 11; 1; 0; 0,353123286384668; 0,304141584833314; 4,64538994332117
817; 10; 0; 0; 0,999964138485185; 0,999964138485185; 9,04048321140073
826; 16; 0; 0; 1; 1; 15,0390380597985
827; 10; 0; 0; 0,999999965511929; 0,999999965511929; 12,3081837380078
828; 10; 0; 0; 1; 1; 14,912098459107
830; 16; 0; 0; 1; 1; 9,96695424785928
830; 2; 0; 0; 0,596046224418373; 0,596046224418373; 6,42749087739473
846; 19; 0; 0; 1; 1; 12,8872016780814
875; 22; 0; 0; 1; 1; 12,2206653974489
881; 23; 0; 0; 0,999483229603218; 0,999483229603218; 7,96531219471707
882; 2; 0; 0; 0,504355253820264; 0,504355253820264; 5,99382623194315
886; 10; 0; 0; 1; 1; 11,2809050151125
914; 2; 1; 0; 0,83698707134372; 0,16301292865628; 6,00342184769387
919; 10; 0; 0; 1; 1; 10,0274711245444
923; 21; 0; 0; 0,961762271448559; 0,961762271448559; 5,96585540699783
928; 19; 0; 0; 1; 1; 12,7817986792346
935; 2; 1; 0; 0,949198796334557; 0,0508012036654429; 11,2493468224031
960; 10; 0; 0; 1; 1; 14,9134760016434
987; 18; 0; 0; 0,992657988451258; 0,992657988451258; 5,59085484573927
991; 19; 0; 0; 0,99999154503083; 0,99999154503083; 9,0493212952375
1007; 20; 0; 0; 1; 1; 11,2709013206505
1051; 2; 1; 0; 0,985926446668804; 0,0140735533311956; 4,73954356396885
1070; 16; 0; 0; 1; 1; 12,8906040512559
1070; 10; 0; 0; 1; 1; 11,212224664152
1090; 2; 1; 0; 0,567771658951718; 0,432228341048282; 5,28779707913684
1090; 2; 0; 0; 0,703866955103005; 0,703866955103005; 5,62405451772039
1092; 2; 0; 0; 0,601081410223599; 0,601081410223599; 6,40289539790262
1093; 16; 0; 0; 1; 1; 12,823104211475
1098; 10; 0; 0; 1; 1; 9,02472401208997
1102; 16; 0; 0; 1; 1; 9,97352549781391
1111; 2; 1; 0; 0,784995428032215; 0,215004571967785; 6,43223769395772
1127; 16; 0; 0; 1; 1; 9,97352549781391
1155; 11; 2; 0; 0,398540017989118; 0,282898612925488; 5,85723079810061
1177; 16; 0; 0; 1; 1; 12,823104211475
1187; 16; 0; 0; 1; 1; 9,96695424785928
1208; 10; 0; 0; 0,999895632595191; 0,999895632595191; 6,94209539391536
1228; 2; 0; 0; 0,724844926229445; 0,724844926229445; 4,73917794445805
1236; 2; 1; 0; 0,723051827688078; 0,276948172311922; 4,08602501569665
1236; 10; 0; 0; 1; 1; 15,0412066868166
1250; 20; 0; 0; 1; 1; 11,2709013206505
1267; 2; 1; 0; 0,569339578464448; 0,430660421535552; 4,49530679426057
1271; 2; 0; 0; 1; 1; 11,2689070200935
1273; 19; 0; 0; 0,999994039055597; 0,999994039055597; 9,0493212952375
1306; 19; 0; 0; 1; 1; 17,8975578119108
1308; 2; 1; 0; 0,887590173669488; 0,112409826330512; 5,628207982213
1315; 20; 0; 0; 1; 1; 12,8810300807434
1316; 10; 0; 0; 0,999954030948158; 0,999954030948158; 9,02600140787238
1331; 18; 0; 0; 1; 1; 14,9089462553047
1342; 16; 0; 0; 1; 1; 11,2665342791647
1364; 16; 0; 0; 0,931662602371005; 0,931662602371005; 5,63963927242444
1370; 16; 0; 0; 1; 1; 9,97352549781391
1370; 10; 0; 0; 1; 1; 12,8760391761967
1376; 2; 0; 0; 1; 1; 15,03506862477
1380; 16; 0; 0; 1; 1; 9,97352549781391
1380; 2; 1; 0; 1; 0; 4,28815846263848
1422; 10; 0; 0; 0,982367432146736; 0,982367432146736; 6,39089933961731
1471; 2; 0; 0; 1; 1; 12,8872016783743
1474; 19; 0; 0; 0,999575698115006; 0,999575698115006; 6,96101638095192
1477; 2; 0; 0; 0,998553313637335; 0,998553313637335; 6,01008374404987
1484; 20; 0; 0; 1; 1; 10,0185789516893
1495; 10; 0; 0; 0,998345286654525; 0,998345286654525; 6,95421785492364
1507; 2; 1; 0; 0,684710425643074; 0,315289574356926; 9,623089651935
1522; 3; 1; 0; 0,678011463146739; 0,0680490283803343; 8,44674621705104
1553; 3; 1; 0; 0,45092540446455; 0,277188363520048; 6,00465954412835
1573; 2; 1; 0; 0,593214623638464; 0,406785376361536; 7,48413301901036
1581; 19; 0; 0; 0,824566205797234; 0,824566205797234; 5,6097119975154
1587; 19; 0; 0; 0,999871175332681; 0,999871175332681; 7,96552276383727
1588; 20; 0; 0; 0,99943231679195; 0,99943231679195; 6,76950105590429
1597; 19; 0; 0; 0,999910547732635; 0,999910547732635; 8,97553919602463
1607; 10; 0; 0; 0,999957910511554; 0,999957910511554; 9,02600140787238
1611; 19; 0; 0; 0,968142735812705; 0,968142735812705; 5,98369279734975
1629; 2; 0; 0; 1; 1; 9,96712609257172
1675; 11; 2; 0; 0,591560706438316; 0,243911078274303; 9,62259345402243
1687; 2; 0; 0; 0,929111020440691; 0,929111020440691; 5,30301506827929
1688; 19; 0; 0; 1; 1; 11,2194239950308
1691; 23; 0; 0; 0,99977249263196; 0,99977249263196; 8,46314420688689
1703; 3; 0; 0; 0,387367900795141; 0,387367900795141; 5,40537416690915
1716; 23; 0; 0; 0,999483229603218; 0,999483229603218; 7,96531219471707
1726; 10; 1; 0; 0,385117981905431; 0,295048626864183; 5,63188084849104
1776; 19; 0; 0; 1; 1; 9,94139897273803
1779; 10; 0; 0; 0,999957910511554; 0,999957910511554; 9,02600140787238
1800; 2; 0; 0; 0,681276763127541; 0,681276763127541; 9,00513277154081
1803; 21; 0; 0; 1; 1; 11,1859788881209
1808; 3; 1; 0; 0,678060315605495; 0,176006128627484; 8,57808506304049
1809; 3; 1; 0; 0,506915985677895; 0,256143977320679; 6,67184393792038
1811; 23; 0; 0; 0,999985107567773; 0,999985107567773; 9,67216480787073
1813; 16; 0; 0; 0,998270342899822; 0,998270342899822; 7,47521568589446
1842; 19; 5; 0; 0,340662090525098; 0,232074477764789; 4,07979054364756
1875; 16; 0; 0; 0,999995420447937; 0,999995420447937; 8,97617294803252
1883; 2; 0; 0; 0,673816855521682; 0,673816855521682; 6,42195667708194
1944; 20; 0; 0; 1; 1; 18,0842825914142
1948; 15; 0; 0; 0,989869830828068; 0,989869830828068; 6,43032589861123
1954; 21; 0; 0; 1; 1; 11,1859788881209
1954; 2; 0; 0; 0,999971728632716; 0,999971728632716; 7,51260468006233
1956; 2; 1; 0; 0,985926446668804; 0,0140735533311956; 4,73954356396885
1965; 2; 1; 0; 0,596288325467163; 0,403711674532837; 4,99478532695619
1984; 15; 0; 0; 0,996114744004945; 0,996114744004945; 6,92496635235055
2008; 23; 0; 0; 1; 1; 11,2841922758492
2031; 19; 0; 0; 0,999102529581756; 0,999102529581756; 7,12704668343335
2107; 21; 0; 0; 0,977314574783057; 0,977314574783057; 6,39198793606911
2126; 10; 0; 0; 1; 1; 15,0412066868166
2133; 3; 0; 0; 0,393019557157697; 0,393019557157697; 5,63059809053036
2175; 10; 0; 0; 0,988562619128942; 0,988562619128942; 6,02698880760049
2177; 10; 0; 0; 0,988562619128942; 0,988562619128942; 6,02698880760049
2190; 2; 1; 0; 0,78999561289553; 0,21000438710447; 4,5025663857704
2199; 19; 0; 0; 0,819198767746546; 0,819198767746546; 4,98641066445813
2210; 11; 1; 0; 0,348469543331568; 0,307555795229337; 4,49054361187713
2233; 2; 0; 0; 0,521579185677451; 0,521579185677451; 7,0949579813189
2246; 10; 0; 0; 0,998609656784725; 0,998609656784725; 6,88314276998924
2262; 18; 0; 0; 0,99979921412387; 0,99979921412387; 7,45447312765236
2278; 16; 0; 0; 0,999805534534971; 0,999805534534971; 7,47521568589446
2281; 16; 0; 0; 1; 1; 11,2202161850407
2283; 2; 1; 0; 0,637224495675027; 0,362775504324973; 7,48370731148038
2287; 18; 0; 0; 0,999937013203708; 0,999937013203708; 8,13215250289349
2294; 19; 0; 0; 0,938776361857787; 0,938776361857787; 4,97154383664188
2299; 16; 0; 0; 1; 1; 11,2128235288417
2300; 19; 0; 0; 0,938017359717776; 0,938017359717776; 4,98641066445813
2313; 13; 0; 0; 1; 1; 18,0986425904348
2316; 18; 0; 0; 1; 1; 11,1817096914785
2337; 13; 0; 0; 0,99994113800008; 0,99994113800008; 8,2266557229249
2340; 2; 0; 0; 0,65510309364956; 0,65510309364956; 5,99382623194315
2378; 2; 0; 0; 1; 1; 12,8787508801069
2416; 2; 0; 0; 0,598410420652499; 0,598410420652499; 7,49228278992893
2423; 10; 0; 0; 0,999960714751187; 0,999960714751187; 5,96539040065734
2423; 19; 0; 0; 0,882751229717477; 0,882751229717477; 4,743912525619
2426; 10; 0; 0; 0,999948002810843; 0,999948002810843; 8,20429455644543
2440; 19; 0; 0; 0,99946721564037; 0,99946721564037; 6,96101638095192
2453; 10; 2; 0; 0,425566477327839; 0,318467286235752; 5,01036763414776
2455; 2; 0; 0; 0,5132070594201; 0,5132070594201; 12,2631159637947
2478; 19; 0; 0; 1; 1; 11,2763014683212
2496; 2; 1; 0; 0,576364671333162; 0,423635328666838; 11,2716690540019
2499; 16; 0; 0; 1; 1; 12,8906040512559
2514; 10; 0; 0; 1; 1; 12,8924628744142
2518; 2; 1; 0; 0,992309627210178; 0,00769037278982151; 3,60605024642992
2519; 2; 1; 0; 0,569424532366431; 0,430575467633569; 5,97497281836483
2531; 23; 0; 0; 0,999883823414451; 0,999883823414451; 9,02735382067934
2532; 18; 0; 0; 1; 1; 11,1817096914785
2532; 2; 0; 0; 0,996618676023933; 0,996618676023933; 5,63445351004675
2536; 19; 0; 0; 0,400584674809003; 0,400584674809003; 7,49346328656561
2540; 18; 0; 0; 1; 1; 8,96587544029502
2542; 19; 0; 0; 0,99836422786705; 0,99836422786705; 6,90426092001895
2553; 2; 0; 0; 1; 1; 15,03506862477
2571; 19; 0; 0; 0,999971303299667; 0,999971303299667; 9,0493212952375
2577; 2; 1; 0; 0,598521992454413; 0,401478007545587; 6,00342184769387
2587; 18; 0; 0; 0,99689266772283; 0,99689266772283; 6,3895483951306
2616; 23; 0; 0; 0,999770577307227; 0,999770577307227; 7,96531219471707
2626; 2; 0; 0; 0,515021364395639; 0,515021364395639; 6,91585660655472
2627; 3; 2; 0; 0,452393833756772; 0,171386781200966; 6,43561616537222
2657; 10; 0; 0; 0,999998753597474; 0,999998753597474; 6,88314276998924
2663; 13; 0; 0; 0,999095492089417; 0,999095492089417; 6,96101638093646
2671; 2; 0; 0; 0,999999978989701; 0,999999978989701; 8,97673164305051
2691; 18; 0; 0; 1; 1; 8,19938714636043
2695; 18; 0; 0; 0,99981794103303; 0,99981794103303; 7,45447312765236
2701; 10; 0; 0; 0,996357465969262; 0,996357465969262; 4,75814905863196
2702; 2; 0; 0; 1; 1; 12,823902347215
2708; 2; 0; 0; 0,511785129122112; 0,511785129122112; 5,60538003803013
2715; 15; 0; 0; 0,999533010340194; 0,999533010340194; 6,92496635235055
2723; 10; 0; 0; 0,999983706408676; 0,999983706408676; 8,21862501446077
2738; 19; 0; 0; 0,999934303351162; 0,999934303351162; 7,51753431221416
2760; 19; 0; 0; 1; 1; 11,2194239950308
2762; 3; 2; 0; 0,439433407171741; 0,180668208834379; 6,1430881578553
2810; 2; 1; 0; 0,598521992454413; 0,401478007545587; 6,00342184769387
2822; 16; 0; 0; 1; 1; 12,8146554615334
2832; 19; 0; 0; 0,344031223511985; 0,344031223511985; 6,20903270792058
2853; 2; 0; 0; 0,581493293654541; 0,581493293654541; 4,49530679426057
2856; 2; 0; 0; 1; 1; 12,8872016783743
2858; 2; 1; 0; 0,518111189816076; 0,481888810183924; 5,99899148556841
2861; 15; 4; 0; 0,256815673383189; 0,103452313205562; 3,75102344085655
2872; 2; 1; 0; 0,508303524012718; 0,491696475987283; 6,43174149605022
2874; 2; 1; 0; 0,551574809181765; 0,448425190818235; 6,8954258131259
2875; 20; 7; 0; 1; 0; 10,0185789516893
2883; 20; 17; 0; 0,0510054384638167; 0,0308966691874821; 11,2709013206505
2911; 2; 1; 0; 0,784674457645977; 0,215325542354023; 5,00285153974489
2921; 10; 0; 0; 0,345503947150131; 0,345503947150131; 5,4066056145514
2935; 2; 1; 0; 0,61028671151295; 0,38971328848705; 7,95089060963449
2936; 10; 0; 0; 1; 1; 9,04048321140073
2945; 2; 0; 0; 0,51528089065566; 0,51528089065566; 7,09023128116771
2957; 19; 0; 0; 0,42437775872232; 0,42437775872232; 6,92910910822824
2973; 2; 1; 0; 1; 0; 4,28434885172017
2992; 2; 1; 0; 0,58193604301036; 0,41806395698964; 5,85714758009507
3011; 19; 2; 0; 0,235978183096209; 0,175990223254827; 3,11156354832897
3018; 2; 1; 0; 0,624800171294451; 0,375199828705549; 7,48370731148038
3053; 10; 0; 0; 1; 1; 10,0146971370419
3060; 2; 0; 0; 1; 1; 11,2689070200935
3063; 10; 1; 0; 0,43932599011876; 0,295791695360082; 5,81276248727261
3081; 10; 0; 0; 1; 1; 12,8760391761967
3082; 19; 0; 0; 0,990084901084898; 0,990084901084898; 5,32313017366912
3095; 20; 0; 0; 0,999518535381044; 0,999518535381044; 6,44051504037169
3103; 2; 1; 0; 0,597511369365291; 0,402488630634709; 9,97040727051495
3121; 2; 1; 0; 0,57849519998424; 0,42150480001576; 10,3976366888163
3129; 16; 0; 0; 1; 1; 12,8906040512559
3152; 19; 0; 0; 0,999985116473954; 0,999985116473954; 9,0493212952375
3158; 20; 0; 0; 1; 1; 15,0702354928452
3160; 19; 0; 0; 0,983567959328307; 0,983567959328307; 5,98369279734975
3173; 10; 0; 0; 0,428474172710282; 0,428474172710282; 5,85372256701075
3196; 10; 0; 0; 0,999753107907513; 0,999753107907513; 6,93325186410594
3212; 23; 4; 0; 0,0444985848408275; 0,0210311335017947; 13,541030731019
3214; 2; 1; 0; 0,858641211566191; 0,141358788433809; 5,62320786788273
3220; 10; 0; 0; 1; 1; 12,2230812634013
3225; 2; 1; 0; 0,601951923535589; 0,39804807646441; 6,40289539790262
3229; 11; 2; 0; 0,530914113239925; 0,265348019246349; 11,2263590296928
3229; 2; 0; 0; 1; 1; 12,8787508801069
3247; 2; 0; 0; 0,683779166771157; 0,683779166771157; 7,49228278992893
3275; 10; 0; 0; 1; 1; 10,0146971370419
3284; 2; 1; 0; 0,574362340800294; 0,425637659199706; 4,08664254023688
3316; 18; 0; 0; 0,992976095912901; 0,992976095912901; 5,96357850212189
3321; 16; 0; 0; 0,897898955684708; 0,897898955684708; 5,0130126865995
3327; 2; 0; 0; 0,610999509532105; 0,610999509532105; 6,91585660655472
3332; 3; 2; 0; 0,993313871730131; 0,00668612826986849; 10,3959953440628
3336; 2; 0; 0; 0,741692518124874; 0,741692518124874; 4,35035046782279
3345; 13; 0; 0; 1; 1; 12,9276018503106
3347; 19; 0; 0; 1; 1; 15,0350686244283
3354; 19; 0; 0; 0,999999268896645; 0,999999268896645; 10,0233790829522
3369; 10; 0; 0; 0,999998633982365; 0,999998633982365; 6,88314276998924
3395; 23; 0; 0; 0,999883823414451; 0,999883823414451; 9,02735382067934
3402; 19; 0; 0; 0,924250807469221; 0,924250807469221; 5,27972893883802
3420; 2; 0; 0; 0,569983348367623; 0,569983348367623; 7,92071765447989
3432; 17; 0; 0; 0,99999479848794; 0,99999479848794; 8,99274689848343
3440; 19; 0; 0; 0,985784954359859; 0,985784954359859; 5,59298681622212
3475; 2; 0; 0; 0,977226634067798; 0,977226634067798; 5,30301506827929
3484; 19; 2; 0; 0,356164062118878; 0,316516261857076; 5,16837169906047
3486; 10; 0; 0; 0,301936495326469; 0,301936495326469; 3,96218806888963
3492; 10; 0; 0; 0,999996283524369; 0,999996283524369; 8,1938431121252
3515; 24; 1; 0; 0,301096045178819; 0,11563388502616; 6,2026697458225
3539; 19; 0; 0; 0,99973148485923; 0,99973148485923; 7,54110107936458
3559; 2; 0; 0; 0,660233467314086; 0,660233467314086; 4,0745697986653
3567; 16; 0; 0; 1; 1; 12,8906040512559
3570; 20; 13; 0; 0,0506559867630666; 0,0375362515017349; 15,0278684275339
3586; 2; 1; 0; 0,501075156691023; 0,498924843308977; 7,08695790137674
3593; 2; 1; 0; 0,588766036190114; 0,411233963809886; 5,62320786788273
3594; 19; 0; 0; 0,999926811451508; 0,999926811451508; 8,22665572294318
3600; 19; 0; 0; 0,999980252906715; 0,999980252906715; 9,0493212952375
3611; 20; 0; 0; 0,999872288656562; 0,999872288656562; 7,51393421376697
3676; 18; 0; 0; 1; 1; 11,1817096914785
3695; 10; 0; 0; 1; 1; 12,78297942998
3697; 20; 0; 0; 1; 1; 11,215686962354
3701; 20; 0; 0; 0,998815386485229; 0,998815386485229; 6,39776682696593
3728; 19; 0; 0; 0,879386767129134; 0,879386767129134; 4,7239679979077
3752; 2; 0; 0; 0,661485939687254; 0,661485939687254; 5,99374239234743
3764; 20; 0; 0; 0,998448394248962; 0,998448394248962; 6,40963958641736
3779; 10; 0; 0; 0,999999953261244; 0,999999953261244; 8,97146662302263
3806; 2; 1; 0; 0,556467736976462; 0,443532263023538; 4,08664254023688
3817; 2; 1; 0; 0,507499089594938; 0,492500910405062; 6,00295872964687
3817; 2; 0; 0; 0,999970246079227; 0,999970246079227; 6,93471201236523
3824; 2; 1; 0; 0,507937627757718; 0,492062372242282; 6,43174149605022
3824; 2; 0; 0; 0,999829658796506; 0,999829658796506; 6,43937544005343
3843; 16; 0; 0; 1; 1; 11,2792785448489
3846; 20; 0; 0; 0,999162035304376; 0,999162035304376; 7,52166783989366
3849; 19; 0; 0; 0,830672690539363; 0,830672690539363; 4,98641066445813
3875; 10; 0; 0; 1; 1; 12,8760391761967
3954; 19; 0; 0; 0,992292165465604; 0,992292165465604; 5,98369279734975
3958; 19; 0; 0; 0,907286495134878; 0,907286495134878; 5,27972893883802
3964; 16; 0; 0; 1; 1; 11,2202161850407
3970; 2; 1; 0; 0,546172840017545; 0,453827159982455; 7,48912231361439
3977; 2; 0; 0; 0,799206369751967; 0,799206369751967; 4,49924361417631
3984; 10; 0; 0; 1; 1; 10,0449813460008
3997; 19; 2; 0; 0,350386003294768; 0,342901821353585; 6,4307838760606
4029; 2; 0; 0; 1; 1; 11,2130168541432
4039; 2; 0; 0; 0,999970246079227; 0,999970246079227; 6,93471201236523
4044; 10; 0; 0; 0,999976329226618; 0,999976329226618; 9,02600140787238
4049; 10; 0; 0; 1; 1; 12,8139710447452
4055; 20; 10; 0; 0,0508550848135055; 0,0337533885433958; 12,8810300807434
4069; 23; 8; 0; 0,0443458356392247; 0,0243916159370568; 15,0455897011322
4083; 19; 0; 0; 0,999969741327663; 0,999969741327663; 7,96552276383727
4108; 2; 1; 0; 0,538677753480184; 0,461322246519816; 5,97907204056548
4125; 2; 0; 0; 0,633976828772234; 0,633976828772234; 8,43604737732783
4128; 10; 0; 0; 0,999988340813744; 0,999988340813744; 9,67071579414898
4129; 19; 0; 0; 0,999980630679609; 0,999980630679609; 7,96552276383727
4144; 16; 0; 0; 0,999892804043802; 0,999892804043802; 8,97617294803252
4144; 10; 0; 0; 1; 1; 15,0220457055629
4166; 19; 0; 0; 0,998847734493113; 0,998847734493113; 6,39198493282528
4193; 16; 0; 0; 1; 1; 12,8146554615334
4195; 10; 0; 0; 1; 1; 12,7817986792346
4223; 3; 0; 0; 0,435406297378828; 0,435406297378828; 5,62936832262032
4225; 2; 1; 0; 0,680901474321504; 0,319098525678496; 5,628207982213
4242; 2; 1; 0; 0,505186535239483; 0,494813464760517; 6,41539310129
4245; 2; 1; 0; 0,552986907599633; 0,447013092400367; 7,4941395246933
4258; 11; 2; 0; 0,36564996469683; 0,280165471167078; 6,41506230268162
4273; 23; 0; 0; 0,998776803198613; 0,998776803198613; 6,77051536550951
4278; 10; 0; 0; 1; 1; 11,3006040142509
4293; 3; 1; 0; 0,646652450659844; 0,0104874291739701; 13,8420684987848
4294; 2; 1; 0; 0,506436626490555; 0,493563373509445; 6,43174149605022
4311; 10; 0; 0; 0,943811712357339; 0,943811712357339; 5,3018984843163
4317; 20; 7; 0; 1; 0; 10,0185789516893
4331; 19; 0; 0; 0,999995464100933; 0,999995464100933; 8,4633679365771
4335; 16; 0; 0; 1; 1; 11,2128235288417
4339; 3; 0; 0; 0,997817140320395; 0,997817140320395; 5,2882189882749
4354; 2; 0; 0; 1; 1; 11,2763014685775
4372; 16; 0; 0; 0,999526630577784; 0,999526630577784; 7,48014412336043
4372; 2; 1; 0; 0,784674457645977; 0,215325542354023; 5,00285153974489
4375; 10; 0; 0; 0,999753107907513; 0,999753107907513; 6,93325186410594
4392; 2; 1; 0; 0,521662925024111; 0,478337074975889; 5,6182843965829
4415; 10; 0; 0; 0,985017549566955; 0,985017549566955; 5,3018984843163
4436; 10; 1; 0; 0,454628142275473; 0,236581537464759; 6,41497115915464
4479; 16; 0; 0; 1; 1; 11,2202161850407
4486; 10; 0; 0; 1; 1; 8,21862110127339
4497; 2; 0; 0; 0,562161619591877; 0,562161619591877; 5,62777380904394
4497; 2; 0; 0; 0,999969995769093; 0,999969995769093; 6,93471201236523
4503; 10; 6; 0; 0,103466764038856; 0,0687991236502916; 12,9149821655812
4512; 10; 0; 0; 1; 1; 9,04048321140073
4517; 2; 0; 0; 0,507024226029355; 0,507024226029355; 4,08664254023688
4534; 10; 1; 0; 0,38506314986855; 0,323757617600454; 6,14908755099953
4554; 19; 0; 0; 0,996503862153374; 0,996503862153374; 5,96585260397026
4562; 13; 0; 0; 1; 1; 12,9276018503106
4565; 10; 0; 0; 0,999871914046426; 0,999871914046426; 5,59255350061626
4592; 10; 0; 0; 0,999981947601663; 0,999981947601663; 7,52060334340831
4595; 10; 0; 0; 1; 1; 15,0220457055629
4598; 19; 0; 0; 1; 1; 12,2217494401924
4614; 20; 0; 0; 0,999535597769785; 0,999535597769785; 6,40963958641736
4619; 18; 0; 0; 0,999398327030661; 0,999398327030661; 6,42749087739037
4621; 19; 0; 0; 0,999996780385101; 0,999996780385101; 11,2194239950308
4622; 2; 1; 0; 0,606316594955887; 0,393683405044113; 6,42354816402283
4622; 10; 0; 0; 1; 1; 15,0220457055629
4628; 19; 2; 0; 0,368368481829005; 0,333190216890866; 6,92545955883449
4645; 16; 0; 0; 0,999998943249098; 0,999998943249098; 9,96695424785928
4665; 2; 1; 0; 0,596828210722573; 0,403171789277426; 5,97497281836483
4666; 10; 0; 0; 0,996697408277582; 0,996697408277582; 5,59203692216514
4680; 2; 1; 0; 0,54510856595212; 0,45489143404788; 4,49240555564801
4686; 3; 0; 0; 0,999958698185125; 0,999958698185125; 7,49413952468752
4704; 18; 0; 0; 1; 1; 14,9089462553047
4706; 2; 0; 0; 1; 1; 12,8787508801069
4747; 10; 0; 0; 0,999983157583761; 0,999983157583761; 7,52060334340831
4771; 2; 1; 0; 0,533575591248269; 0,466424408751731; 5,62320786788273
4783; 2; 0; 0; 1; 1; 11,2689070200935
4790; 2; 1; 0; 0,540673126224462; 0,459326873775538; 4,49924361417631
4812; 16; 0; 0; 1; 1; 12,8906040512559
4845; 11; 1; 0; 0,481678314644881; 0,21522858683421; 6,7358154178157
4863; 10; 0; 0; 1; 1; 17,8945181509285
4877; 10; 0; 0; 0,405886776964032; 0,405886776964032; 5,18132285931721
4881; 19; 0; 0; 0,974324965284143; 0,974324965284143; 4,98641066445813
4924; 16; 0; 0; 0,99845534964861; 0,99845534964861; 5,30189848431281
4927; 2; 0; 0; 0,997480883483431; 0,997480883483431; 5,30649480874236
4932; 2; 0; 0; 0,84064573848926; 0,84064573848926; 3,09974311535608
4932; 2; 1; 0; 0,540673126224462; 0,459326873775538; 4,49924361417631
4965; 19; 0; 0; 0,995226797010634; 0,995226797010634; 4,97069948636901
4968; 10; 0; 0; 0,999999995779213; 0,999999995779213; 12,2230812634013
5000; 19; 0; 0; 0,997177375106062; 0,997177375106062; 4,50671689933805
5062; 2; 0; 0; 0,573109814475735; 0,573109814475735; 4,0866997035976
5067; 2; 1; 0; 0,737552906088146; 0,262447093911854; 6,42746466844025
5073; 2; 1; 0; 0,613142708733348; 0,386857291266652; 8,17542493602905
5077; 3; 2; 0; 0,54690105607419; 0,0776564204360572; 6,92845332014809
5090; 19; 2; 0; 0,444846896938427; 0,33984723926889; 5,62693589155302
5134; 2; 1; 0; 0,517003453831104; 0,482996546168896; 5,62405451772039
5144; 10; 0; 0; 0,999893143820555; 0,999893143820555; 6,44623143720712
5160; 2; 0; 0; 0,534950718152695; 0,534950718152695; 3,96244868020853
5211; 2; 1; 0; 0,530779977593341; 0,469220022406659; 4,73118686028034
5211; 2; 1; 0; 0,531791400310361; 0,468208599689639; 4,73604590965927
5223; 16; 0; 0; 0,994080751962091; 0,994080751962091; 5,0130126865995
5227; 10; 0; 0; 0,999961962037035; 0,999961962037035; 8,21862110127339
5238; 2; 1; 0; 0,569271638831146; 0,430728361168854; 4,07664002765828
5243; 10; 0; 0; 0,990963449606191; 0,990963449606191; 5,26309357380249
5260; 17; 0; 0; 0,996755466802366; 0,996755466802366; 5,99516459898895
5263; 2; 0; 0; 0,997007258049138; 0,997007258049138; 5,30301506827929
5275; 10; 0; 0; 0,999375994160441; 0,999375994160441; 6,43801958809837
5279; 19; 0; 0; 0,993045535307512; 0,993045535307512; 6,01402744977133
5302; 19; 0; 0; 0,988525196251778; 0,988525196251778; 5,26398759173846
5306; 10; 2; 0; 0,76914813974633; 0,20521923491271; 8,17716705241793
5311; 19; 0; 0; 0,999504088916755; 0,999504088916755; 7,47795198790619
5321; 2; 1; 0; 0,530779977593341; 0,469220022406659; 4,73118686028034
5324; 2; 0; 0; 0,711757218705514; 0,711757218705514; 3,74880524525515
5343; 19; 0; 0; 1; 1; 15,0830293336287
5355; 2; 0; 0; 0,773207359823104; 0,773207359823104; 3,59885303544495
5358; 16; 0; 0; 0,999966932376961; 0,999966932376961; 7,48014412336043
5359; 16; 0; 0; 0,999966932376961; 0,999966932376961; 7,48014412336043
5375; 2; 1; 0; 0,726492519640607; 0,273507480359393; 7,10233664213219
5396; 20; 0; 0; 0,999997256149892; 0,999997256149892; 11,215686962354
5397; 2; 1; 0; 0,702407465996673; 0,297592534003327; 6,73533658033234
5402; 13; 0; 0; 1; 1; 18,0986425904348
5435; 2; 1; 0; 0,531689439388143; 0,468310560611857; 4,0745697986653
5452; 19; 0; 0; 0,999062623168517; 0,999062623168517; 6,93926244204384
5456; 2; 1; 0; 0,538994215324511; 0,461005784675489; 5,28779707913684
5481; 3; 0; 0; 0,968562966747989; 0,968562966747989; 4,28093918098444
5491; 16; 0; 0; 0,999913940669278; 0,999913940669278; 7,47521568589446
5495; 2; 0; 0; 0,967030866131666; 0,967030866131666; 3,59186547924569
5506; 19; 0; 0; 0,988060281633118; 0,988060281633118; 5,30649480862176
5518; 2; 0; 0; 1; 1; 9,97414627005613
5526; 2; 0; 0; 0,562158938179222; 0,562158938179222; 4,73917794445805
5533; 2; 1; 0; 0,606617828146418; 0,393382171853582; 7,49664449448231
5548; 19; 0; 0; 0,999616960441844; 0,999616960441844; 6,46380092516964
5552; 10; 0; 0; 0,99994673732542; 0,99994673732542; 8,15587874820239
5564; 10; 0; 0; 0,999995033019927; 0,999995033019927; 11,1851070012325
5571; 10; 0; 0; 0,988474025710712; 0,988474025710712; 4,47404280049301
5575; 20; 0; 0; 0,983869413478093; 0,983869413478093; 5,27797033522543
5601; 19; 0; 0; 0,803660486200079; 0,803660486200079; 4,07979054364756
5636; 19; 0; 0; 1; 1; 14,9146315099256
5691; 13; 0; 0; 0,999999290102144; 0,999999290102144; 11,2834591861336
5716; 16; 0; 0; 0,998314608866301; 0,998314608866301; 5,30189848431281
5732; 10; 0; 0; 0,998314385461952; 0,998314385461952; 5,96483938364282
5760; 13; 0; 0; 0,999997925277615; 0,999997925277615; 10,0548014391304
5783; 10; 0; 0; 0,432360851778361; 0,432360851778361; 5,61309976426031
5798; 16; 0; 0; 0,999997859852247; 0,999997859852247; 9,96695424785928
5800; 19; 0; 0; 0,893300614970258; 0,893300614970258; 3,33830881432448
5804; 2; 0; 0; 0,991907081348641; 0,991907081348641; 5,00840312004155
5814; 2; 1; 0; 0,662156761397894; 0,337843238602106; 7,92392538862628
5834; 10; 1; 0; 0,350417796121744; 0,330495183845785; 4,20736309503898
5853; 18; 0; 0; 0,999566802086257; 0,999566802086257; 6,8968272617654
5859; 2; 1; 0; 0,530779977593341; 0,469220022406659; 4,73118686028034
5870; 2; 0; 0; 0,508697036870067; 0,508697036870067; 3,46351260443877
5889; 2; 0; 0; 0,505809896133913; 0,505809896133913; 3,46735600618261
5925; 10; 0; 0; 1; 1; 11,2665342791721
5930; 10; 0; 0; 0,434869473974598; 0,434869473974598; 6,12338156101125
5932; 18; 0; 0; 0,999989815429493; 0,999989815429493; 8,19938714636043
5951; 10; 0; 0; 0,999999980487586; 0,999999980487586; 12,8924628744142
5960; 10; 0; 0; 0,998958655087681; 0,998958655087681; 5,96483938364282
5980; 25; 7; 0; 0,234791316710044; 0,0947893346426188; 6,66488346420743
6026; 2; 0; 0; 0,977227575239399; 0,977227575239399; 3,21177408201141
6031; 2; 0; 0; 0,834928765620585; 0,834928765620585; 3,21326163879013
6062; 19; 0; 0; 0,999984868530231; 0,999984868530231; 9,0493212952375
6066; 15; 0; 0; 0,999771516172725; 0,999771516172725; 6,42652823275422
6076; 2; 0; 0; 0,691844596210992; 0,691844596210992; 5,63055305656878
6108; 10; 0; 0; 0,998919517373466; 0,998919517373466; 6,76950105590429
6112; 10; 0; 0; 0,999999330860247; 0,999999330860247; 11,3006093948836
6119; 11; 2; 0; 0,420111159440555; 0,249755792448681; 4,81129672701122
6163; 2; 0; 0; 0,995829939835949; 0,995829939835949; 2,99765580987732
6163; 2; 1; 0; 0,53988655547658; 0,46011344452342; 4,09324216888218
6169; 20; 0; 0; 0,937367078119633; 0,937367078119633; 3,76755887321129
6206; 16; 0; 0; 0,999998139419873; 0,999998139419873; 9,96695424785928
6206; 10; 0; 0; 0,999998797716964; 0,999998797716964; 9,02472401208997
6209; 19; 1; 0; 0,340672030377487; 0,336053121922509; 3,952284240458
6218; 19; 0; 0; 0,992727800044183; 0,992727800044183; 5,26398759173846
6224; 18; 0; 0; 0,999959621872513; 0,999959621872513; 7,45447312765236
6226; 2; 0; 0; 0,642504004794028; 0,642504004794028; 5,97497281836483
6227; 13; 0; 0; 1; 1; 15,0822021586957
6229; 20; 0; 0; 0,998002215969814; 0,998002215969814; 5,60843463811519
6231; 10; 0; 0; 0,993386123875633; 0,993386123875633; 5,02249067300041
6268; 2; 0; 0; 0,557068784427205; 0,557068784427205; 4,73533294137493
6281; 20; 0; 0; 0,998492227342437; 0,998492227342437; 5,97124903850153
6292; 19; 0; 0; 0,917321160419129; 0,917321160419129; 3,57890363018569
6297; 2; 0; 0; 0,52619337260641; 0,52619337260641; 5,98224436230897
6301; 10; 0; 0; 0,395356639123308; 0,395356639123308; 4,98942201267583
6323; 19; 0; 0; 0,998963232856283; 0,998963232856283; 5,65582580952344
6334; 2; 0; 0; 0,999994688014559; 0,999994688014559; 8,16066513004592
6341; 2; 1; 0; 0,538368839110206; 0,461631160889794; 4,99403057474035
6341; 10; 0; 0; 0,999999931770486; 0,999999931770486; 11,2809050151125
6343; 10; 0; 0; 0,999999423789304; 0,999999423789304; 10,0274711245444
6379; 10; 1; 0; 0,346523346542765; 0,340342643867798; 3,8595295753432
6381; 10; 0; 0; 0,999999692925404; 0,999999692925404; 12,7817986792346
6397; 19; 0; 0; 0,981827145640983; 0,981827145640983; 5,30649480862176
6453; 2; 0; 0; 0,50691609602508; 0,50691609602508; 4,82025138210248
6463; 2; 1; 0; 0,627856546559498; 0,372143453440502; 6,73557122092983
6495; 19; 0; 0; 0,992788385606793; 0,992788385606793; 4,51379623284112
6503; 19; 2; 0; 0,428024441706151; 0,314225832662618; 4,50154871324242
6504; 18; 0; 0; 0,999846503671021; 0,999846503671021; 6,93794296999729
6507; 23; 0; 0; 0,999996465188901; 0,999996465188901; 9,67216480787073
6511; 3; 0; 0; 0,342827460348755; 0,342827460348755; 4,09498042947663
6515; 11; 2; 0; 0,412904662682494; 0,248600303945069; 4,9894929020857
6522; 10; 0; 0; 0,948006501881597; 0,948006501881597; 4,47362953773211
6526; 2; 1; 0; 0,517069169867694; 0,482930830132306; 4,28059763549173
6528; 13; 0; 0; 0,999994619933063; 0,999994619933063; 9,0493212952174
6549; 2; 0; 0; 0,998420326481107; 0,998420326481107; 2,99641834484421
6561; 2; 0; 0; 0,996421651845185; 0,996421651845185; 5,01168954159
6577; 2; 0; 0; 0,564576299475379; 0,564576299475379; 7,49873935696051
6644; 19; 0; 0; 0,799276055005911; 0,799276055005911; 3,90240834609767
6675; 2; 0; 0; 0,598351788106089; 0,598351788106089; 3,74552293105527
6678; 25; 7; 0; 0,246586970763417; 0,168883622817509; 4,68474092743879
6704; 2; 0; 0; 0,572048887017174; 0,572048887017174; 3,90998583897042
6704; 2; 1; 0; 0,535129753590853; 0,464870246409147; 4,28815846263848
6718; 10; 0; 0; 0,999984560442834; 0,999984560442834; 8,16199695307303
6724; 16; 0; 0; 0,693659569148862; 0,693659569148862; 3,0952320510457
6739; 10; 0; 0; 0,998002517473217; 0,998002517473217; 6,1540918690039
6749; 2; 1; 0; 0,60419637159634; 0,39580362840366; 6,13325510730671
6767; 2; 1; 0; 0,554997722124223; 0,445002277875777; 5,99808839240824
6782; 2; 1; 0; 0,699707292999792; 0,300292707000208; 6,12303325484758
6787; 10; 0; 0; 0,999054280829259; 0,999054280829259; 6,02698880760049
6794; 16; 0; 0; 0,936541573865713; 0,936541573865713; 3,90268389044892
6804; 18; 0; 0; 0,99766732958942; 0,99766732958942; 5,99899148556434
6820; 21; 0; 0; 0,976156507332564; 0,976156507332564; 4,70988584762987
6826; 2; 0; 0; 0,997439864479479; 0,997439864479479; 5,30649480874236
6836; 10; 0; 0; 0,999083197580858; 0,999083197580858; 6,02698880760049
6836; 19; 2; 0; 0,384622140479976; 0; 2,48534974318451
6837; 10; 0; 0; 0,999996033039642; 0,999996033039642; 9,02724687889004
6855; 20; 0; 0; 0,999573387854532; 0,999573387854532; 6,39776682696593
6861; 2; 0; 0; 1; 1; 2,8983261649342
6863; 2; 1; 0; 0,559093810235621; 0,440906189764379; 7,92071765447989
6866; 15; 0; 0; 0,981749043529593; 0,981749043529593; 3,90218949048836
6889; 19; 0; 0; 0,996109198118528; 0,996109198118528; 6,01402744977133
6900; 10; 0; 0; 0,379034579188485; 0,379034579188485; 4,81122836936598
6901; 2; 0; 0; 0,53394886862661; 0,53394886862661; 5,97907204056548
6903; 18; 0; 0; 0,999936099830558; 0,999936099830558; 6,44260944319719
6907; 18; 0; 0; 0,999732956224404; 0,999732956224404; 6,3895483951306
6909; 18; 0; 0; 0,999778258051639; 0,999778258051639; 6,01310214698404
6923; 18; 0; 0; 0,990406889010096; 0,990406889010096; 4,25969893008706
6934; 10; 0; 0; 0,999999704307476; 0,999999704307476; 12,7817986792346
6937; 2; 0; 0; 1; 1; 2,98801785235456
6956; 10; 2; 0; 0,39420862589899; 0,326335270097432; 3,45219536003198
6961; 20; 0; 0; 0,986436686954789; 0,986436686954789; 4,98474976104624
6970; 13; 0; 0; 0,999966545334146; 0,999966545334146; 8,20615213536993
6986; 2; 0; 0; 1; 1; 2,98801785235456
6989; 10; 0; 0; 1; 1; 14,912098459107
7011; 16; 0; 0; 0,988890310271076; 0,988890310271076; 5,30789578581124
7034; 16; 0; 0; 0,997287089336175; 0,997287089336175; 5,98084465424364
7040; 10; 0; 0; 0,999962071958752; 0,999962071958752; 8,21862501446077
7041; 16; 0; 0; 0,999311980632129; 0,999311980632129; 5,63326713958236
7047; 16; 0; 0; 0,999388132444087; 0,999388132444087; 5,63326713958236
7052; 19; 0; 0; 0,931859413756503; 0,931859413756503; 4,48776959801232
7056; 16; 0; 0; 0,999156944498901; 0,999156944498901; 5,30189848431281
7058; 13; 0; 0; 0,999991194862658; 0,999991194862658; 9,02676734890692
7065; 18; 0; 0; 0,997414306829792; 0,997414306829792; 5,62405451771657
7075; 2; 0; 0; 0,687139363013153; 0,687139363013153; 8,99061358852114
7092; 13; 0; 0; 0,999996722248447; 0,999996722248447; 10,0548014391304
7110; 2; 1; 0; 0,896777798166632; 0,103222201833368; 3,75370203771252
7128; 16; 0; 0; 0,930444903371082; 0,930444903371082; 3,90011253177102
7128; 2; 1; 0; 0,540673126224462; 0,459326873775538; 4,49924361417631
7143; 16; 0; 0; 0,996160620208864; 0,996160620208864; 5,30789578581124
7154; 19; 1; 0; 0,251360751084602; 0; 2,03944145124714
7155; 2; 0; 0; 0,750588137341775; 0,750588137341775; 3,55176417628604
7168; 16; 0; 0; 0,99966960213641; 0,99966960213641; 5,63326713958236
7175; 10; 0; 0; 1; 1; 18,0809750318137
7200; 10; 0; 0; 0,999402028757244; 0,999402028757244; 5,64045250755623
7205; 10; 0; 0; 0,99917192286443; 0,99917192286443; 6,40819044501617
7211; 13; 0; 0; 0,999975473669843; 0,999975473669843; 8,2266557229249
7213; 13; 0; 0; 1; 1; 12,9276018503106
7258; 18; 0; 0; 0,976815963174423; 0,976815963174423; 4,99985930199058
7262; 10; 0; 0; 0,999914827904544; 0,999914827904544; 8,94808560098602
7266; 10; 1; 0; 0,44460573020279; 0,277248269712652; 7,08608521269723
7270; 2; 0; 0; 0,592211637674205; 0,592211637674205; 3,96991845418878
7278; 18; 0; 0; 0,999998626709892; 0,999998626709892; 9,93929750353649
7279; 20; 0; 0; 0,99928400683649; 0,99928400683649; 6,40896397848802
7283; 2; 1; 0; 0,686072931651814; 0,313927068348186; 6,4364352554184
7287; 10; 2; 0; 0,365067416361263; 0,348314188875187; 4,87015235420138
7316; 18; 0; 0; 1; 1; 9,01932586099647
7318; 19; 0; 0; 0,519566936746158; 0,519566936746158; 2,79649340811106
7332; 10; 0; 0; 1; 1; 14,912098459107
7335; 10; 0; 0; 0,975667181247984; 0,975667181247984; 4,1093105506367
7345; 19; 0; 0; 0,999721385220996; 0,999721385220996; 6,96101638095192
7359; 10; 0; 0; 1; 1; 12,8960669698429
7364; 18; 0; 0; 0,675154613779804; 0,675154613779804; 3,34049105962832
7383; 19; 0; 0; 0,860704902470695; 0,860704902470695; 3,19544966980865
7415; 2; 0; 0; 0,993948454867619; 0,993948454867619; 3,21177408201141
7418; 15; 0; 0; 0,984340714944743; 0,984340714944743; 4,7381348726609
7437; 10; 2; 0; 0,460298560468911; 0,456347367866465; 7,48413301901375
7449; 10; 0; 0; 0,999893143820555; 0,999893143820555; 6,44623143720712
7450; 19; 0; 0; 0,996200699444264; 0,996200699444264; 6,44360083904071
7470; 10; 0; 0; 0,992706222611641; 0,992706222611641; 6,00232027966904
7495; 2; 0; 0; 0,67833669396272; 0,67833669396272; 8,99061358852114
7497; 19; 0; 0; 0,999986790652292; 0,999986790652292; 8,22665572294318
7517; 15; 0; 0; 0,984525257647085; 0,984525257647085; 4,7381348726609
7522; 16; 0; 0; 0,995399899702831; 0,995399899702831; 5,63963927242444
7532; 19; 0; 0; 0,997433436149916; 0,997433436149916; 5,65613600011077
7538; 2; 1; 0; 0,579260994866209; 0,420739005133791; 6,13325510730671
7547; 18; 0; 0; 0,996107499104075; 0,996107499104075; 5,99983116238869
7550; 2; 0; 0; 0,84064573848926; 0,84064573848926; 3,09974311535608
7552; 10; 0; 0; 0,999999724892996; 0,999999724892996; 12,9149821655812
7564; 16; 0; 0; 0,998284000627421; 0,998284000627421; 5,30189848431281
7571; 18; 0; 0; 0,999965942440748; 0,999965942440748; 7,45447312765236
7572; 19; 0; 0; 0,737240046545119; 0,737240046545119; 3,19599246641264
7580; 10; 0; 0; 0,999999702163029; 0,999999702163029; 12,9149821655812
7582; 2; 0; 0; 0,526179901903147; 0,526179901903147; 4,65520230991319
7584; 2; 0; 0; 0,999266696681584; 0,999266696681584; 5,63815073428876
7599; 2; 1; 0; 1; 0; 3,74608899521714
7612; 2; 1; 0; 0,563040345413448; 0,436959654586552; 4,99478532695619
7623; 16; 0; 0; 0,839783104467028; 0,839783104467028; 3,73760784294723
7624; 2; 0; 0; 0,528208565792871; 0,528208565792871; 5,628207982213
7626; 2; 0; 0; 0,997626898084145; 0,997626898084145; 3,10102325159723
7646; 2; 0; 0; 0,528208565792871; 0,528208565792871; 5,628207982213
7656; 13; 0; 0; 0,999397166696097; 0,999397166696097; 6,44769096350494
7662; 19; 0; 0; 0,640068427655346; 0,640068427655346; 3,08578582963979
7662; 18; 0; 0; 0,744896776331262; 0,744896776331262; 3,60773034439859
7668; 20; 0; 0; 0,983909152539136; 0,983909152539136; 5,63545066032523
7692; 2; 0; 0; 0,983003494978537; 0,983003494978537; 2,64499042047999
7700; 2; 0; 0; 0,556927944218649; 0,556927944218649; 3,74706976234665
7702; 11; 0; 0; 0,361169564219221; 0,361169564219221; 3,45426431682856
7702; 2; 0; 0; 0,999963388528661; 0,999963388528661; 6,43937544005343
7703; 16; 0; 0; 0,997927617049202; 0,997927617049202; 5,63963927242444
7703; 2; 0; 0; 0,55221250986263; 0,55221250986263; 6,92191325257894
7724; 10; 0; 0; 0,957852747931067; 0,957852747931067; 4,29748762480475
7731; 2; 1; 0; 0,57114482476492; 0,42885517523508; 5,27845090791968
7738; 2; 1; 0; 0,535461979021301; 0,464538020978699; 5,18166365873423
7739; 10; 0; 0; 0,999624410188565; 0,999624410188565; 6,88314276998924
7748; 3; 0; 0; 0,363462758497486; 0,363462758497486; 3,86098154779225
7752; 2; 1; 0; 0,548170762089444; 0,451829237910556; 6,91481156502511
7754; 3; 2; 0; 0,673869101674819; 0,0171825766722086; 2,24749307001683
7759; 13; 0; 0; 0,999963575013308; 0,999963575013308; 8,20615213536993
7784; 18; 0; 0; 0,82532815099893; 0,82532815099893; 3,75805244208186
7815; 19; 0; 0; 0,999211303430784; 0,999211303430784; 6,41109942573188
7820; 19; 0; 0; 0,999570203546023; 0,999570203546023; 6,96101638095192
7832; 2; 0; 0; 0,520194716845646; 0,520194716845646; 6,42749087739473
7839; 2; 0; 0; 0,520073651822001; 0,520073651822001; 5,00246560803906
7841; 10; 0; 0; 0,999999330185748; 0,999999330185748; 11,3006093948836
7843; 2; 1; 0; 0,528374003636776; 0,471625996363224; 4,49462751726632
7846; 10; 0; 0; 0,999323982672001; 0,999323982672001; 6,92575416884889
7869; 10; 0; 0; 0,963865073906204; 0,963865073906204; 3,76686800475031
7869; 19; 0; 0; 0,994459018209343; 0,994459018209343; 4,70908372392854
7875; 19; 0; 0; 0,985157090158613; 0,985157090158613; 5,27972893883802
7884; 20; 0; 0; 0,954054721598747; 0,954054721598747; 4,27264265232535
7886; 2; 0; 0; 0,999602750133072; 0,999602750133072; 6,01008374404987
7937; 19; 0; 0; 0,999950809367594; 0,999950809367594; 8,22665572294318
7939; 2; 0; 0; 0,622486824673077; 0,622486824673077; 3,32996965500607
7959; 17; 0; 0; 0,375139379082927; 0,375139379082927; 3,21169532088694
7966; 3; 2; 0; 0,484979719703784; 0,195197271363077; 5,63059809053036
7974; 16; 6; 0; 0,292774511906035; 0,121132668475619; 3,09354033840188
7983; 19; 0; 0; 0,999534238096043; 0,999534238096043; 5,6422452910514
7989; 10; 0; 0; 0,394324399044938; 0,394324399044938; 4,98942201267583
8007; 10; 1; 0; 0,366193286361373; 0,269722823564891; 4,36016581818661
8012; 2; 1; 0; 0,933054623648872; 0,0669453763511277; 3,32346909017165
8014; 16; 0; 0; 0,980661135807717; 0,980661135807717; 4,72171946387656
8050; 19; 0; 0; 0,996941641991655; 0,996941641991655; 4,76280068170395
8072; 10; 0; 0; 0,998748746728304; 0,998748746728304; 6,40819044501617
8125; 18; 0; 0; 0,735881595049634; 0,735881595049634; 3,22118780749874
8130; 2; 1; 0; 0,506151261046327; 0,493848738953672; 6,00295872964687
8130; 2; 0; 0; 0,891864625921747; 0,891864625921747; 4,09778437094309
8136; 21; 0; 0; 0,998707030548945; 0,998707030548945; 4,97154617249819
8140; 2; 0; 0; 0,706563398603581; 0,706563398603581; 6,43174149605022
8170; 2; 1; 0; 0,500609805179583; 0,499390194820416; 3,96244868020853
8183; 2; 0; 0; 1; 1; 2,30588908452102
8197; 19; 1; 0; 0,323938124628368; 0; 1,90367214371579
8203; 16; 0; 0; 0,605192716425983; 0,605192716425983; 2,99008627435779
8209; 2; 0; 0; 0,649793541067152; 0,649793541067152; 6,91585660655472
8214; 18; 0; 0; 0,963931876411918; 0,963931876411918; 3,44052605891648
8214; 19; 0; 0; 0,999978956834533; 0,999978956834533; 8,22710690925202
8224; 16; 0; 0; 0,999615818183665; 0,999615818183665; 6,44530202562793
8231; 2; 1; 0; 0,601849633753572; 0,398150366246428; 3,75213865480867
8245; 2; 1; 0; 0,542323499847894; 0,457676500152106; 4,35474824347711
8253; 19; 0; 0; 0,999947159802301; 0,999947159802301; 6,46380092516964
8286; 10; 0; 0; 0,992500558912164; 0,992500558912164; 4,75814905863196
8304; 16; 0; 0; 0,891231147072213; 0,891231147072213; 3,59046917921301
8307; 2; 0; 0; 0,560434666823928; 0,560434666823928; 4,80900714736279
8312; 19; 3; 0; 0,357678536923302; 0; 1,80996352003545
8332; 19; 3; 0; 0,353417040403897; 0,0303641795993682; 2,23719472648885
8336; 19; 0; 0; 0,99999302742525; 0,99999302742525; 10,0548014391528
8357; 10; 0; 0; 0,997883127529061; 0,997883127529061; 6,02699167727123
8358; 19; 0; 0; 0,999698535215463; 0,999698535215463; 5,99484520449579
8359; 19; 0; 0; 1; 1; 11,3116516190469
8361; 20; 0; 0; 0,517809551992116; 0,517809551992116; 3,90110850864488
8373; 10; 0; 0; 0,999976648127467; 0,999976648127467; 9,04048751590685
8375; 10; 0; 0; 0,747225115777973; 0,747225115777973; 3,76030167170416
8381; 10; 0; 0; 0,999992372609555; 0,999992372609555; 9,94139897273803
8400; 2; 0; 0; 0,654570601122701; 0,654570601122701; 3,46735600618261
8408; 2; 1; 0; 0,676628577054336; 0,323371422945664; 8,99713258861237
8413; 10; 0; 0; 0,999992667710126; 0,999992667710126; 10,0449861287854
8436; 19; 0; 0; 1; 1; 11,1840738443303
8445; 20; 0; 0; 0,999987812491968; 0,999987812491968; 10,0185789516893
8448; 13; 0; 0; 0,999657820148015; 0,999657820148015; 6,46380092515528
8451; 19; 0; 0; 0,646493534578122; 0,646493534578122; 3,61992704007089
8456; 2; 0; 0; 0,583247025217293; 0,583247025217293; 3,74231264241916
8462; 16; 0; 0; 1; 1; 12,8760391761882
8483; 2; 1; 0; 0,535711394016562; 0,464288605983438; 3,46351260443877
8489; 10; 0; 0; 0,999999773414495; 0,999999773414495; 12,9149821655812
8496; 2; 0; 0; 0,999999351948712; 0,999999351948712; 9,0151256160748
8508; 2; 1; 0; 0,628132311399276; 0,371867688600724; 4,73190188869534
8512; 2; 0; 0; 0,980689839007305; 0,980689839007305; 2,72514164534302
8527; 19; 0; 0; 0,377550827757119; 0,377550827757119; 3,3594416043893
8530; 19; 0; 0; 0,99998685555251; 0,99998685555251; 8,22665572294318
8545; 10; 0; 0; 0,999922377637471; 0,999922377637471; 7,53373959658904
8548; 10; 1; 0; 0,396658333167702; 0,314876007361449; 4,64260755314646
8565; 3; 2; 0; 0,51197976805014; 0,16848491291572; 6,14247064421494
8578; 19; 0; 0; 0,936129708443389; 0,936129708443389; 4,48776959801232
8596; 2; 1; 0; 0,655027436271028; 0,344972563728972; 6,12746371113905
8600; 10; 1; 0; 0,446958380263015; 0,277390944959005; 6,73178095206237
8605; 10; 0; 0; 0,999961827985596; 0,999961827985596; 8,13387188678566
8608; 2; 0; 0; 0,530116300310182; 0,530116300310182; 10,357861548166
8609; 3; 2; 0; 0,530561994389718; 0,151164835191559; 7,11233443014362
8623; 10; 0; 0; 0,999988529585656; 0,999988529585656; 9,04048751590685
8625; 2; 0; 0; 0,931455925812432; 0,931455925812432; 2,71637986577687
8627; 3; 2; 0; 0,416797062798799; 0,211614813957381; 4,18929735636861
8641; 13; 0; 0; 0,989161533742276; 0,989161533742276; 4,76280068169337
8650; 10; 0; 0; 0,999940685077643; 0,999940685077643; 7,52060334340831
8661; 2; 1; 0; 0,789997991400164; 0,210002008599836; 7,10511555514687
8674; 19; 0; 0; 0,999719280554828; 0,999719280554828; 5,02740071957639
8694; 2; 0; 0; 0,616272655810836; 0,616272655810836; 5,99374239234743
8701; 10; 0; 0; 0,999953209885788; 0,999953209885788; 6,43801958809837
8703; 2; 0; 0; 0,998319812564566; 0,998319812564566; 5,30649480874236
8705; 16; 0; 0; 0,999479733867077; 0,999479733867077; 5,98411529868835
8713; 2; 0; 0; 0,86605712922767; 0,86605712922767; 2,90095723536515
8713; 2; 0; 0; 0,999051484317602; 0,999051484317602; 5,00840312004155
8749; 19; 0; 0; 0,999999574934534; 0,999999574934534; 11,2194239950308
8771; 13; 0; 0; 0,996734047570022; 0,996734047570022; 6,44769096350494
8789; 10; 1; 0; 0,420972942701213; 0,299843250257352; 5,17829304004797
8796; 15; 0; 0; 0,924793287194655; 0,924793287194655; 3,10246190546755
8801; 3; 2; 0; 0,468047331495885; 0,301849481067681; 3,00034518005886
8803; 20; 0; 0; 0,999998831123674; 0,999998831123674; 6,95549330439008
8810; 10; 0; 0; 0,811322616304208; 0,811322616304208; 4,52024375795343
8820; 2; 0; 0; 0,570065852463996; 0,570065852463996; 3,21435196423739
8822; 10; 0; 0; 0,962887425724401; 0,962887425724401; 4,36742003606728
8823; 10; 0; 0; 0,99999185912869; 0,99999185912869; 10,0449861287854
8827; 2; 1; 0; 1; 0; 2,9376798556011
8831; 18; 0; 0; 0,999875707634646; 0,999875707634646; 4,96964875176824
8856; 13; 0; 0; 1; 1; 11,3116516190217
8857; 19; 0; 0; 0,999440149313164; 0,999440149313164; 7,51753431221416
8865; 16; 0; 0; 1; 1; 12,8760391761882
8865; 10; 0; 0; 0,999993122361368; 0,999993122361368; 11,2227458104754
8878; 19; 0; 0; 0,999457666328132; 0,999457666328132; 7,51753431221416
8902; 2; 1; 0; 0,687477783808886; 0,312522216191114; 5,6240511434341
8903; 19; 2; 0; 0,483122591783663; 0; 2,44589664869655
8904; 2; 0; 0; 0,990635674014397; 0,990635674014397; 4,74480295582884
8909; 10; 0; 0; 0,999960729160123; 0,999960729160123; 8,21862501446077
8922; 18; 0; 0; 0,872310659066872; 0,872310659066872; 3,34049105962832
8926; 18; 1; 0; 0,463323414752793; 0,35574501654919; 2,43765563810716
8935; 23; 0; 0; 0,999051844676198; 0,999051844676198; 5,41641229240761
8936; 19; 0; 0; 1; 1; 11,1840738443303
8948; 2; 0; 0; 0,997891598128783; 0,997891598128783; 5,00840312004155
8949; 19; 0; 0; 0,99999302742525; 0,99999302742525; 10,0548014391528
8951; 10; 0; 0; 0,995355381129566; 0,995355381129566; 4,7581513241615
8956; 19; 0; 0; 0,998579197711268; 0,998579197711268; 4,52466064761875
8961; 10; 0; 0; 0,999994221634877; 0,999994221634877; 8,21862501446077
8962; 3; 0; 0; 0,416396156034477; 0,416396156034477; 3,64906846223374
8975; 18; 0; 0; 0,999999807040245; 0,999999807040245; 8,13215250289349
8975; 19; 0; 0; 0,987803223982297; 0,987803223982297; 4,30943695246535
8994; 2; 0; 0; 0,506223621858452; 0,506223621858452; 6,40954753104532
9010; 21; 0; 0; 0,996810574262149; 0,996810574262149; 4,70988584762987
9040; 16; 0; 0; 0,997882950250454; 0,997882950250454; 5,63963927242444
9043; 10; 0; 0; 0,999650820073591; 0,999650820073591; 6,90112817155587
9060; 22; 0; 0; 0,999348255475815; 0,999348255475815; 6,40130092247321
9088; 18; 0; 0; 0,999923322584761; 0,999923322584761; 6,9052745042468
9089; 2; 0; 0; 0,996533466134449; 0,996533466134449; 4,74480295582884
9090; 10; 0; 0; 0,999936985336579; 0,999936985336579; 7,45673800082168
9091; 2; 1; 0; 1; 0; 2,19286325558896
9117; 16; 0; 0; 0,99966960213641; 0,99966960213641; 5,63326713958236
9123; 10; 0; 0; 0,997027968268502; 0,997027968268502; 5,65030469744178
9172; 3; 0; 0; 0,357537517697599; 0,357537517697599; 3,59893780968405
9198; 10; 0; 0; 0,999996940934635; 0,999996940934635; 8,21862110127339
9201; 18; 0; 0; 0,945949868575075; 0,945949868575075; 4,28499391826024
9203; 13; 0; 0; 0,988450745170786; 0,988450745170786; 4,30920061677019
9204; 2; 0; 0; 0,577631985526294; 0,577631985526294; 4,73604590965927
9205; 10; 0; 0; 0,999997040589535; 0,999997040589535; 8,21862110127339
9213; 10; 0; 0; 0,99995082030669; 0,99995082030669; 6,45748800814338
9220; 2; 0; 0; 0,947056103096521; 0,947056103096521; 8,4337250562926
9225; 19; 0; 0; 0,944053691086102; 0,944053691086102; 3,59021567840985
9240; 13; 0; 0; 0,999928881611706; 0,999928881611706; 8,2266557229249
9247; 18; 0; 0; 0,992493314606356; 0,992493314606356; 5,62405451771657
9253; 2; 0; 0; 0,710343063317689; 0,710343063317689; 6,43174149605022
9253; 2; 0; 0; 0,950806246192108; 0,950806246192108; 3,75630234003117
9258; 19; 0; 0; 0,999984815062604; 0,999984815062604; 8,22665572294318
9260; 10; 0; 0; 0,999997809411221; 0,999997809411221; 10,0449861287854
9287; 16; 0; 0; 0,994480928296955; 0,994480928296955; 5,0130126865995
9287; 19; 0; 0; 0,989288876920856; 0,989288876920856; 4,08739445761076
9298; 20; 0; 0; 0,999949677765348; 0,999949677765348; 6,93593927424644
9313; 13; 0; 0; 0,999917373343418; 0,999917373343418; 7,54110107934783
9314; 19; 0; 0; 0,998667523540652; 0,998667523540652; 5,20822642250899
9331; 20; 0; 0; 1; 1; 12,8810300807434
9332; 10; 0; 0; 0,662373435105251; 0,662373435105251; 5,60981746005197
9355; 17; 0; 0; 0,997551519872459; 0,997551519872459; 4,28130445139128
9371; 2; 0; 0; 0,999945927623171; 0,999945927623171; 6,91609082193569
9389; 2; 0; 0; 0,935195046179028; 0,935195046179028; 2,81030232175999
9394; 16; 0; 0; 0,998859822757168; 0,998859822757168; 5,30189848431281
9403; 13; 0; 0; 0,988024478229968; 0,988024478229968; 4,76280068169337
9415; 2; 1; 0; 0,522985606129889; 0,477014393870111; 4,71719242257402
9419; 2; 0; 0; 0,508888610276064; 0,508888610276064; 4,35486667701557
9421; 20; 0; 0; 1; 1; 15,0278684275339
9423; 2; 0; 0; 0,984769362442257; 0,984769362442257; 4,09778437094309
9446; 2; 0; 0; 0,552060444084655; 0,552060444084655; 4,99915957130701
9450; 3; 0; 0; 0,390820524502737; 0,390820524502737; 3,29306178299143
9451; 19; 0; 0; 0,999359120612598; 0,999359120612598; 4,76280068170395
9456; 10; 0; 0; 0,527024595568473; 0,527024595568473; 4,8314259329282
9462; 16; 0; 0; 0,998763160240196; 0,998763160240196; 5,63963927242444
9464; 2; 0; 0; 0,826328709413539; 0,826328709413539; 2,80966189641137
9472; 19; 0; 0; 0,396880917540016; 0,396880917540016; 2,35858322530029
9495; 10; 1; 0; 0,370966848400234; 0,258451231670249; 3,75458723232736
9509; 10; 0; 0; 0,999999713202025; 0,999999713202025; 12,8259952119719
9523; 10; 2; 0; 0,536521427982964; 0,11159088886182; 6,40184064509948
9526; 10; 0; 0; 0,985832687915828; 0,985832687915828; 4,75118256783687
9536; 23; 0; 0; 0,999038032645177; 0,999038032645177; 5,41641229240761
9554; 16; 0; 0; 0,998859822757168; 0,998859822757168; 5,30189848431281
9560; 18; 0; 0; 0,999935145341671; 0,999935145341671; 6,01288390733098
9609; 2; 0; 0; 0,518660575993096; 0,518660575993096; 4,73533294137493
9615; 2; 1; 0; 0,688650987879851; 0,311349012120149; 5,28998084095998
9619; 13; 0; 0; 0,995579509292061; 0,995579509292061; 5,02740071956522
9620; 10; 0; 0; 0,998312234481226; 0,998312234481226; 5,30866118358234
9653; 16; 0; 0; 0,974544508446756; 0,974544508446756; 2,99042232712182
9662; 16; 0; 0; 0,999960188719058; 0,999960188719058; 8,16015722548411
9671; 2; 0; 0; 0,510297136930311; 0,510297136930311; 3,64775780267215
9705; 16; 0; 0; 0,980082060313187; 0,980082060313187; 4,29201305872942
9714; 10; 0; 0; 0,995358665692366; 0,995358665692366; 5,3101452228765
9726; 18; 0; 0; 0,999994461935672; 0,999994461935672; 8,19968474588733
9738; 19; 0; 0; 0,999633740827223; 0,999633740827223; 5,63339612417256
9746; 10; 0; 0; 0,998316324692184; 0,998316324692184; 4,97115866721445
9752; 2; 1; 0; 0,830568736079373; 0,169431263920627; 7,93980929630855
9773; 18; 0; 0; 0,999977851035246; 0,999977851035246; 6,44237561499748
9774; 16; 4; 0; 0,79174539422531; 0; 3,342008457733
9777; 19; 1; 0; 0,44178444654645; 0,10263458931142; 3,83312418753052
9787; 21; 0; 0; 0,999605990657413; 0,999605990657413; 5,59298944406047
9808; 16; 0; 0; 0,999665990448258; 0,999665990448258; 6,00881828222118
9808; 10; 0; 0; 0,999942654466951; 0,999942654466951; 8,97819664838033
9826; 2; 0; 0; 0,594832124718518; 0,594832124718518; 3,21177408201141
9826; 2; 1; 0; 0,737121462350619; 0,262878537649381; 2,90810503744348
9834; 16; 0; 0; 0,999378583072606; 0,999378583072606; 5,63326713958236
9834; 2; 0; 0; 0,585028047522161; 0,585028047522161; 4,08166531732464
9837; 2; 1; 0; 0,606172563474194; 0,393827436525806; 4,09324216888218
9841; 3; 0; 0; 0,78063514714169; 0,78063514714169; 9,98161794218905
9842; 16; 0; 0; 0,999378583072606; 0,999378583072606; 5,63326713958236
9849; 2; 1; 0; 0,507098557511934; 0,492901442488066; 5,27203483973367
9881; 17; 0; 0; 0,713796607031975; 0,713796607031975; 2,72446646906718
9881; 10; 0; 0; 0,999734458283317; 0,999734458283317; 7,48183054031695
9882; 10; 0; 0; 0,42873915857206; 0,42873915857206; 8,44782127273656
9913; 2; 1; 0; 0,58144993585449; 0,41855006414551; 6,42354816402283
9923; 13; 0; 0; 0,988450745170786; 0,988450745170786; 4,30920061677019
9928; 16; 0; 0; 0,999956153851435; 0,999956153851435; 8,16015722548411
9932; 2; 1; 0; 0,737466465150395; 0,262533534849605; 4,64532394283402
9940; 2; 1; 0; 0,627744446426394; 0,372255553573606; 4,09324216888218
9942; 19; 0; 0; 0,428752185375335; 0,428752185375335; 2,73364884080515
9953; 19; 0; 0; 0,617996374803351; 0,617996374803351; 2,79601846108257
9981; 10; 0; 0; 0,562618789109428; 0,562618789109428; 5,20307408161499
9987; 19; 0; 0; 0,999994944152014; 0,999994944152014; 8,97553919602463
9995; 2; 0; 0; 0,587365210487962; 0,587365210487962; 8,18648433776437
10018; 2; 0; 0; 0,582021562695399; 0,582021562695399; 3,59718697185278
10022; 2; 0; 0; 0,62699071176255; 0,62699071176255; 5,00611630976986
10049; 19; 0; 0; 0,494507881277849; 0,494507881277849; 2,81907536708031
10057; 20; 0; 0; 0,998870734673361; 0,998870734673361; 4,98474976104624
10058; 3; 1; 0; 0,375762886851062; 0,309173101033819; 4,99096416415701
10084; 19; 0; 0; 0,977755391416018; 0,977755391416018; 3,4471600985158
10119; 10; 1; 0; 0,467089747563229; 0,329517738414208; 7,50917446465472
10124; 2; 1; 0; 0,816494977631561; 0,183505022368439; 3,33893541336104
10131; 3; 0; 0; 0,357793958573137; 0,357793958573137; 3,46498344032638
10133; 2; 0; 0; 0,999650087278591; 0,999650087278591; 5,01168954159
10135; 2; 1; 0; 0,627895896572154; 0,372104103427846; 5,60253347316479
10157; 11; 0; 0; 0,886353967353207; 0,886353967353207; 3,65309409878327
10161; 3; 0; 0; 0,520251459030416; 0,520251459030416; 4,09539210523687
10172; 10; 0; 0; 0,998122588822902; 0,998122588822902; 4,74380390701985
10175; 2; 1; 0; 0,530266315482289; 0,469733684517711; 6,42749087739473
10193; 13; 0; 0; 0,998885180974162; 0,998885180974162; 7,5223061240891
10199; 10; 0; 0; 0,9981359587091; 0,9981359587091; 5,64202929930628
10200; 10; 0; 0; 0,987487811024661; 0,987487811024661; 3,72836900041084
10211; 2; 1; 0; 0,533506369021986; 0,466493630978014; 3,84876376018991
10221; 3; 1; 0; 0,409945424133284; 0,400860846680128; 5,40537416690915
10223; 16; 0; 0; 0,992110727990314; 0,992110727990314; 4,74380390701672
10223; 10; 0; 0; 0,963550879585415; 0,963550879585415; 3,91560871462361
10227; 2; 0; 0; 0,986237884901019; 0,986237884901019; 13,4939600900682
10233; 2; 0; 0; 0,999997329754397; 0,999997329754397; 8,19556874188618
10237; 16; 0; 0; 0,989440643453989; 0,989440643453989; 4,74916991362058
10239; 20; 0; 0; 0,998951342164961; 0,998951342164961; 5,60843463811519
10242; 18; 0; 0; 0,883987413325085; 0,883987413325085; 3,32476179834105
10249; 20; 0; 0; 0,95814381613728; 0,95814381613728; 3,92031350283494
10298; 10; 0; 0; 0,997779360990505; 0,997779360990505; 4,52024375795343
10309; 18; 0; 0; 0,999995782572505; 0,999995782572505; 6,93794296999729
10313; 19; 0; 0; 0,999947159802301; 0,999947159802301; 6,46380092516964
10333; 2; 1; 0; 0,765127097884992; 0,234872902115008; 5,38857577368746
10363; 21; 0; 0; 0,999978316510297; 0,999978316510297; 8,13525737317886
10385; 10; 0; 0; 0,999829575488899; 0,999829575488899; 7,47622218585219
10387; 2; 0; 0; 0,605287262407774; 0,605287262407774; 4,49924361417631
10390; 2; 1; 0; 0,835103961982562; 0,164896038017438; 3,10021158224867
10411; 18; 0; 0; 1; 1; 14,9089462553047
10411; 19; 0; 0; 0,999641356168172; 0,999641356168172; 6,46415542869802
10427; 10; 0; 0; 0,999628159029712; 0,999628159029712; 5,31793383288638
10431; 10; 0; 0; 0,99943427764724; 0,99943427764724; 5,26309357380249
10438; 13; 0; 0; 0,854825436970584; 0,854825436970584; 3,47183359573343
10440; 19; 0; 0; 0,990336244763153; 0,990336244763153; 5,30649480862176
10442; 10; 0; 0; 0,999825769099601; 0,999825769099601; 7,47622218585219
10453; 21; 0; 0; 0,999870782406833; 0,999870782406833; 6,39198793606911
10454; 19; 0; 0; 0,966747370541157; 0,966747370541157; 4,10047326120772
10487; 2; 1; 0; 0,508278105035784; 0,491721894964215; 3,74608899521714
10494; 19; 0; 0; 0,998977155311291; 0,998977155311291; 5,41655547940934
10503; 2; 0; 0; 0,949761020127444; 0,949761020127444; 2,63648634031284
10508; 2; 0; 0; 0,660103631092098; 0,660103631092098; 6,41243609136934
10528; 20; 0; 0; 0,999992293755992; 0,999992293755992; 6,4586723540765
10544; 2; 1; 0; 0,63225370188043; 0,36774629811957; 4,08371507043035
10558; 2; 1; 0; 0,511187607586968; 0,488812392413032; 4,0866997035976
10564; 2; 1; 0; 0,995112521874096; 0,00488747812590369; 3,60177523778812
10575; 19; 0; 0; 0,999982807206403; 0,999982807206403; 8,22665572294318
10576; 18; 0; 0; 0,999885275332553; 0,999885275332553; 4,96964875176824
10579; 13; 0; 0; 0,993436002904876; 0,993436002904876; 5,02740071956522
10580; 10; 2; 0; 0,759739238158697; 0,122761093486626; 5,40334140548048
10602; 2; 0; 0; 0,999238075106337; 0,999238075106337; 4,74791640782211
10609; 2; 1; 0; 0,60176811938231; 0,39823188061769; 3,59392444451841
10613; 13; 0; 0; 0,99872729720843; 0,99872729720843; 5,65582580951087
10618; 19; 0; 0; 0,998921176908753; 0,998921176908753; 4,30920061677976
10641; 10; 0; 0; 0,999554534688979; 0,999554534688979; 6,00393336242286
10645; 2; 0; 0; 0,544232156126394; 0,544232156126394; 3,90998583897042
10662; 19; 0; 0; 0,999475938914742; 0,999475938914742; 7,48313833289438
10677; 20; 0; 0; 0,968448706617038; 0,968448706617038; 3,32351682258678
10678; 10; 0; 0; 0,350124054030134; 0,350124054030134; 3,60236001745372
10687; 18; 0; 0; 0,999999315883324; 0,999999315883324; 7,51610488416373
10694; 16; 4; 0; 0,762126333460422; 0; 3,11152511582038
10694; 2; 0; 0; 0,523935500016571; 0,523935500016571; 5,29322778138389
10699; 2; 1; 0; 0,584888839805732; 0,415111160194268; 3,59624543540846
10709; 19; 2; 0; 0,353338876715714; 0,297505506375532; 4,61697303922299
10714; 2; 1; 0; 0,561257921854359; 0,438742078145641; 3,45792830327736
10731; 10; 2; 0; 0,792581089312215; 0,11889988660695; 7,50464084094511
10758; 10; 0; 0; 0,999978668670021; 0,999978668670021; 7,45604922955352
10767; 10; 2; 0; 0,608705229047304; 0,271868497662668; 8,41964964639047
10771; 10; 0; 0; 0,999978412446842; 0,999978412446842; 7,45604922955352
10777; 2; 0; 0; 0,750032349108314; 0,750032349108314; 3,46735600618261
10830; 10; 0; 0; 0,999233637037623; 0,999233637037623; 5,26309357380249
10852; 19; 0; 0; 0,999863527810596; 0,999863527810596; 5,65582580952344
10863; 20; 0; 0; 0,964637796769852; 0,964637796769852; 2,65945332226679
10868; 2; 0; 0; 0,510166235040847; 0,510166235040847; 3,45262051605534
10872; 13; 0; 0; 0,999982679739446; 0,999982679739446; 9,0493212952174
10883; 13; 0; 0; 0,999830788068664; 0,999830788068664; 6,96101638093646
10909; 16; 0; 0; 0,989747901794814; 0,989747901794814; 3,3226914745798
10919; 2; 1; 0; 0,649474347378689; 0,350525652621311; 4,49648371481598
10921; 2; 1; 0; 1; 0; 1,87304449760857
10934; 10; 0; 0; 0,999863199384961; 0,999863199384961; 6,94209539391536
10953; 10; 0; 0; 0,999385238860567; 0,999385238860567; 6,72269469487072
10975; 10; 0; 0; 0,641480435973602; 0,641480435973602; 5,60981746005197
10984; 2; 0; 0; 0,552449514782473; 0,552449514782473; 3,63924865205833
11009; 2; 0; 0; 0,999554388834404; 0,999554388834404; 5,30301506827929
11020; 10; 0; 0; 0,576177843569177; 0,576177843569177; 6,44190124390427
11025; 18; 0; 0; 0,999931292607681; 0,999931292607681; 5,26198103128402
11028; 18; 0; 0; 0,836511892809242; 0,836511892809242; 3,34049105962832
11032; 2; 0; 0; 0,55851362568473; 0,55851362568473; 6,4364352554184
11044; 2; 1; 0; 0,541383450831369; 0,458616549168632; 7,11227754513951
11050; 2; 0; 0; 0,781029080336984; 0,781029080336984; 4,49530679426057
11055; 2; 1; 0; 0,519330126731538; 0,480669873268462; 6,92087122200951
11097; 19; 0; 0; 0,997740004174533; 0,997740004174533; 5,32342211775131
11119; 19; 0; 0; 0,998617506722607; 0,998617506722607; 5,27972893883802
11130; 10; 1; 0; 0,353956589888258; 0,172267616918034; 2,74766569471933
11138; 2; 0; 0; 0,998090815672013; 0,998090815672013; 4,5075628080374
11158; 2; 1; 0; 0,555027315949621; 0,444972684050379; 4,49890128996231
11170; 20; 0; 0; 0,93634918277143; 0,93634918277143; 2,51170591547419
11172; 20; 0; 0; 0,888144129663682; 0,888144129663682; 2,5834689416306
11229; 2; 1; 0; 0,991072854931597; 0,00892714506840303; 2,49701528737018
11251; 23; 0; 0; 0,999685926982645; 0,999685926982645; 6,15501396864501
11255; 10; 0; 0; 0,99998787886781; 0,99998787886781; 10,342607222878
11295; 20; 0; 0; 0,998572258840938; 0,998572258840938; 5,00928947584465
11306; 2; 1; 0; 0,582238446652568; 0,417761553347432; 7,49873935696051
11317; 2; 1; 0; 1; 0; 1,959809916538
11320; 16; 0; 0; 0,939749802222785; 0,939749802222785; 3,20577605286876
11329; 19; 0; 0; 0,999947971023132; 0,999947971023132; 6,96101638095192
11329; 19; 0; 0; 0,99982248214387; 0,99982248214387; 5,26398759173846
11352; 19; 0; 0; 0,983958178350556; 0,983958178350556; 3,75980595423084
11365; 17; 0; 0; 0,672406256745265; 0,672406256745265; 2,56878267083477
11366; 2; 1; 0; 0,519268966599127; 0,480731033400873; 6,00342184769387
11373; 22; 0; 0; 0,615258052994369; 0,615258052994369; 3,14599769627958
11379; 10; 0; 0; 1; 1; 18,0809750318137
11381; 20; 0; 0; 0,999769250583378; 0,999769250583378; 4,97604086541794
11406; 19; 0; 0; 0,999804360080188; 0,999804360080188; 5,32313017366912
11412; 2; 0; 0; 0,999815359838272; 0,999815359838272; 5,30649480874236
11414; 2; 1; 0; 0,548128575862909; 0,451871424137091; 3,64579123247952
11425; 2; 0; 0; 0,523935500016571; 0,523935500016571; 5,29322778138389
11453; 19; 0; 0; 0,999982963510204; 0,999982963510204; 8,22665572294318
11473; 19; 0; 0; 0,433413154654298; 0,433413154654298; 2,73364884080515
11479; 10; 0; 0; 0,997959283565167; 0,997959283565167; 5,84582147380063
11485; 20; 0; 0; 0,917939318636957; 0,917939318636957; 2,65945332226679
11508; 2; 1; 0; 0,998294996806123; 0,00170500319387664; 2,73185624729539
11512; 18; 0; 0; 0,999915457064714; 0,999915457064714; 4,96964875176824
11513; 17; 0; 0; 0,79590578710141; 0,79590578710141; 2,72446646906718
11522; 19; 0; 0; 0,968775867509718; 0,968775867509718; 3,19544966980865
11528; 10; 0; 0; 0,998127808339531; 0,998127808339531; 5,98097774868175
11534; 13; 0; 0; 0,999919066211663; 0,999919066211663; 8,2266557229249
11547; 13; 0; 0; 0,999981681184701; 0,999981681184701; 9,0493212952174
11555; 19; 0; 0; 0,999927849444303; 0,999927849444303; 6,90426092001895
11556; 10; 0; 0; 0,996498187520702; 0,996498187520702; 5,01373556227221
11573; 2; 1; 0; 0,556441168042225; 0,443558831957775; 2,41373708847522
11601; 19; 0; 0; 0,90394375727653; 0,90394375727653; 4,09701536303459
11603; 16; 2; 0; 0,26342195945643; 0,0997992927175053; 2,04846077802995
11613; 2; 0; 0; 0,830404054903623; 0,830404054903623; 2,99765580987732
11613; 2; 0; 0; 0,577515760776249; 0,577515760776249; 3,91527511806122
11638; 19; 0; 0; 0,999904148659914; 0,999904148659914; 6,41109942573188
11655; 2; 1; 0; 0,890110283775519; 0,109889716224481; 2,36977178198442
11663; 2; 1; 0; 0,534740208689062; 0,465259791310938; 3,45740578251255
11663; 2; 0; 0; 0,523935500016571; 0,523935500016571; 5,29322778138389
11666; 13; 0; 0; 0,688071659293139; 0,688071659293139; 3,1126783961748
11685; 16; 0; 0; 0,996835476111509; 0,996835476111509; 5,0130126865995
11685; 19; 0; 0; 0,939861000763296; 0,939861000763296; 3,59690712269747
11697; 2; 1; 0; 0,534376215445716; 0,465623784554284; 3,7470632111595
11703; 2; 0; 0; 0,998796928553214; 0,998796928553214; 4,08033256502296
11724; 19; 0; 0; 0,999999652691015; 0,999999652691015; 11,2194239950308
11729; 18; 0; 0; 0,594192157249516; 0,594192157249516; 3,09546788121408
11737; 2; 1; 0; 1; 0; 1,87815117001558
11754; 20; 0; 0; 0,932222410296888; 0,932222410296888; 2,5834689416306
11810; 13; 0; 0; 0,901950623188111; 0,901950623188111; 3,76115306204455
11816; 13; 0; 0; 0,517480966575175; 0,517480966575175; 2,7422185743083
11848; 2; 1; 0; 0,566546511203903; 0,433453488796097; 2,55036371612476
11866; 2; 0; 0; 0,593703988587811; 0,593703988587811; 3,74552293105527
11868; 10; 0; 0; 0,992296303672971; 0,992296303672971; 4,50295002181715
11888; 2; 1; 0; 0,717340842576474; 0,282659157423526; 3,09974311535608
11910; 2; 0; 0; 0,625797675510151; 0,625797675510151; 4,49462751726632
11929; 10; 0; 0; 1; 1; 17,8945181509285
11935; 19; 0; 0; 0,999905484413524; 0,999905484413524; 6,03288086349166
11942; 2; 0; 0; 0,999993126364655; 0,999993126364655; 7,51260468006233
11949; 17; 0; 0; 0,964129236149223; 0,964129236149223; 3,45797667227758
11967; 10; 0; 0; 0,998894457650416; 0,998894457650416; 5,64045250755623
11968; 10; 0; 0; 0,987097345019274; 0,987097345019274; 3,60786128811881
11973; 2; 1; 0; 0,500000083048614; 0,499999916951386; 1,26137419344738
11980; 10; 0; 0; 0,999086610830554; 0,999086610830554; 5,64045250755623
11987; 2; 0; 0; 1; 1; 14,9506891388576
12005; 20; 0; 0; 0,977925678441957; 0,977925678441957; 4,29367669358113
12014; 19; 0; 0; 0,999773991118676; 0,999773991118676; 6,77069434926168
12020; 2; 1; 0; 0,532160825832868; 0,467839174167132; 4,8115448259675
12024; 10; 0; 0; 0,999992845335784; 0,999992845335784; 7,51637768358085
12082; 18; 0; 0; 0,999385270227035; 0,999385270227035; 5,61053553470052
12101; 18; 0; 0; 0,958192061779854; 0,958192061779854; 3,46897148499864
12105; 2; 0; 0; 0,981699166782689; 0,981699166782689; 2,64499042047999
12113; 2; 0; 0; 0,759629110450961; 0,759629110450961; 7,50369841205858
12137; 20; 0; 0; 0,999988235612096; 0,999988235612096; 8,22012845064282
12160; 22; 0; 0; 0,999883045166012; 0,999883045166012; 7,90748937481985
12162; 20; 0; 0; 0,999852426612076; 0,999852426612076; 6,40896397848802
12163; 15; 0; 0; 0,41245971354298; 0,41245971354298; 2,43309628596101
12181; 15; 0; 0; 0,855602129134021; 0,855602129134021; 2,99904650861863
12181; 10; 0; 0; 1; 1; 11,212224664152
12195; 10; 0; 0; 0,999983277621498; 0,999983277621498; 9,02472401208997
12214; 2; 1; 0; 0,580228921119392; 0,419771078880608; 4,97914401530402
12216; 16; 3; 0; 0,266043336715795; 0,0127610752503085; 1,91770796241102
12216; 2; 0; 0; 0,66497590291575; 0,66497590291575; 4,5025663857704
12223; 16; 3; 0; 0,198396001325598; 0; 1,2123333758602
12228; 2; 1; 0; 0,979573599305885; 0,0204264006941153; 2,36559343014017
12248; 20; 0; 0; 0,999991387172351; 0,999991387172351; 6,39776682696593
12255; 22; 0; 0; 0,99935659272651; 0,99935659272651; 6,40130092247321
12258; 19; 0; 0; 0,999908059994356; 0,999908059994356; 6,03288086349166
12273; 2; 0; 0; 0,999984661119023; 0,999984661119023; 6,01402744990801
12294; 2; 0; 0; 0,670408027602817; 0,670408027602817; 3,849235860774
12301; 2; 0; 0; 0,64582864915758; 0,64582864915758; 3,21177408201141
12305; 21; 0; 0; 0,999712188955106; 0,999712188955106; 5,59298944406047
12315; 16; 6; 0; 0,244145933873856; 0; 1,42401063196277
12325; 2; 0; 0; 0,549251294461084; 0,549251294461084; 3,46351260443877
12345; 3; 2; 0; 1; 0; 1,18513017318323
12348; 19; 0; 0; 0,702750346659533; 0,702750346659533; 3,20554971286594
12365; 18; 0; 0; 0,999975876754162; 0,999975876754162; 5,59085484573927
12365; 19; 0; 0; 1; 1; 10,0553528890858
12372; 19; 0; 0; 0,855753665127853; 0,855753665127853; 3,77075733340718
12383; 23; 0; 0; 0,79836826008152; 0,79836826008152; 4,10334264576334
12393; 19; 0; 0; 1; 1; 17,8975578119108
12400; 16; 0; 0; 0,999998854547159; 0,999998854547159; 8,97025882307336
12427; 2; 1; 0; 0,950956235052556; 0,0490437649474444; 2,99691311597157
12431; 19; 0; 0; 0,896773562100912; 0,896773562100912; 3,23207771434901
12434; 3; 2; 0; 1; 0; 1,33436878758408
12437; 10; 0; 0; 0,999999687429851; 0,999999687429851; 11,1840738443303
12445; 13; 0; 0; 0,726032507517411; 0,726032507517411; 2,66156508682865
12446; 19; 0; 0; 0,894720116000078; 0,894720116000078; 3,59629573916626
12453; 16; 1; 0; 0,25820848178098; 0; 1,72618710539087
12462; 16; 1; 0; 0,286644817154388; 0; 1,90982403149628
12486; 19; 0; 0; 0,431662549881386; 0,431662549881386; 2,51383822227145
12489; 17; 0; 0; 0,915930320459253; 0,915930320459253; 2,72507481772225
12489; 10; 0; 0; 0,99301509817953; 0,99301509817953; 4,74985474320525
12497; 17; 3; 0; 0,285025498216363; 0,144177986534297; 2,19286325559066
12513; 16; 0; 0; 0,99988938928579; 0,99988938928579; 6,40732773076668
12514; 15; 0; 0; 0,901384021765649; 0,901384021765649; 3,10246190546755
12535; 2; 1; 0; 0,979962759720381; 0,0200372402796188; 9,64123053160132
12541; 16; 0; 0; 0,991180299019143; 0,991180299019143; 3,58850679254619
12551; 16; 0; 0; 0,998462142450154; 0,998462142450154; 4,98347712392964
12552; 10; 2; 0; 0,296520333533528; 0,0101297555404447; 2,01910337495507
12556; 16; 0; 0; 0,999829349714294; 0,999829349714294; 5,98017254871557
12568; 10; 0; 0; 0,998856060683196; 0,998856060683196; 5,00611630977723
12582; 21; 0; 0; 0,922896548068535; 0,922896548068535; 3,44183965788337
12583; 2; 0; 0; 0,713708321309416; 0,713708321309416; 3,91238575145766
12593; 22; 0; 0; 0,999844712412836; 0,999844712412836; 7,46818440955208
12595; 17; 0; 0; 0,524291920943994; 0,524291920943994; 2,36598403892676
12625; 2; 0; 0; 1; 1; 0,706189611090411
12625; 18; 0; 0; 0,999945743750396; 0,999945743750396; 6,93794296999729
12639; 2; 1; 0; 0,566706491542223; 0,433293508457777; 5,1923410379801
12642; 2; 0; 0; 0,50057936480316; 0,50057936480316; 2,8141039911065
12652; 2; 1; 0; 0,59419026302167; 0,40580973697833; 3,75213865480867
12670; 3; 2; 0; 1; 0; 1,25097073836007
12685; 2; 1; 0; 0,662667129296149; 0,337332870703851; 4,07393891040483
12726; 19; 0; 0; 0,999306633159239; 0,999306633159239; 5,27972893883802
12745; 19; 0; 0; 0,999974847822893; 0,999974847822893; 7,54110107936458
12780; 18; 0; 0; 1; 1; 14,9089462553047
12780; 19; 0; 0; 0,946694113533048; 0,946694113533048; 3,61992704007089
12804; 2; 1; 0; 0,996702572992491; 0,00329742700750862; 2,09421692361414
12813; 18; 0; 0; 0,78018730914708; 0,78018730914708; 3,32476179834105
12840; 10; 2; 0; 0,431101463072609; 0,383371510968725; 3,14337535729732
12850; 2; 1; 0; 1; 0; 0,742913639217573
12874; 17; 0; 0; 0,811403168352964; 0,811403168352964; 2,90023849932958
12879; 18; 0; 0; 0,320530251354858; 0,320530251354858; 1,37936545235308
12911; 16; 0; 0; 1; 1; 12,8906040512559
12963; 2; 0; 0; 1; 1; 2,36442397665685
12963; 2; 0; 0; 0,677932794286183; 0,677932794286183; 2,50420156002078
12993; 17; 1; 0; 0,239524820105043; 0; 2,04334985180039
13029; 21; 0; 0; 0,991780208073444; 0,991780208073444; 4,47439155524838
13047; 2; 0; 0; 0,607270126894958; 0,607270126894958; 4,08602501569665
13055; 10; 0; 0; 0,910241382032737; 0,910241382032737; 4,10214727822271
13058; 16; 0; 0; 0,997616931356187; 0,997616931356187; 4,72118885424914
13075; 19; 0; 0; 0,999692572734959; 0,999692572734959; 4,97154383664188
13086; 18; 0; 0; 0,379894668587956; 0,379894668587956; 2,24421421388021
13091; 13; 0; 0; 0,70599770434055; 0,70599770434055; 2,57907638540198
13098; 10; 0; 0; 0,665237527775348; 0,665237527775348; 5,85372256701075
13099; 10; 0; 0; 0,999997617754295; 0,999997617754295; 9,00590004363429
13108; 16; 0; 0; 0,99781461306037; 0,99781461306037; 5,30789578581124
13112; 19; 0; 0; 0,998559812937798; 0,998559812937798; 5,32342211775131
13112; 18; 0; 0; 0,720910762023243; 0,720910762023243; 1,03056039543621
13121; 19; 0; 0; 0,999978187460883; 0,999978187460883; 7,54110107936458
13150; 2; 0; 0; 0,991875567007191; 0,991875567007191; 4,08033256502296
13151; 25; 2; 0; 0,342577763127356; 0,248567296769642; 4,08981485303638
13170; 2; 1; 0; 0,572537045031291; 0,427462954968709; 2,8141039911065
13175; 2; 0; 0; 0,879944726854192; 0,879944726854192; 7,50369841205858
13179; 10; 0; 0; 0,99979828836222; 0,99979828836222; 6,45749108279061
13192; 2; 1; 0; 0,501352936875507; 0,498647063124493; 5,99899148556841
13209; 10; 0; 0; 0,999969125964178; 0,999969125964178; 8,18498219954869
13212; 18; 0; 0; 0,999966697691181; 0,999966697691181; 5,59085484573927
13214; 2; 0; 0; 0,748134887619859; 0,748134887619859; 3,10102325159723
13216; 2; 0; 0; 0,779375031053658; 0,779375031053658; 12,2672364455165
13221; 10; 0; 0; 0,937326865553329; 0,937326865553329; 3,60139216780142
13303; 2; 0; 0; 0,724601613506909; 0,724601613506909; 3,91238575145766
13325; 21; 0; 0; 0,999954562147629; 0,999954562147629; 6,88367931576673
13346; 2; 1; 0; 1; 0; 2,42989556446517
13350; 10; 0; 0; 1; 1; 17,8945181509285
13357; 20; 0; 0; 0,944119526972248; 0,944119526972248; 3,73856232078468
13363; 10; 0; 0; 0,999997804711515; 0,999997804711515; 8,21862110127339
13370; 16; 1; 0; 0,36366262510644; 0,00507902879532882; 2,13718403524584
13373; 2; 0; 0; 0,991305305281954; 0,991305305281954; 4,10047326130091
13378; 13; 0; 0; 0,797477740541061; 0,797477740541061; 2,91186043513126
13395; 23; 0; 0; 0,999596741627883; 0,999596741627883; 6,44810987191382
13400; 3; 1; 0; 0,536362257325339; 0,430083320037017; 5,87599736838333
13405; 2; 0; 0; 0,682501153745801; 0,682501153745801; 5,17893077408301
13422; 2; 1; 0; 0,959195921795584; 0,0408040782044156; 4,08664254023688
13424; 10; 2; 0; 0,372319194522196; 0,321904058149649; 3,55305206523706
13426; 2; 1; 0; 1; 0; 2,89593887997325
13433; 21; 0; 0; 0,98549633863383; 0,98549633863383; 4,06762868658943
13441; 2; 1; 0; 1; 0; 1,16743571877047
13445; 13; 0; 0; 0,874255251688597; 0,874255251688597; 3,22384548175247
13469; 2; 0; 0; 0,788858431670677; 0,788858431670677; 11,2365687931658
13469; 10; 0; 0; 0,999999111489771; 0,999999111489771; 9,96642192369068
13490; 21; 0; 0; 0,417715999603406; 0,417715999603406; 2,29455977192224
13497; 20; 0; 0; 0,543134385883805; 0,543134385883805; 2,49237488052312
13503; 2; 1; 0; 0,584743922164265; 0,415256077835735; 3,55242531233783
13510; 13; 0; 0; 0,879136842050193; 0,879136842050193; 3,01644043173913
13515; 16; 4; 0; 0,644278585086545; 0; 2,57812081025117
13571; 10; 0; 0; 0,936515371374182; 0,936515371374182; 4,50174020975178
13597; 13; 0; 0; 0,981510349236037; 0,981510349236037; 4,51338367445346
13614; 2; 0; 0; 0,999641578463816; 0,999641578463816; 5,63815073428876
13633; 2; 0; 0; 0,998812537611421; 0,998812537611421; 5,30649480874236
13645; 2; 0; 0; 0,59626260477618; 0,59626260477618; 4,09067157178295
13653; 20; 0; 0; 0,615854627500896; 0,615854627500896; 2,71895441511613
13684; 18; 0; 0; 0,968675333821622; 0,968675333821622; 3,89820671317175
13689; 20; 0; 0; 0,93947128694698; 0,93947128694698; 4,23093815994018
13690; 16; 4; 0; 0,285908971800605; 0; 1,83187203021072
13720; 19; 0; 0; 0,99997953072152; 0,99997953072152; 8,22665572294318
13737; 10; 0; 0; 0,999917870970179; 0,999917870970179; 8,21862110127339
13745; 2; 0; 0; 0,648078052010492; 0,648078052010492; 5,28779707913684
13746; 19; 0; 0; 0,984344568702622; 0,984344568702622; 4,30943695246535
13746; 18; 0; 0; 0,999719527775419; 0,999719527775419; 6,40419674306787
13750; 20; 0; 0; 0,999659628624196; 0,999659628624196; 5,63929335105829
13766; 19; 0; 0; 0,998520026408784; 0,998520026408784; 6,41109942573188
13768; 2; 0; 0; 0,695805032701043; 0,695805032701043; 3,45883362678152
13777; 2; 0; 0; 0,666818738805383; 0,666818738805383; 4,81898615574098
13803; 3; 2; 0; 1; 0; 1,90330076299618
13846; 2; 0; 0; 0,78729616034544; 0,78729616034544; 11,2449667417235
13879; 2; 1; 0; 0,522506237299226; 0,477493762700774; 6,40954753104532
13880; 19; 0; 0; 0,99937541663116; 0,99937541663116; 6,41109942573188
13894; 19; 0; 0; 0,999911825804897; 0,999911825804897; 7,45731575496282
13905; 19; 3; 0; 0,324270156191851; 0,176938367709882; 1,91990091279873
13923; 2; 1; 0; 1; 0; 2,63607811849725
13927; 19; 0; 0; 0,999938403107139; 0,999938403107139; 6,96101638095192
13927; 19; 0; 0; 0,994027607467564; 0,994027607467564; 4,97154383664188
13943; 2; 0; 0; 0,923844381830212; 0,923844381830212; 4,26856436120004
13951; 19; 0; 0; 0,505262640763915; 0,505262640763915; 2,58566217147921
13985; 10; 0; 0; 1; 1; 18,0809750318137
14020; 10; 0; 0; 0,997478185997984; 0,997478185997984; 5,59203692216514
14022; 19; 0; 0; 0,997161518159557; 0,997161518159557; 4,97069948636901
14029; 10; 3; 0; 0,332328893939815; 0; 2,50096678319543
14032; 10; 0; 0; 0,999805306621351; 0,999805306621351; 6,39089933961731
14071; 2; 1; 0; 1; 0; 2,64041486115208
14072; 2; 0; 0; 0,636825239177668; 0,636825239177668; 2,98953602028274
14079; 18; 0; 0; 0,994614158023628; 0,994614158023628; 5,2932277813803
14080; 10; 0; 0; 0,999711268830234; 0,999711268830234; 6,00881828222515
14104; 10; 0; 0; 1; 1; 11,212224664152
14108; 2; 0; 0; 0,842562626997281; 0,842562626997281; 6,91595334454979
14112; 3; 0; 0; 0,491248181569194; 0,491248181569194; 4,82671212402917
14126; 19; 0; 0; 0,997462173699022; 0,997462173699022; 5,26398759173846
14128; 16; 0; 0; 0,993553413681603; 0,993553413681603; 5,28010173413678
14139; 18; 0; 0; 1; 1; 14,9089462553047
14143; 20; 1; 0; 0,309212137467853; 0; 3,22025752018585
14195; 10; 0; 0; 1; 1; 12,8760391761967
14201; 16; 0; 0; 0,999826387770595; 0,999826387770595; 7,51102285277648
14214; 3; 2; 0; 0,352011383322637; 0,320732622747368; 4,09498042947663
14218; 20; 0; 0; 0,793323610277664; 0,793323610277664; 4,50836052826018
14219; 19; 0; 0; 1; 1; 9,94139897273803
14225; 20; 0; 0; 0,504483136553261; 0,504483136553261; 4,29367669358113
14247; 16; 0; 0; 1; 1; 11,2202161850407
14247; 10; 0; 0; 0,999928542605993; 0,999928542605993; 6,93325186410594
14256; 10; 1; 0; 0,6786600725308; 0,169148711555668; 5,4066056145514
14291; 22; 0; 0; 0,999335102431051; 0,999335102431051; 6,72136596859687
14305; 2; 1; 0; 0,527241884463902; 0,472758115536098; 5,99899148556841
14311; 2; 1; 0; 0,616873714854108; 0,383126285145892; 8,43604737732783
14324; 2; 0; 0; 0,614262209567898; 0,614262209567898; 4,28130445138796
14326; 2; 1; 0; 0,904097780842178; 0,0959022191578219; 4,08371507043035
14332; 2; 0; 0; 0,70587832844345; 0,70587832844345; 9,64123053160132
14333; 16; 0; 0; 0,972849935177913; 0,972849935177913; 5,00734856851765
14347; 16; 0; 0; 0,980891261425012; 0,980891261425012; 5,00734856851765
14350; 2; 0; 0; 0,796578508177655; 0,796578508177655; 2,63782590024947
14365; 19; 0; 0; 0,998441385003003; 0,998441385003003; 5,98369279734975
14370; 19; 0; 0; 0,999712191763208; 0,999712191763208; 6,90426092001895
14371; 11; 0; 0; 0,468492960176999; 0,468492960176999; 11,2263590296928
14383; 19; 0; 0; 0,9998895115777; 0,9998895115777; 6,93926244204384
14390; 23; 0; 0; 0,816907761735652; 0,816907761735652; 7,90859015828128
14431; 3; 0; 0; 0,396451857511717; 0,396451857511717; 5,19747516048957
14444; 19; 0; 0; 0,999999193393118; 0,999999193393118; 10,0548014391528
14445; 10; 0; 0; 1; 1; 11,2809050151125
14451; 10; 0; 0; 1; 1; 11,212224664152
14457; 19; 0; 0; 1; 1; 12,7817986792346
14463; 20; 0; 0; 0,999962030206769; 0,999962030206769; 12,817927956976
14468; 3; 1; 0; 0,609863423088051; 0,376765395182684; 7,94987879251862
14477; 2; 0; 0; 0,647060781501074; 0,647060781501074; 5,6182843965829
14491; 16; 0; 0; 0,999842370727791; 0,999842370727791; 7,47521568589446
14495; 10; 0; 0; 0,999879158192449; 0,999879158192449; 6,43801958809837
14508; 10; 0; 0; 0,999923513554971; 0,999923513554971; 6,93325186410594
14524; 19; 0; 0; 0,99999461231625; 0,99999461231625; 9,0493212952375
14535; 20; 0; 0; 0,99522497249443; 0,99522497249443; 5,98169971325549
14539; 19; 0; 0; 1; 1; 11,2763014683212
14545; 10; 0; 0; 0,999988878757917; 0,999988878757917; 8,20429455644543
14555; 2; 1; 0; 0,654207117080846; 0,345792882919154; 3,74552293105527
14562; 2; 1; 0; 0,93410326382111; 0,0658967361788898; 6,8953731988616
14569; 2; 0; 0; 0,928027432959544; 0,928027432959544; 6,41539310129
14573; 2; 0; 0; 0,67529638456123; 0,67529638456123; 4,73917794445805
14576; 10; 0; 0; 0,827362240101463; 0,827362240101463; 6,93060142713273
14586; 2; 0; 0; 0,855474040425282; 0,855474040425282; 6,92649084190023
14618; 16; 0; 0; 0,999937489400889; 0,999937489400889; 8,15478074824851
14632; 19; 0; 0; 1; 1; 14,9146315099256
14634; 2; 0; 0; 0,749436546516333; 0,749436546516333; 7,92071765447989
14643; 20; 0; 0; 0,999973406032769; 0,999973406032769; 12,817927956976
14649; 10; 0; 0; 1; 1; 12,8924628744142
14650; 2; 0; 0; 1; 1; 12,8872016783743
14656; 10; 0; 0; 0,90292277953773; 0,90292277953773; 7,11999611168366
14664; 10; 0; 0; 1; 1; 11,212224664152
14665; 20; 0; 0; 0,99999927411463; 0,99999927411463; 10,0468236618968
14674; 10; 0; 0; 1; 1; 12,9149821655812
14677; 20; 0; 0; 0,999814771110726; 0,999814771110726; 7,96411888929917
14681; 10; 2; 0; 0,432865499492552; 0,267323290467456; 10,3626457186344
14682; 20; 0; 0; 1; 1; 12,8810300807434
14712; 2; 0; 0; 0,949876520266823; 0,949876520266823; 7,49217799043428
14719; 19; 0; 0; 0,991530389482983; 0,991530389482983; 5,6097119975154
14724; 16; 0; 0; 1; 1; 11,2128235288417
14724; 10; 0; 0; 1; 1; 15,0412066868166
14795; 2; 0; 0; 0,845437422883913; 0,845437422883913; 8,42020344544312
14803; 2; 0; 0; 0,537597949585244; 0,537597949585244; 6,00342184769387
14811; 16; 0; 0; 0,972554654080055; 0,972554654080055; 4,08073104837021
14827; 16; 12; 0; 0,0635267294428551; 0,0470990583571733; 15,0390380597985
14827; 2; 1; 0; 0,52636022132689; 0,47363977867311; 7,49873935696051
14833; 16; 0; 0; 0,999987696767173; 0,999987696767173; 9,96695424785928
14838; 3; 0; 0; 0,466020349197743; 0,466020349197743; 6,75739697364083
14852; 2; 0; 0; 1; 1; 9,0151256160748
14858; 3; 2; 0; 0,457009909724068; 0,349246418624047; 9,48104138546581
14867; 2; 0; 0; 0,680638358739011; 0,680638358739011; 7,50369841205858
14867; 2; 0; 0; 1; 1; 6,01008374404987
14872; 16; 0; 0; 0,999993821177474; 0,999993821177474; 8,97617294803252
14875; 10; 0; 0; 0,996555771266387; 0,996555771266387; 6,94209539391536
14893; 10; 0; 0; 1; 1; 11,212224664152
14917; 19; 1; 0; 0,533662239964235; 0,429576844677277; 4,09701536303459
14919; 2; 0; 0; 0,660516372723479; 0,660516372723479; 8,17205003139331
14919; 2; 1; 0; 0,57042569173531; 0,42957430826469; 8,99848722835262
14922; 2; 1; 0; 0,637887014703137; 0,362112985296863; 6,8953731988616
14931; 2; 1; 0; 0,500631807843206; 0,499368192156794; 3,58562142282547
14954; 2; 1; 0; 0,515911349515604; 0,484088650484396; 6,42354816402283
14958; 16; 0; 0; 0,997273439064385; 0,997273439064385; 6,40732773076668
14972; 16; 0; 0; 0,542764628001884; 0,542764628001884; 5,30789578581124
14972; 10; 0; 0; 1; 1; 9,96642192369068
14973; 16; 0; 0; 1; 1; 11,2128235288417
14978; 2; 0; 0; 0,573169510519431; 0,573169510519431; 7,07592198299206
14979; 16; 0; 0; 1; 1; 11,2665342791647
14980; 16; 0; 0; 0,999976126955501; 0,999976126955501; 8,97617294803252
14996; 2; 1; 0; 0,526176041488443; 0,473823958511557; 8,99848722835262
14998; 16; 0; 0; 1; 1; 12,823104211475
14998; 2; 1; 0; 0,528809296433716; 0,471190703566284; 6,92702520887754
15010; 10; 0; 0; 0,981053362124482; 0,981053362124482; 6,44623143720712
15018; 10; 0; 0; 0,999993347322926; 0,999993347322926; 8,21862110127339
15019; 2; 0; 0; 1; 1; 15,03506862477
15032; 10; 0; 0; 1; 1; 11,2665342791721
15037; 10; 0; 0; 0,743574385829686; 0,743574385829686; 10,6018459355619
15038; 20; 0; 0; 0,999995262390427; 0,999995262390427; 9,96949952209248
15041; 2; 0; 0; 0,751972445127085; 0,751972445127085; 5,62405451772039
15042; 19; 2; 0; 0,443727261110757; 0,209695421555225; 7,46542578753178
15050; 16; 0; 0; 1; 1; 11,2665342791647
15057; 20; 0; 0; 0,999999830035714; 0,999999830035714; 10,0185789516893
15060; 10; 0; 0; 0,744690389745445; 0,744690389745445; 10,6018459355619
15063; 2; 0; 0; 0,629448415026946; 0,629448415026946; 6,43223769395772
15067; 19; 1; 0; 0,562892208466009; 0,159885116306108; 6,00206495098989
15071; 2; 1; 0; 0,728005305424611; 0,271994694575389; 5,99808839240824
15078; 19; 0; 0; 0,999236053740751; 0,999236053740751; 6,93341061436622
15083; 16; 0; 0; 1; 1; 9,96695424785928
15086; 10; 0; 0; 0,997702420165601; 0,997702420165601; 7,46966077207858
15090; 19; 4; 0; 0,263859746951791; 0,216643383048636; 4,48776959801232
15111; 19; 11; 0; 0,0539249683054673; 0,0293505705015878; 14,9376937602351
15115; 16; 0; 0; 0,968291457420805; 0,968291457420805; 5,60641176442085
15127; 2; 1; 0; 0,500540215199522; 0,499459784800478; 3,89939480906444
15134; 20; 0; 0; 0,999913228436628; 0,999913228436628; 8,97254956988323
15142; 13; 0; 0; 1; 1; 12,9276018503106
15144; 2; 0; 0; 1; 1; 10,0168062400831
15148; 10; 0; 0; 1; 1; 12,8259952119719
15165; 10; 0; 0; 1; 1; 11,2809050151125
15166; 16; 0; 0; 0,999841648725533; 0,999841648725533; 8,203111668981
15174; 10; 0; 0; 0,36604116601754; 0,36604116601754; 5,3885757736899
15182; 21; 0; 0; 0,96410934899108; 0,96410934899108; 5,59298944406047
15185; 10; 0; 0; 1; 1; 11,2809050151125
15187; 16; 0; 0; 1; 1; 12,823104211475
15194; 2; 0; 0; 0,509116290202292; 0,509116290202292; 6,4208964532376
15213; 20; 0; 0; 0,99983342129685; 0,99983342129685; 5,97124903850153
15216; 10; 0; 0; 1; 1; 11,2809050151125
15217; 2; 0; 0; 0,52514887735943; 0,52514887735943; 7,49870877984696
15224; 2; 0; 0; 0,55982932032931; 0,55982932032931; 6,40614861489158
15254; 2; 0; 0; 1; 1; 12,8872016783743
15272; 19; 0; 0; 0,999028644554241; 0,999028644554241; 6,96101638095192
15281; 2; 1; 0; 0,594333609642323; 0,405666390357677; 8,18648433776437
15283; 11; 0; 0; 1; 1; 12,2876801504528
15284; 23; 0; 0; 1; 1; 12,31002793729
15286; 16; 0; 0; 1; 1; 15,022045705553
15287; 2; 1; 0; 0,500526772272708; 0,499473227727292; 3,73692002535342
15288; 20; 0; 0; 1; 1; 11,2709013206505
15295; 20; 0; 0; 1; 1; 11,2709013206505
15299; 23; 0; 0; 0,99999542590118; 0,99999542590118; 9,67216480787073
15302; 16; 0; 0; 1; 1; 12,8906040512559
15302; 2; 1; 0; 0,526030144757466; 0,473969855242534; 8,99848722835262
15311; 19; 0; 0; 1; 1; 9,97282132891626
15317; 2; 0; 0; 0,71011488195455; 0,71011488195455; 7,49761049051031
15325; 10; 1; 0; 0,376791972394146; 0,337622576940407; 5,85372256701075
15339; 10; 0; 0; 1; 1; 12,8259952119719
15385; 16; 0; 0; 1; 1; 12,8760391761882
15393; 10; 0; 0; 0,954596624019077; 0,954596624019077; 5,59255350061626
15394; 2; 1; 0; 0,758976546406029; 0,241023453593971; 4,28815846263848
15419; 20; 0; 0; 1; 1; 12,8810300807434
15424; 2; 1; 0; 1; 0; 4,99478532695619
15431; 10; 0; 0; 0,210026617846466; 0,210026617846466; 4,34562562394347
15432; 18; 0; 0; 0,999993631217416; 0,999993631217416; 6,93819478498159
15436; 2; 1; 0; 1; 0; 4,49530679426057
15456; 19; 0; 0; 1; 1; 9,97282132891626
15458; 16; 0; 0; 1; 1; 11,2128235288417
15458; 10; 0; 0; 1; 1; 10,0274711245444
15462; 16; 0; 0; 1; 1; 9,96695424785928
15466; 16; 0; 0; 1; 1; 11,2202161850407
15468; 2; 0; 0; 0,665101298217335; 0,665101298217335; 5,00285153974489
15472; 19; 0; 0; 0,892456716259884; 0,892456716259884; 5,59203692216514
15478; 2; 0; 0; 0,968359240518427; 0,968359240518427; 4,71719242257402
15485; 23; 0; 0; 0,999999477569163; 0,999999477569163; 10,4161774853992
15511; 10; 0; 0; 0,982662597886245; 0,982662597886245; 5,63326713958607
15512; 2; 1; 0; 1; 0; 4,50221904723515
15512; 18; 0; 0; 0,999703825529382; 0,999703825529382; 8,18158794871185
15514; 10; 0; 0; 0,969609838413274; 0,969609838413274; 6,44714386276599
15522; 2; 0; 0; 1; 1; 18,042082349724
15530; 16; 0; 0; 1; 1; 15,022045705553
15531; 19; 0; 0; 1; 1; 12,8221988514638
15541; 2; 1; 0; 0,503780494792415; 0,496219505207585; 7,49217799043428
15545; 19; 0; 0; 0,617390134723983; 0,617390134723983; 4,52466064761875
15546; 10; 0; 0; 1; 1; 10,0274711245444
15549; 16; 0; 0; 1; 1; 12,8760391761882
15562; 3; 2; 0; 0,458584645576141; 0,348990951022454; 9,48104138546581
15574; 2; 0; 0; 0,499999999997892; 0,499999999997892; 3,59629573916589
15587; 10; 0; 0; 0,997478799328279; 0,997478799328279; 6,88314276998924
15620; 20; 0; 0; 1; 1; 15,0278684275339
15622; 20; 0; 0; 0,93976320578274; 0,93976320578274; 6,1540918690039
15630; 3; 2; 0; 0,460633877942434; 0,289566934575172; 7,49571003714923
15641; 16; 0; 0; 1; 1; 15,022045705553
15650; 10; 0; 0; 0,991807067856856; 0,991807067856856; 6,72269469487072
15655; 2; 1; 0; 1; 0; 5,00246560803906
15659; 2; 0; 0; 0,701309335674054; 0,701309335674054; 6,00342184769387
15671; 16; 0; 0; 1; 1; 11,2128235288417
15686; 15; 0; 0; 0,999995354123277; 0,999995354123277; 10,0027291756175
15686; 10; 8; 0; 0,10266103937765; 0,0760506456011493; 15,0220457055629
15699; 2; 0; 0; 0,710750521712278; 0,710750521712278; 5,01168954159
15707; 10; 0; 0; 0,999742391822875; 0,999742391822875; 9,02600140787238
15726; 19; 0; 0; 0,999260580077509; 0,999260580077509; 7,12704668343335
15735; 10; 0; 0; 0,594783218574904; 0,594783218574904; 10,40614816323
15736; 2; 1; 0; 1; 0; 4,48870526395854
15740; 16; 0; 0; 1; 1; 12,8760391761882
15748; 10; 0; 0; 1; 1; 9,04048321140073
15750; 2; 0; 0; 0,576979168878203; 0,576979168878203; 7,50369841205858
15754; 10; 0; 0; 1; 1; 11,2227458104754
15759; 19; 0; 0; 0,9999077503407; 0,9999077503407; 8,97553919602463
15772; 19; 0; 0; 0,976797849176033; 0,976797849176033; 6,44360083904071
15773; 19; 0; 0; 0,999385208676592; 0,999385208676592; 6,93341061436622
15775; 16; 0; 0; 1; 1; 11,2665342791647
15776; 19; 0; 0; 0,803933217758792; 0,803933217758792; 5,98369279734975
15798; 2; 0; 0; 1; 1; 12,8787508801069
15810; 2; 1; 0; 0,545572829153189; 0,454427170846811; 4,5025663857704
15815; 2; 1; 0; 0,593778397718691; 0,406221602281309; 5,6192120924467
15829; 16; 0; 0; 1; 1; 11,2128235288417
15830; 23; 0; 0; 1; 1; 16,9262884137738
15831; 19; 2; 0; 0,469464616223467; 0,246628718599678; 8,95851094503814
15834; 20; 0; 0; 1; 1; 18,0842825914142
15840; 10; 0; 0; 0,99992080412002; 0,99992080412002; 7,53373600950061
15858; 2; 1; 0; 1; 0; 4,73917794445805
15863; 18; 0; 0; 0,999629759705741; 0,999629759705741; 7,45447312765236
15865; 19; 0; 0; 1; 1; 12,8221988514638
15866; 16; 0; 0; 1; 1; 12,8760391761882
15875; 16; 1; 0; 0,328893999261781; 0,0890111925056325; 5,0130126865995
15912; 19; 0; 0; 1; 1; 12,8221988514638
