
Scenario Summaries

Total of vehicles entered: 5461
Total of vehicles detected: 5461

SECTIONS
Total inferences: 1412
FPR:  1096
FPR2: 1096
ER:   1176,18924108008
CR:   293,663341236506
FPR RATIO:   0,776203966005666
FPR2 RATIO:   0,776203966005666

TRIPS
Total inferences: 1342
FPR:  1072
FPR2: 1141
ER:   1108,35451467476
CR:   265,313716451563
FPR RATIO:   0,798807749627422
FPR2 RATIO:   0,850223546944858

FLOWS
Link	Tail	Head	RealAll	EstAll	RealInfer	EstInfer	ReInf1	Estinf1	ReInf2	Estinf2	ReInf3	Estinf3
0	509	519	416	188,828084679248	117	102,828084679248	41	33,2137879181687	59	55,403258242056	17	14,2110385190237
1	509	539	282	190,171915320752	89	103,171915320752	21	28,7862120818314	48	51,5967417579441	20	22,7889614809763
2	519	529	205	126,184553414913	16	13,1845534149129	5	3,50713655862451	9	7,84173030723608	2	1,83568654905229
3	519	549	358	228,401509346108	155	144,401509346108	45	38,1020601592999	87	83,5340999551597	23	22,7653492316485
4	519	906	270	108,896467523382	62	67,8964675233823	20	20,8581142258647	28	30,4949997353737	14	16,5433535621439
5	529	519	128	93,6544456051551	32	38,654445605155	10	10,2535230256204	11	14,4675717557137	11	13,9333508238209
6	529	539	72	35,665995929183	21	25,665995929183	5	5,64307950363512	13	15,4475805584735	3	4,57533586707434
7	539	529	102	61,7617304823283	0	4,76173048232824	0	1,90160107730262	0	1,86119243600528	0	0,998936969020337
8	539	549	285	191,71440451849	100	94,7144045184901	22	21,7062340321264	53	50,1790873568789	25	22,8290831294846
9	539	1114	226	155,361776249117	75	94,3617762491166	16	23,8214564760375	42	49,0040425235333	17	21,5362772495457
10	549	913	320	219,532162376493	139	144,532162376493	37	36,268064872686	73	78,9530817047417	29	29,3110157990652
11	549	946	131	97,6098398696749	49	47,6098398696749	5	6,68938536562959	26	23,3711021880646	18	17,5493523159807
12	549	1044	361	223,513099993923	170	156,513099993923	48	46,8931371646089	92	80,9969736085275	30	28,6229892207871
13	549	1142	169	130,897174534345	55	50,8971745343446	17	14,5100528208009	32	28,1341692742237	6	8,25295243932004
14	906	913	277	162,362096268758	101	110,362096268758	29	31,0155203400431	51	55,6256536601319	21	23,7209222685826
15	906	946	165	84,6346336502345	28	28,6346336502344	6	6,05843882326851	18	16,0103701397823	4	6,56582468718364
16	913	943	94	52,5876289158596	31	35,5876289158596	6	7,00089220574568	13	16,4125993447145	12	12,1741373653994
17	913	1067	140	129,566714582857	64	79,5667145828574	13	16,1865151143289	39	51,2077574583201	12	12,1724420102084
18	913	1100	352	242,378409006539	154	153,378409006539	46	41,5200856955741	75	77,6707389034418	33	34,1875844075233
19	943	913	113	96,5168331748928	21	33,5168331748929	1	4,22761626370184	16	23,9981932321815	4	5,29102367900956
20	943	946	285	189,208917537469	92	94,2089175374692	27	28,0308917244344	45	44,7053815653327	20	21,472644247702
21	946	906	210	186,10026239561	119	123,10026239561	34	36,2158449374469	57	56,1410240645404	28	30,7433933936224
22	946	529	265	142,108667239284	80	86,1086672392846	18	17,9792949161617	48	50,0913831525306	14	18,0379891705921
23	946	549	204	149,668184448982	93	87,6681844489817	27	26,5658340254559	48	41,8605915056663	18	19,2417589178595
24	1044	1067	195	171,877202135091	84	87,8772021350909	21	21,9213084122018	42	42,2153152193066	21	23,7405785035825
25	1044	1100	275	182,036033847039	108	118,036033847039	21	25,1407194542761	70	72,7235319391577	17	20,1717824536047
26	1044	1201	228	150,274969297439	98	95,274969297439	37	35,4341486625557	40	38,3971682158115	21	21,4436524190714
27	1067	913	183	137,121660685113	66	58,1216606851126	19	14,1962915392177	25	23,7141671094213	22	20,2112020364737
28	1067	946	356	244,423723026497	169	172,423723026497	45	43,9822579657321	93	94,0061448295577	31	34,4353202312077
29	1067	1044	179	122,670162034647	84	87,6701620346468	25	24,4165487119398	37	41,8414463303115	22	21,4121669923955
30	1067	1142	283	195,689740637549	115	126,689740637549	17	26,1674338672706	71	77,098345018667	27	23,423961751611
31	1075	943	243	151,138121796503	68	78,1381217965025	19	22,2576157823906	41	44,2909754527997	8	11,5895305613122
32	1075	1067	355	226,588635388244	151	148,588635388244	30	34,6380562689794	88	83,1477111606558	33	30,8028679586087
33	1075	1100	108	73,7279587702025	6	14,7279587702026	1	3,27950557683409	5	8,32195307831749	0	3,126500115051
34	1100	1075	130	90,8450978085658	48	53,8450978085657	6	8,6207084615574	34	35,8322737494	8	9,39211559760828
35	1100	1176	172	143,737073790303	92	101,737073790303	30	31,1420619498487	45	51,7270435733136	17	18,867968267141
36	1114	1044	273	189,20186549875	98	113,20186549875	26	29,1897544111542	48	53,9814721106834	24	30,0306389769123
37	1114	1142	145	97,120694625694	32	41,120694625694	4	7,43147139048274	24	29,2460211742942	4	4,44320206091711
38	1142	529	258	163,265490397813	108	111,265490397812	27	27,5085699771667	53	55,1208464184152	28	28,6360740022305
39	1142	549	180	147,768178460856	73	80,768178460856	4	9,98651200684307	46	46,8815479578524	23	23,9001184961605
40	1142	1114	118	80,9607838753275	45	49,9607838753274	12	11,7997693255995	18	21,2234507614443	15	16,9375637882837
41	1176	1067	348	207,872734277614	149	142,872734277614	42	36,0166522886501	70	73,089319449675	37	33,7667625392883
42	1176	1100	150	101,439769975089	24	21,4397699750887	3	3,82245968472177	15	12,8430934017967	6	4,77421688857024
43	1176	1201	205	117,814951391218	63	70,8149513912179	24	22,7484808098301	29	31,866264779469	10	16,2002058019188
44	1189	1075	299	191,609618146383	95	105,609618146383	25	32,5544691666467	51	50,9283659423729	19	22,1267830373636
45	1189	1176	313	186,390381853617	104	93,3903818536167	32	24,4455308333533	50	50,0716340576271	22	18,8732169626364
46	1201	1044	136	100,803077752248	27	32,8030777522481	7	8,99673624133074	15	15,5161233247536	5	8,29021818616374
47	1201	1142	288	176,286842936409	104	103,286842936408	24	20,1858932310551	51	50,7473096705269	29	32,3536400348265
Thanks for chose TyggerSoftware Inc. 2017
