MAC; alternativas; MasProb; Elección; MaxProb; ElecProb; %linkOK; %linkNO; %DistOK; %DistNO
21; 2; 0; 0; 1; 1; 1; 0; 1; 0
32; 10; 0; 0; 1; 1; 1; 0; 1; 0
46; 10; 0; 0; 1; 1; 1; 0; 1; 0
54; 10; 0; 0; 0,998287443961786; 0,998287443961786; 1; 0; 1; 0
68; 19; 0; 0; 0,999994343058772; 0,999994343058772; 1; 0; 1; 0
69; 10; 0; 0; 1; 1; 1; 0; 1; 0
74; 13; 0; 0; 1; 1; 1; 0; 1; 0
77; 16; 2; 0; 0,526604266254136; 0,288680302087043; 1; 0; 1; 0
113; 10; 0; 0; 1; 1; 1; 0; 1; 0
158; 21; 0; 0; 1; 1; 1; 0; 1; 0
176; 25; 4; 1; 0,401961517935976; 0,192884974820494; 0; 0; 0,248243774845419; 0,751756225154581
191; 10; 0; 0; 1; 1; 1; 0; 1; 0
213; 2; 1; 1; 0,784995428032215; 0,784995428032215; 0; 0; 0,33447680444538; 0,66552319555462
231; 10; 0; 0; 0,988272824883114; 0,988272824883114; 1; 0; 1; 0
235; 10; 0; 0; 0,999998482890547; 0,999998482890547; 1; 0; 1; 0
244; 190; 0; 0; 0,997895746809198; 0,997895746809198; 1; 0; 1; 0
257; 16; 0; 0; 1; 1; 1; 0; 1; 0
268; 17; 0; 0; 0,981057248736723; 0,981057248736723; 1; 0; 1; 0
277; 2; 1; 1; 0,942879137725119; 0,942879137725119; 0; 0; 0,500338827293833; 0,499661172706167
302; 10; 0; 0; 1; 1; 1; 0; 1; 0
304; 10; 0; 2; 0,496653879121341; 0,216918830861239; 0; 1; 0; 1
321; 170; 0; 0; 0,998651854255724; 0,998651854255724; 1; 0; 1; 0
332; 19; 0; 0; 0,999915354242322; 0,999915354242322; 1; 0; 1; 0
340; 19; 0; 0; 1; 1; 1; 0; 1; 0
352; 13; 0; 0; 0,988825101062958; 0,988825101062958; 1; 0; 1; 0
363; 20; 0; 0; 1; 1; 1; 0; 1; 0
365; 2; 1; 0; 0,607985867417421; 0,392014132582579; 1; 0; 1; 0
372; 18; 0; 0; 1; 1; 1; 0; 1; 0
379; 16; 0; 0; 1; 1; 1; 0; 1; 0
386; 10; 0; 0; 0,95385438152938; 0,95385438152938; 1; 0; 1; 0
412; 16; 0; 0; 1; 1; 1; 0; 1; 0
428; 16; 0; 0; 0,929915528672263; 0,929915528672263; 1; 0; 1; 0
445; 19; 0; 0; 1; 1; 1; 0; 1; 0
454; 10; 1; 0; 0,420821314262964; 0,201076853468469; 1; 0; 1; 0
463; 19; 0; 0; 1; 1; 1; 0; 1; 0
468; 16; 0; 0; 1; 1; 1; 0; 1; 0
482; 2; 0; 0; 1; 1; 1; 0; 1; 0
498; 18; 0; 0; 0,99836861781118; 0,99836861781118; 1; 0; 1; 0
510; 18; 0; 0; 0,999971441950584; 0,999971441950584; 1; 0; 1; 0
528; 20; 0; 0; 0,999837072345257; 0,999837072345257; 1; 0; 1; 0
541; 2; 0; 1; 0,63993015367343; 0,36006984632657; 0; 1; 0; 1
543; 10; 0; 0; 0,99999357788442; 0,99999357788442; 1; 0; 1; 0
546; 18; 0; 0; 0,999549753815635; 0,999549753815635; 1; 0; 1; 0
570; 3; 1; 1; 0,770459549962832; 0,770459549962832; 0; 0; 0,334175033414952; 0,665824966585048
615; 2; 0; 0; 1; 1; 1; 0; 1; 0
620; 23; 0; 0; 0,99998010824345; 0,99998010824345; 1; 0; 1; 0
630; 10; 0; 0; 1; 1; 1; 0; 1; 0
647; 2; 0; 0; 0,755436679944627; 0,755436679944627; 1; 0; 1; 0
666; 19; 0; 0; 1; 1; 1; 0; 1; 0
673; 11; 2; 0; 0,591822852498789; 0,243625948051292; 1; 0; 1; 0
679; 16; 0; 0; 1; 1; 1; 0; 1; 0
684; 13; 0; 0; 1; 1; 1; 0; 1; 0
692; 19; 1; 0; 0,3935849577511; 0,214665895118672; 1; 0; 1; 0
718; 2; 0; 0; 1; 1; 1; 0; 1; 0
730; 10; 0; 0; 0,998280905944401; 0,998280905944401; 1; 0; 1; 0
734; 2; 0; 0; 0,999863136729331; 0,999863136729331; 1; 0; 1; 0
794; 2; 0; 0; 0,542310856197603; 0,542310856197603; 1; 0; 1; 0
814; 11; 1; 1; 0,353123286384668; 0,353123286384668; 0; 0; 0,331599996738756; 0,668400003261244
817; 10; 0; 0; 0,999964138485185; 0,999964138485185; 1; 0; 1; 0
826; 16; 0; 0; 1; 1; 1; 0; 1; 0
827; 10; 0; 0; 0,999999965511929; 0,999999965511929; 1; 0; 1; 0
828; 10; 0; 0; 1; 1; 1; 0; 1; 0
830; 32; 0; 16; 0,596046224418373; 0,403953775581627; 0; 0; 0,499214513767447; 0,500785486232553
846; 19; 0; 0; 1; 1; 1; 0; 1; 0
875; 22; 0; 0; 1; 1; 1; 0; 1; 0
881; 23; 0; 0; 0,999483229603218; 0,999483229603218; 1; 0; 1; 0
882; 2; 0; 1; 0,504355253820264; 0,495644746179736; 0; 1; 0; 1
886; 10; 0; 0; 1; 1; 1; 0; 1; 0
914; 2; 1; 1; 0,83698707134372; 0,83698707134372; 0; 0; 0,332790223572103; 0,667209776427897
919; 10; 0; 0; 1; 1; 1; 0; 1; 0
923; 21; 0; 0; 0,961762271448559; 0,961762271448559; 1; 0; 1; 0
928; 19; 0; 0; 1; 1; 1; 0; 1; 0
935; 2; 1; 0; 0,949198796334557; 0,0508012036654429; 1; 0; 1; 0
960; 10; 0; 0; 1; 1; 1; 0; 1; 0
987; 18; 0; 0; 0,992657988451258; 0,992657988451258; 1; 0; 1; 0
991; 19; 0; 0; 0,99999154503083; 0,99999154503083; 1; 0; 1; 0
1007; 20; 0; 0; 1; 1; 1; 0; 1; 0
1051; 2; 1; 1; 0,985926446668804; 0,985926446668804; 0; 1; 0; 1
1070; 160; 0; 0; 1; 1; 1; 0; 1; 0
1090; 4; 1; 1; 0,399635708780127; 0,399635708780127; 0; 0; 0,500256624585928; 0,499743375414072
1092; 2; 0; 0; 0,601081410223599; 0,601081410223599; 1; 0; 1; 0
1093; 16; 0; 0; 1; 1; 1; 0; 1; 0
1098; 10; 0; 0; 1; 1; 1; 0; 1; 0
1102; 16; 0; 0; 1; 1; 1; 0; 1; 0
1111; 2; 1; 1; 0,784995428032215; 0,784995428032215; 0; 0; 0,499662038165893; 0,500337961834107
1127; 16; 0; 0; 1; 1; 1; 0; 1; 0
1155; 11; 2; 2; 0,398540017989118; 0,398540017989118; 0; 1; 0; 1
1177; 16; 0; 0; 1; 1; 1; 0; 1; 0
1187; 16; 0; 0; 1; 1; 1; 0; 1; 0
1208; 10; 0; 0; 0,999895632595191; 0,999895632595191; 1; 0; 1; 0
1228; 2; 0; 0; 0,724844926229445; 0,724844926229445; 1; 0; 1; 0
1236; 20; 1; 1; 0,723051827688078; 0,723051827688078; 0; 0; 0,500984484812199; 0,499015515187801
1250; 20; 0; 0; 1; 1; 1; 0; 1; 0
1267; 2; 1; 1; 0,569339578464448; 0,569339578464448; 0; 1; 0; 1
1271; 2; 0; 0; 1; 1; 1; 0; 1; 0
1273; 19; 0; 0; 0,999994039055597; 0,999994039055597; 1; 0; 1; 0
1306; 19; 0; 0; 1; 1; 1; 0; 1; 0
1308; 2; 1; 1; 0,887590173669488; 0,887590173669488; 0; 0; 0,500338827293833; 0,499661172706167
1315; 20; 0; 0; 1; 1; 1; 0; 1; 0
1316; 10; 0; 0; 0,999954030948158; 0,999954030948158; 1; 0; 1; 0
1331; 18; 0; 0; 1; 1; 1; 0; 1; 0
1342; 16; 0; 0; 1; 1; 1; 0; 1; 0
1364; 16; 0; 0; 0,931662602371005; 0,931662602371005; 1; 0; 1; 0
1370; 160; 0; 0; 1; 1; 1; 0; 1; 0
1376; 2; 0; 0; 1; 1; 1; 0; 1; 0
1380; 32; 16; 16; 1; 1; 0; 0; 0,49919472412182; 0,500805275878179
1422; 10; 0; 0; 0,982367432146736; 0,982367432146736; 1; 0; 1; 0
1471; 2; 0; 0; 1; 1; 1; 0; 1; 0
1474; 19; 0; 0; 0,999575698115006; 0,999575698115006; 1; 0; 1; 0
1477; 2; 0; 0; 0,998553313637335; 0,998553313637335; 1; 0; 1; 0
1484; 20; 0; 0; 1; 1; 1; 0; 1; 0
1495; 10; 0; 0; 0,998345286654525; 0,998345286654525; 1; 0; 1; 0
1507; 2; 1; 0; 0,684710425643074; 0,315289574356926; 1; 0; 1; 0
1522; 3; 1; 2; 0,678011463146739; 0,253939508472927; 0; 0; 0,500204241558663; 0,499795758441337
1553; 3; 1; 2; 0,45092540446455; 0,271886232015402; 0; 0; 0,249836158183357; 0,750163841816643
1573; 2; 1; 0; 0,593214623638464; 0,406785376361536; 1; 0; 1; 0
1581; 19; 0; 0; 0,824566205797234; 0,824566205797234; 1; 0; 1; 0
1587; 19; 0; 0; 0,999871175332681; 0,999871175332681; 1; 0; 1; 0
1588; 20; 0; 0; 0,99943231679195; 0,99943231679195; 1; 0; 1; 0
1597; 19; 0; 0; 0,999910547732635; 0,999910547732635; 1; 0; 1; 0
1607; 10; 0; 0; 0,999957910511554; 0,999957910511554; 1; 0; 1; 0
1611; 19; 0; 0; 0,968142735812705; 0,968142735812705; 1; 0; 1; 0
1629; 2; 0; 0; 1; 1; 1; 0; 1; 0
1675; 11; 2; 0; 0,591560706438316; 0,243911078274303; 1; 0; 1; 0
1687; 2; 0; 0; 0,929111020440691; 0,929111020440691; 1; 0; 1; 0
1688; 19; 0; 0; 1; 1; 1; 0; 1; 0
1691; 23; 0; 0; 0,99977249263196; 0,99977249263196; 1; 0; 1; 0
1703; 3; 0; 2; 0,387367900795141; 0,340630623590673; 0; 1; 0; 1
1716; 23; 0; 0; 0,999483229603218; 0,999483229603218; 1; 0; 1; 0
1726; 10; 1; 0; 0,385117981905431; 0,295048626864183; 1; 0; 1; 0
1776; 19; 0; 0; 1; 1; 1; 0; 1; 0
1779; 10; 0; 0; 0,999957910511554; 0,999957910511554; 1; 0; 1; 0
1800; 2; 0; 0; 0,681276763127541; 0,681276763127541; 1; 0; 1; 0
1803; 21; 0; 0; 1; 1; 1; 0; 1; 0
1808; 3; 1; 2; 0,678060315605495; 0,145933555767021; 0; 0; 0,249836158183357; 0,750163841816643
1809; 3; 1; 2; 0,506915985677895; 0,236940037001426; 0; 0; 0,249836158183357; 0,750163841816643
1811; 23; 0; 0; 0,999985107567773; 0,999985107567773; 1; 0; 1; 0
1813; 16; 0; 0; 0,998270342899822; 0,998270342899822; 1; 0; 1; 0
1842; 19; 5; 0; 0,340662090525098; 0,232074477764789; 1; 0; 1; 0
1875; 16; 0; 0; 0,999995420447937; 0,999995420447937; 1; 0; 1; 0
1883; 2; 0; 1; 0,673816855521682; 0,326183144478318; 0; 0; 0,332651268006151; 0,667348731993848
1944; 20; 0; 0; 1; 1; 1; 0; 1; 0
1948; 15; 0; 0; 0,989869830828068; 0,989869830828068; 1; 0; 1; 0
1954; 42; 0; 0; 0,999971728632716; 0,999971728632716; 1; 0; 1; 0
1956; 2; 1; 1; 0,985926446668804; 0,985926446668804; 0; 1; 0; 1
1965; 2; 1; 1; 0,596288325467163; 0,596288325467163; 0; 1; 0; 1
1984; 15; 0; 0; 0,996114744004945; 0,996114744004945; 1; 0; 1; 0
2008; 23; 0; 0; 1; 1; 1; 0; 1; 0
2031; 19; 0; 0; 0,999102529581756; 0,999102529581756; 1; 0; 1; 0
2107; 21; 0; 0; 0,977314574783057; 0,977314574783057; 1; 0; 1; 0
2126; 10; 0; 0; 1; 1; 1; 0; 1; 0
2133; 3; 0; 2; 0,393019557157697; 0,307559510305266; 0; 1; 0; 1
2175; 10; 0; 0; 0,988562619128942; 0,988562619128942; 1; 0; 1; 0
2177; 10; 0; 0; 0,988562619128942; 0,988562619128942; 1; 0; 1; 0
2190; 2; 1; 1; 0,78999561289553; 0,78999561289553; 0; 1; 0; 1
2199; 19; 0; 0; 0,819198767746546; 0,819198767746546; 1; 0; 1; 0
2210; 11; 1; 1; 0,348469543331568; 0,348469543331568; 0; 0; 0,331599996738756; 0,668400003261244
2233; 2; 0; 1; 0,521579185677451; 0,47842081432255; 0; 0; 0,33305199406266; 0,66694800593734
2246; 10; 0; 0; 0,998609656784725; 0,998609656784725; 1; 0; 1; 0
2262; 18; 0; 0; 0,99979921412387; 0,99979921412387; 1; 0; 1; 0
2278; 16; 0; 0; 0,999805534534971; 0,999805534534971; 1; 0; 1; 0
2281; 16; 0; 0; 1; 1; 1; 0; 1; 0
2283; 2; 1; 0; 0,637224495675027; 0,362775504324973; 1; 0; 1; 0
2287; 18; 0; 0; 0,999937013203708; 0,999937013203708; 1; 0; 1; 0
2294; 19; 0; 0; 0,938776361857787; 0,938776361857787; 1; 0; 1; 0
2299; 16; 0; 0; 1; 1; 1; 0; 1; 0
2300; 19; 0; 0; 0,938017359717776; 0,938017359717776; 1; 0; 1; 0
2313; 13; 0; 0; 1; 1; 1; 0; 1; 0
2316; 18; 0; 0; 1; 1; 1; 0; 1; 0
2337; 13; 0; 0; 0,99994113800008; 0,99994113800008; 1; 0; 1; 0
2340; 2; 0; 1; 0,65510309364956; 0,344896906350439; 0; 1; 0; 1
2378; 2; 0; 0; 1; 1; 1; 0; 1; 0
2416; 2; 0; 1; 0,598410420652499; 0,401589579347501; 0; 0; 0,332651268006151; 0,667348731993848
2423; 190; 0; 0; 0,882716550615778; 0,882716550615778; 1; 0; 1; 0
2426; 10; 0; 0; 0,999948002810843; 0,999948002810843; 1; 0; 1; 0
2440; 19; 0; 0; 0,99946721564037; 0,99946721564037; 1; 0; 1; 0
2453; 10; 2; 0; 0,425566477327839; 0,318467286235752; 1; 0; 1; 0
2455; 2; 0; 1; 0,5132070594201; 0,4867929405799; 0; 1; 0; 1
2478; 19; 0; 0; 1; 1; 1; 0; 1; 0
2496; 2; 1; 1; 0,576364671333162; 0,576364671333162; 0; 1; 0; 1
2499; 16; 0; 0; 1; 1; 1; 0; 1; 0
2514; 10; 0; 0; 1; 1; 1; 0; 1; 0
2518; 2; 1; 0; 0,992309627210178; 0,00769037278982151; 1; 0; 1; 0
2519; 2; 1; 0; 0,569424532366431; 0,430575467633569; 1; 0; 1; 0
2531; 23; 0; 0; 0,999883823414451; 0,999883823414451; 1; 0; 1; 0
2532; 36; 0; 0; 0,996618676023933; 0,996618676023933; 1; 0; 1; 0
2536; 19; 0; 0; 0,400584674809003; 0,400584674809003; 1; 0; 1; 0
2540; 18; 0; 0; 1; 1; 1; 0; 1; 0
2542; 19; 0; 0; 0,99836422786705; 0,99836422786705; 1; 0; 1; 0
2553; 2; 0; 0; 1; 1; 1; 0; 1; 0
2571; 19; 0; 0; 0,999971303299667; 0,999971303299667; 1; 0; 1; 0
2577; 2; 1; 0; 0,598521992454413; 0,401478007545587; 1; 0; 1; 0
2587; 18; 0; 0; 0,99689266772283; 0,99689266772283; 1; 0; 1; 0
2616; 23; 0; 0; 0,999770577307227; 0,999770577307227; 1; 0; 1; 0
2626; 2; 0; 1; 0,515021364395639; 0,484978635604361; 0; 0; 0,499405355649044; 0,500594644350956
2627; 3; 2; 0; 0,452393833756772; 0,171386781200966; 1; 0; 1; 0
2657; 10; 0; 0; 0,999998753597474; 0,999998753597474; 1; 0; 1; 0
2663; 13; 0; 0; 0,999095492089417; 0,999095492089417; 1; 0; 1; 0
2671; 2; 0; 0; 0,999999978989701; 0,999999978989701; 1; 0; 1; 0
2691; 18; 0; 0; 1; 1; 1; 0; 1; 0
2695; 18; 0; 0; 0,99981794103303; 0,99981794103303; 1; 0; 1; 0
2701; 10; 0; 0; 0,996357465969262; 0,996357465969262; 1; 0; 1; 0
2702; 2; 0; 0; 1; 1; 1; 0; 1; 0
2708; 2; 0; 0; 0,511785129122112; 0,511785129122112; 1; 0; 1; 0
2715; 15; 0; 0; 0,999533010340194; 0,999533010340194; 1; 0; 1; 0
2723; 10; 0; 0; 0,999983706408676; 0,999983706408676; 1; 0; 1; 0
2738; 19; 0; 0; 0,999934303351162; 0,999934303351162; 1; 0; 1; 0
2760; 19; 0; 0; 1; 1; 1; 0; 1; 0
2762; 3; 2; 2; 0,439433407171741; 0,439433407171741; 0; 0; 0,334757627560464; 0,665242372439536
2810; 2; 1; 0; 0,598521992454413; 0,401478007545587; 1; 0; 1; 0
2822; 16; 0; 0; 1; 1; 1; 0; 1; 0
2832; 19; 0; 0; 0,344031223511985; 0,344031223511985; 1; 0; 1; 0
2853; 2; 0; 1; 0,581493293654541; 0,418506706345459; 0; 1; 0; 1
2856; 2; 0; 0; 1; 1; 1; 0; 1; 0
2858; 2; 1; 1; 0,518111189816076; 0,518111189816076; 0; 1; 0; 1
2861; 15; 4; 0; 0,256815673383189; 0,103452313205562; 1; 0; 1; 0
2872; 2; 1; 1; 0,508303524012718; 0,508303524012718; 0; 0; 0,500296553284424; 0,499703446715576
2874; 2; 1; 0; 0,551574809181765; 0,448425190818235; 1; 0; 1; 0
2875; 20; 7; 0; 1; 0; 1; 0; 1; 0
2883; 20; 16; 0; 0,0510054384638167; 0,0308966691874821; 1; 0; 1; 0
2911; 2; 1; 1; 0,784674457645977; 0,784674457645977; 0; 0; 0,332790223572103; 0,667209776427897
2921; 10; 0; 2; 0,345503947150131; 0,31373372638281; 0; 0; 0,500337961834107; 0,499662038165893
2935; 2; 1; 1; 0,61028671151295; 0,61028671151295; 0; 1; 0; 1
2936; 10; 0; 0; 1; 1; 1; 0; 1; 0
2945; 2; 0; 0; 0,51528089065566; 0,51528089065566; 1; 0; 1; 0
2957; 19; 0; 0; 0,42437775872232; 0,42437775872232; 1; 0; 1; 0
2973; 2; 1; 0; 1; 0; 1; 0; 1; 0
2992; 2; 1; 0; 0,58193604301036; 0,41806395698964; 1; 0; 1; 0
3011; 19; 2; 4; 0,235978183096209; 0,178177810696359; 0; 0; 0,667040719027293; 0,332959280972707
3018; 2; 1; 0; 0,624800171294451; 0,375199828705549; 1; 0; 1; 0
3053; 10; 0; 0; 1; 1; 1; 0; 1; 0
3060; 2; 0; 0; 1; 1; 1; 0; 1; 0
3063; 10; 1; 2; 0,43932599011876; 0,261237854705512; 0; 0; 0,599567055666355; 0,400432944333645
3081; 10; 0; 0; 1; 1; 1; 0; 1; 0
3082; 19; 0; 0; 0,990084901084898; 0,990084901084898; 1; 0; 1; 0
3095; 20; 0; 0; 0,999518535381044; 0,999518535381044; 1; 0; 1; 0
3103; 2; 1; 0; 0,597511369365291; 0,402488630634709; 1; 0; 1; 0
3121; 2; 1; 1; 0,57849519998424; 0,57849519998424; 0; 0; 0,249787733109149; 0,750212266890851
3129; 16; 0; 0; 1; 1; 1; 0; 1; 0
3152; 19; 0; 0; 0,999985116473954; 0,999985116473954; 1; 0; 1; 0
3158; 20; 0; 0; 1; 1; 1; 0; 1; 0
3160; 19; 0; 0; 0,983567959328307; 0,983567959328307; 1; 0; 1; 0
3173; 10; 0; 2; 0,428474172710282; 0,371567685186021; 0; 1; 0; 1
3196; 10; 0; 0; 0,999753107907513; 0,999753107907513; 1; 0; 1; 0
3212; 23; 19; 0; 0,0444985848408275; 0,0210311335017947; 1; 0; 1; 0
3214; 2; 1; 1; 0,858641211566191; 0,858641211566191; 0; 1; 0; 1
3220; 10; 0; 0; 1; 1; 1; 0; 1; 0
3225; 2; 1; 0; 0,601951923535589; 0,39804807646441; 1; 0; 1; 0
3229; 22; 2; 0; 0,530914113239925; 0,265348019246349; 1; 0; 1; 0
3247; 2; 0; 0; 0,683779166771157; 0,683779166771157; 1; 0; 1; 0
3275; 10; 0; 0; 1; 1; 1; 0; 1; 0
3284; 2; 1; 1; 0,574362340800294; 0,574362340800294; 0; 1; 0; 1
3316; 18; 0; 0; 0,992976095912901; 0,992976095912901; 1; 0; 1; 0
3321; 16; 0; 0; 0,897898955684708; 0,897898955684708; 1; 0; 1; 0
3327; 2; 0; 0; 0,610999509532105; 0,610999509532105; 1; 0; 1; 0
3332; 3; 2; 1; 0,993313871730131; 0; 0; 0; 0,334175033414952; 0,665824966585048
3336; 2; 0; 1; 0,741692518124874; 0,258307481875126; 0; 0; 0,3333415426568; 0,6666584573432
3345; 13; 0; 0; 1; 1; 1; 0; 1; 0
3347; 19; 0; 0; 1; 1; 1; 0; 1; 0
3354; 19; 0; 0; 0,999999268896645; 0,999999268896645; 1; 0; 1; 0
3369; 10; 0; 0; 0,999998633982365; 0,999998633982365; 1; 0; 1; 0
3395; 23; 0; 0; 0,999883823414451; 0,999883823414451; 1; 0; 1; 0
3402; 19; 0; 0; 0,924250807469221; 0,924250807469221; 1; 0; 1; 0
3420; 2; 0; 0; 0,569983348367623; 0,569983348367623; 1; 0; 1; 0
3432; 17; 0; 0; 0,99999479848794; 0,99999479848794; 1; 0; 1; 0
3440; 19; 0; 0; 0,985784954359859; 0,985784954359859; 1; 0; 1; 0
3475; 2; 0; 0; 0,977226634067798; 0,977226634067798; 1; 0; 1; 0
3484; 19; 2; 1; 0,356164062118878; 0,323229126409572; 0; 0; 0,250436147319357; 0,749563852680643
3486; 10; 0; 2; 0,301936495326469; 0,182053769526179; 0; 0; 0,332032239591889; 0,667967760408111
3492; 10; 0; 0; 0,999996283524369; 0,999996283524369; 1; 0; 1; 0
3515; 24; 1; 2; 0,301096045178819; 0,226787214578344; 0; 0; 0,251514631054917; 0,748485368945083
3539; 19; 0; 0; 0,99973148485923; 0,99973148485923; 1; 0; 1; 0
3559; 2; 0; 0; 0,660233467314086; 0,660233467314086; 1; 0; 1; 0
3567; 16; 0; 0; 1; 1; 1; 0; 1; 0
3570; 20; 16; 0; 0,0506559867630666; 0,0375362515017349; 1; 0; 1; 0
3586; 2; 1; 0; 0,501075156691023; 0,498924843308977; 1; 0; 1; 0
3593; 2; 1; 0; 0,588766036190114; 0,411233963809886; 1; 0; 1; 0
3594; 19; 0; 0; 0,999926811451508; 0,999926811451508; 1; 0; 1; 0
3600; 19; 0; 0; 0,999980252906715; 0,999980252906715; 1; 0; 1; 0
3611; 20; 0; 0; 0,999872288656562; 0,999872288656562; 1; 0; 1; 0
3676; 18; 0; 0; 1; 1; 1; 0; 1; 0
3695; 10; 0; 0; 1; 1; 1; 0; 1; 0
3697; 20; 0; 0; 1; 1; 1; 0; 1; 0
3701; 20; 0; 0; 0,998815386485229; 0,998815386485229; 1; 0; 1; 0
3728; 19; 0; 0; 0,879386767129134; 0,879386767129134; 1; 0; 1; 0
3752; 2; 0; 1; 0,661485939687254; 0,338514060312746; 0; 0; 0,3333415426568; 0,6666584573432
3764; 20; 0; 0; 0,998448394248962; 0,998448394248962; 1; 0; 1; 0
3779; 10; 0; 0; 0,999999953261244; 0,999999953261244; 1; 0; 1; 0
3806; 2; 1; 1; 0,556467736976462; 0,556467736976462; 0; 1; 0; 1
3817; 4; 1; 1; 0,507483989507234; 0,507483989507234; 0; 0; 0,500296553284424; 0,499703446715576
3824; 4; 1; 1; 0,507851105050906; 0,507851105050906; 0; 0; 0,500296553284424; 0,499703446715576
3843; 16; 0; 0; 1; 1; 1; 0; 1; 0
3846; 20; 0; 0; 0,999162035304376; 0,999162035304376; 1; 0; 1; 0
3849; 19; 0; 0; 0,830672690539363; 0,830672690539363; 1; 0; 1; 0
3875; 10; 0; 0; 1; 1; 1; 0; 1; 0
3954; 19; 0; 0; 0,992292165465604; 0,992292165465604; 1; 0; 1; 0
3958; 19; 0; 0; 0,907286495134878; 0,907286495134878; 1; 0; 1; 0
3964; 16; 0; 0; 1; 1; 1; 0; 1; 0
3970; 2; 1; 1; 0,546172840017545; 0,546172840017545; 0; 0; 0,33305199406266; 0,66694800593734
3977; 2; 0; 0; 0,799206369751967; 0,799206369751967; 1; 0; 1; 0
3984; 10; 0; 0; 1; 1; 1; 0; 1; 0
3997; 19; 2; 0; 0,350386003294768; 0,342901821353585; 1; 0; 1; 0
4029; 2; 0; 0; 1; 1; 1; 0; 1; 0
4039; 2; 0; 0; 0,999970246079227; 0,999970246079227; 1; 0; 1; 0
4044; 10; 0; 0; 0,999976329226618; 0,999976329226618; 1; 0; 1; 0
4049; 10; 0; 0; 1; 1; 1; 0; 1; 0
4055; 20; 16; 0; 0,0508550848135055; 0,0337533885433958; 1; 0; 1; 0
4069; 23; 19; 0; 0,0443458356392247; 0,0243916159370568; 1; 0; 1; 0
4083; 19; 0; 0; 0,999969741327663; 0,999969741327663; 1; 0; 1; 0
4108; 2; 1; 0; 0,538677753480184; 0,461322246519816; 1; 0; 1; 0
4125; 2; 0; 1; 0,633976828772234; 0,366023171227766; 0; 0; 0,333430975862548; 0,666569024137453
4128; 10; 0; 0; 0,999988340813744; 0,999988340813744; 1; 0; 1; 0
4129; 19; 0; 0; 0,999980630679609; 0,999980630679609; 1; 0; 1; 0
4144; 160; 0; 0; 0,999892804043802; 0,999892804043802; 1; 0; 1; 0
4166; 19; 0; 0; 0,998847734493113; 0,998847734493113; 1; 0; 1; 0
4193; 16; 0; 0; 1; 1; 1; 0; 1; 0
4195; 10; 0; 0; 1; 1; 1; 0; 1; 0
4223; 3; 0; 2; 0,435406297378828; 0,256656739116157; 0; 0; 0,249836158183357; 0,750163841816643
4225; 2; 1; 1; 0,680901474321504; 0,680901474321504; 0; 0; 0,499662038165893; 0,500337961834107
4242; 2; 1; 0; 0,505186535239483; 0,494813464760517; 1; 0; 1; 0
4245; 2; 1; 1; 0,552986907599633; 0,552986907599633; 0; 0; 0,332596470775875; 0,667403529224125
4258; 11; 2; 2; 0,36564996469683; 0,36564996469683; 0; 0; 0,251375822415968; 0,748624177584032
4273; 23; 0; 0; 0,998776803198613; 0,998776803198613; 1; 0; 1; 0
4278; 10; 0; 0; 1; 1; 1; 0; 1; 0
4293; 3; 1; 1; 0,646652450659844; 0,646652450659844; 0; 1; 0; 1
4294; 2; 1; 1; 0,506436626490555; 0,506436626490555; 0; 1; 0; 1
4311; 10; 0; 0; 0,943811712357339; 0,943811712357339; 1; 0; 1; 0
4317; 20; 7; 0; 1; 0; 1; 0; 1; 0
4331; 19; 0; 0; 0,999995464100933; 0,999995464100933; 1; 0; 1; 0
4335; 16; 0; 0; 1; 1; 1; 0; 1; 0
4339; 3; 0; 0; 0,997817140320395; 0,997817140320395; 1; 0; 1; 0
4354; 2; 0; 0; 1; 1; 1; 0; 1; 0
4372; 32; 16; 16; 0,784303016751333; 0,784303016751333; 0; 0; 0,49919472412182; 0,500805275878179
4375; 10; 0; 0; 0,999753107907513; 0,999753107907513; 1; 0; 1; 0
4392; 2; 1; 1; 0,521662925024111; 0,521662925024111; 0; 0; 0,500256624585928; 0,499743375414072
4415; 10; 0; 0; 0,985017549566955; 0,985017549566955; 1; 0; 1; 0
4436; 10; 1; 1; 0,454628142275473; 0,454628142275473; 0; 1; 0; 1
4479; 16; 0; 0; 1; 1; 1; 0; 1; 0
4486; 10; 0; 0; 1; 1; 1; 0; 1; 0
4497; 4; 0; 1; 0,562144752364836; 0,437825243404257; 0; 0; 0,500296553284424; 0,499703446715576
4503; 10; 8; 0; 0,103466764038856; 0,0687991236502916; 1; 0; 1; 0
4512; 10; 0; 0; 1; 1; 1; 0; 1; 0
4517; 2; 0; 1; 0,507024226029355; 0,492975773970645; 0; 1; 0; 1
4534; 10; 1; 2; 0,38506314986855; 0,289176529285076; 0; 0; 0,334384756660017; 0,665615243339983
4554; 19; 0; 0; 0,996503862153374; 0,996503862153374; 1; 0; 1; 0
4562; 13; 0; 0; 1; 1; 1; 0; 1; 0
4565; 10; 0; 0; 0,999871914046426; 0,999871914046426; 1; 0; 1; 0
4592; 10; 0; 0; 0,999981947601663; 0,999981947601663; 1; 0; 1; 0
4595; 10; 0; 0; 1; 1; 1; 0; 1; 0
4598; 19; 0; 0; 1; 1; 1; 0; 1; 0
4614; 20; 0; 0; 0,999535597769785; 0,999535597769785; 1; 0; 1; 0
4619; 18; 0; 0; 0,999398327030661; 0,999398327030661; 1; 0; 1; 0
4621; 19; 0; 0; 0,999996780385101; 0,999996780385101; 1; 0; 1; 0
4622; 20; 1; 0; 0,606316594955887; 0,393683405044113; 1; 0; 1; 0
4628; 19; 2; 0; 0,368368481829005; 0,333190216890866; 1; 0; 1; 0
4645; 16; 0; 0; 0,999998943249098; 0,999998943249098; 1; 0; 1; 0
4665; 2; 1; 0; 0,596828210722573; 0,403171789277426; 1; 0; 1; 0
4666; 10; 0; 0; 0,996697408277582; 0,996697408277582; 1; 0; 1; 0
4680; 2; 1; 0; 0,54510856595212; 0,45489143404788; 1; 0; 1; 0
4686; 3; 0; 0; 0,999958698185125; 0,999958698185125; 1; 0; 1; 0
4704; 18; 0; 0; 1; 1; 1; 0; 1; 0
4706; 2; 0; 0; 1; 1; 1; 0; 1; 0
4747; 10; 0; 0; 0,999983157583761; 0,999983157583761; 1; 0; 1; 0
4771; 2; 1; 1; 0,533575591248269; 0,533575591248269; 0; 0; 0,334208340751588; 0,665791659248412
4783; 2; 0; 0; 1; 1; 1; 0; 1; 0
4790; 2; 1; 0; 0,540673126224462; 0,459326873775538; 1; 0; 1; 0
4812; 16; 0; 0; 1; 1; 1; 0; 1; 0
4845; 11; 1; 2; 0,481678314644881; 0,302889950471461; 0; 1; 0; 1
4863; 10; 0; 0; 1; 1; 1; 0; 1; 0
4877; 10; 0; 0; 0,405886776964032; 0,405886776964032; 1; 0; 1; 0
4881; 19; 0; 0; 0,974324965284143; 0,974324965284143; 1; 0; 1; 0
4924; 16; 0; 0; 0,99845534964861; 0,99845534964861; 1; 0; 1; 0
4927; 2; 0; 0; 0,997480883483431; 0,997480883483431; 1; 0; 1; 0
4932; 4; 2; 2; 0,45451455947626; 0,45451455947626; 0; 0; 0,499743375414072; 0,500256624585928
4965; 19; 0; 0; 0,995226797010634; 0,995226797010634; 1; 0; 1; 0
4968; 10; 0; 0; 0,999999995779213; 0,999999995779213; 1; 0; 1; 0
5000; 19; 0; 0; 0,997177375106062; 0,997177375106062; 1; 0; 1; 0
5062; 2; 0; 1; 0,573109814475735; 0,426890185524265; 0; 1; 0; 1
5067; 2; 1; 1; 0,737552906088146; 0,737552906088146; 0; 0; 0,333430975862548; 0,666569024137453
5073; 2; 1; 0; 0,613142708733348; 0,386857291266652; 1; 0; 1; 0
5077; 3; 2; 2; 0,54690105607419; 0,54690105607419; 0; 0; 0,249836158183357; 0,750163841816643
5090; 19; 2; 0; 0,444846896938427; 0,33984723926889; 1; 0; 1; 0
5134; 2; 1; 1; 0,517003453831104; 0,517003453831104; 0; 1; 0; 1
5144; 10; 0; 0; 0,999893143820555; 0,999893143820555; 1; 0; 1; 0
5160; 2; 0; 1; 0,534950718152695; 0,465049281847305; 0; 0; 0,500461757218196; 0,499538242781804
5211; 4; 3; 2; 0,282264227541065; 0,249527172769296; 0; 0; 0,499743375414072; 0,500256624585928
5223; 16; 0; 0; 0,994080751962091; 0,994080751962091; 1; 0; 1; 0
5227; 10; 0; 0; 0,999961962037035; 0,999961962037035; 1; 0; 1; 0
5238; 2; 1; 0; 0,569271638831146; 0,430728361168854; 1; 0; 1; 0
5243; 10; 0; 0; 0,990963449606191; 0,990963449606191; 1; 0; 1; 0
5260; 17; 0; 0; 0,996755466802366; 0,996755466802366; 1; 0; 1; 0
5263; 2; 0; 0; 0,997007258049138; 0,997007258049138; 1; 0; 1; 0
5275; 10; 0; 0; 0,999375994160441; 0,999375994160441; 1; 0; 1; 0
5279; 19; 0; 0; 0,993045535307512; 0,993045535307512; 1; 0; 1; 0
5302; 19; 0; 0; 0,988525196251778; 0,988525196251778; 1; 0; 1; 0
5306; 10; 2; 1; 0,76914813974633; 0,0256129035038441; 0; 0; 0,24956858462723; 0,75043141537277
5311; 19; 0; 0; 0,999504088916755; 0,999504088916755; 1; 0; 1; 0
5321; 2; 1; 1; 0,530779977593341; 0,530779977593341; 0; 1; 0; 1
5324; 2; 0; 0; 0,711757218705514; 0,711757218705514; 1; 0; 1; 0
5343; 19; 0; 0; 1; 1; 1; 0; 1; 0
5355; 2; 0; 0; 0,773207359823104; 0,773207359823104; 1; 0; 1; 0
5358; 16; 0; 0; 0,999966932376961; 0,999966932376961; 1; 0; 1; 0
5359; 16; 0; 0; 0,999966932376961; 0,999966932376961; 1; 0; 1; 0
5375; 2; 1; 0; 0,726492519640607; 0,273507480359393; 1; 0; 1; 0
5396; 20; 0; 0; 0,999997256149892; 0,999997256149892; 1; 0; 1; 0
5397; 2; 1; 0; 0,702407465996673; 0,297592534003327; 1; 0; 1; 0
5402; 13; 0; 0; 1; 1; 1; 0; 1; 0
5435; 2; 1; 0; 0,531689439388143; 0,468310560611857; 1; 0; 1; 0
5452; 19; 0; 0; 0,999062623168517; 0,999062623168517; 1; 0; 1; 0
5456; 2; 1; 1; 0,538994215324511; 0,538994215324511; 0; 1; 0; 1
5481; 3; 0; 0; 0,968562966747989; 0,968562966747989; 1; 0; 1; 0
5491; 16; 0; 0; 0,999913940669278; 0,999913940669278; 1; 0; 1; 0
5495; 2; 0; 0; 0,967030866131666; 0,967030866131666; 1; 0; 1; 0
5506; 19; 0; 0; 0,988060281633118; 0,988060281633118; 1; 0; 1; 0
5518; 2; 0; 0; 1; 1; 1; 0; 1; 0
5526; 2; 0; 1; 0,562158938179222; 0,437841061820778; 0; 0; 0,331599996738756; 0,668400003261244
5533; 2; 1; 0; 0,606617828146418; 0,393382171853582; 1; 0; 1; 0
5548; 19; 0; 0; 0,999616960441844; 0,999616960441844; 1; 0; 1; 0
5552; 10; 0; 0; 0,99994673732542; 0,99994673732542; 1; 0; 1; 0
5564; 10; 0; 0; 0,999995033019927; 0,999995033019927; 1; 0; 1; 0
5571; 10; 0; 0; 0,988474025710712; 0,988474025710712; 1; 0; 1; 0
5575; 20; 0; 0; 0,983869413478093; 0,983869413478093; 1; 0; 1; 0
5601; 19; 0; 0; 0,803660486200079; 0,803660486200079; 1; 0; 1; 0
5636; 19; 0; 0; 1; 1; 1; 0; 1; 0
5691; 13; 0; 0; 0,999999290102144; 0,999999290102144; 1; 0; 1; 0
5716; 16; 0; 0; 0,998314608866301; 0,998314608866301; 1; 0; 1; 0
5732; 10; 0; 0; 0,998314385461952; 0,998314385461952; 1; 0; 1; 0
5760; 13; 0; 0; 0,999997925277615; 0,999997925277615; 1; 0; 1; 0
5783; 10; 0; 0; 0,432360851778361; 0,432360851778361; 1; 0; 1; 0
5798; 16; 0; 0; 0,999997859852247; 0,999997859852247; 1; 0; 1; 0
5800; 19; 0; 0; 0,893300614970258; 0,893300614970258; 1; 0; 1; 0
5804; 2; 0; 0; 0,991907081348641; 0,991907081348641; 1; 0; 1; 0
5814; 2; 1; 0; 0,662156761397894; 0,337843238602106; 1; 0; 1; 0
5834; 10; 1; 0; 0,350417796121744; 0,330495183845785; 1; 0; 1; 0
5853; 18; 0; 0; 0,999566802086257; 0,999566802086257; 1; 0; 1; 0
5859; 2; 1; 1; 0,530779977593341; 0,530779977593341; 0; 0; 0,33232712869403; 0,66767287130597
5870; 2; 0; 0; 0,508697036870067; 0,508697036870067; 1; 0; 1; 0
5889; 2; 0; 0; 0,505809896133913; 0,505809896133913; 1; 0; 1; 0
5925; 10; 0; 0; 1; 1; 1; 0; 1; 0
5930; 10; 0; 1; 0,434869473974598; 0,143178083174956; 0; 1; 0; 1
5932; 18; 0; 0; 0,999989815429493; 0,999989815429493; 1; 0; 1; 0
5951; 10; 0; 0; 0,999999980487586; 0,999999980487586; 1; 0; 1; 0
5960; 10; 0; 0; 0,998958655087681; 0,998958655087681; 1; 0; 1; 0
5980; 25; 7; 0; 0,234791316710044; 0,0947893346426188; 1; 0; 1; 0
6026; 2; 0; 0; 0,977227575239399; 0,977227575239399; 1; 0; 1; 0
6031; 2; 0; 0; 0,834928765620585; 0,834928765620585; 1; 0; 1; 0
6062; 19; 0; 0; 0,999984868530231; 0,999984868530231; 1; 0; 1; 0
6066; 15; 0; 0; 0,999771516172725; 0,999771516172725; 1; 0; 1; 0
6076; 2; 0; 1; 0,691844596210992; 0,308155403789008; 0; 1; 0; 1
6108; 10; 0; 0; 0,998919517373466; 0,998919517373466; 1; 0; 1; 0
6112; 10; 0; 0; 0,999999330860247; 0,999999330860247; 1; 0; 1; 0
6119; 11; 2; 2; 0,420111159440555; 0,420111159440555; 0; 0; 0,251375822415968; 0,748624177584032
6163; 4; 2; 1; 0,53763519605848; 0,00191870074595117; 0; 0; 0,500337961834107; 0,499662038165893
6169; 20; 0; 0; 0,937367078119633; 0,937367078119633; 1; 0; 1; 0
6206; 160; 0; 0; 0,999996937139074; 0,999996937139074; 1; 0; 1; 0
6209; 19; 1; 1; 0,340672030377487; 0,340672030377487; 0; 0; 0,250436147319357; 0,749563852680643
6218; 19; 0; 0; 0,992727800044183; 0,992727800044183; 1; 0; 1; 0
6224; 18; 0; 0; 0,999959621872513; 0,999959621872513; 1; 0; 1; 0
6226; 2; 0; 0; 0,642504004794028; 0,642504004794028; 1; 0; 1; 0
6227; 13; 0; 0; 1; 1; 1; 0; 1; 0
6229; 20; 0; 0; 0,998002215969814; 0,998002215969814; 1; 0; 1; 0
6231; 10; 0; 0; 0,993386123875633; 0,993386123875633; 1; 0; 1; 0
6268; 2; 0; 1; 0,557068784427205; 0,442931215572795; 0; 0; 0,334208340751588; 0,665791659248412
6281; 20; 0; 0; 0,998492227342437; 0,998492227342437; 1; 0; 1; 0
6292; 19; 0; 0; 0,917321160419129; 0,917321160419129; 1; 0; 1; 0
6297; 2; 0; 0; 0,52619337260641; 0,52619337260641; 1; 0; 1; 0
6301; 10; 0; 2; 0,395356639123308; 0,387071959279012; 0; 0; 0,332032239591889; 0,667967760408111
6323; 19; 0; 0; 0,998963232856283; 0,998963232856283; 1; 0; 1; 0
6334; 2; 0; 0; 0,999994688014559; 0,999994688014559; 1; 0; 1; 0
6341; 20; 1; 1; 0,538368802377562; 0,538368802377562; 0; 0; 0,500984484812199; 0,499015515187801
6343; 10; 0; 0; 0,999999423789304; 0,999999423789304; 1; 0; 1; 0
6379; 10; 1; 0; 0,346523346542765; 0,340342643867798; 1; 0; 1; 0
6381; 10; 0; 0; 0,999999692925404; 0,999999692925404; 1; 0; 1; 0
6397; 19; 0; 0; 0,981827145640983; 0,981827145640983; 1; 0; 1; 0
6453; 2; 0; 1; 0,50691609602508; 0,49308390397492; 0; 0; 0,498907759353759; 0,501092240646241
6463; 2; 1; 1; 0,627856546559498; 0,627856546559498; 0; 0; 0,251495310050949; 0,748504689949051
6495; 19; 0; 0; 0,992788385606793; 0,992788385606793; 1; 0; 1; 0
6503; 19; 2; 0; 0,428024441706151; 0,314225832662618; 1; 0; 1; 0
6504; 18; 0; 0; 0,999846503671021; 0,999846503671021; 1; 0; 1; 0
6507; 23; 0; 0; 0,999996465188901; 0,999996465188901; 1; 0; 1; 0
6511; 3; 0; 0; 0,342827460348755; 0,342827460348755; 1; 0; 1; 0
6515; 11; 2; 0; 0,412904662682494; 0,248600303945069; 1; 0; 1; 0
6522; 10; 0; 0; 0,948006501881597; 0,948006501881597; 1; 0; 1; 0
6526; 2; 1; 1; 0,517069169867694; 0,517069169867694; 0; 0; 0,500984484812199; 0,499015515187801
6528; 13; 0; 0; 0,999994619933063; 0,999994619933063; 1; 0; 1; 0
6549; 2; 0; 0; 0,998420326481107; 0,998420326481107; 1; 0; 1; 0
6561; 2; 0; 0; 0,996421651845185; 0,996421651845185; 1; 0; 1; 0
6577; 2; 0; 0; 0,564576299475379; 0,564576299475379; 1; 0; 1; 0
6644; 19; 0; 0; 0,799276055005911; 0,799276055005911; 1; 0; 1; 0
6675; 2; 0; 0; 0,598351788106089; 0,598351788106089; 1; 0; 1; 0
6678; 25; 7; 0; 0,246586970763417; 0,168883622817509; 1; 0; 1; 0
6704; 4; 2; 1; 0,306120379951422; 0,198941739343395; 0; 0; 0,500337961834107; 0,499662038165893
6718; 10; 0; 0; 0,999984560442834; 0,999984560442834; 1; 0; 1; 0
6724; 16; 0; 0; 0,693659569148862; 0,693659569148862; 1; 0; 1; 0
6739; 10; 0; 0; 0,998002517473217; 0,998002517473217; 1; 0; 1; 0
6749; 2; 1; 0; 0,60419637159634; 0,39580362840366; 1; 0; 1; 0
6767; 2; 1; 1; 0,554997722124223; 0,554997722124223; 0; 0; 0,332132797202093; 0,667867202797907
6782; 2; 1; 0; 0,699707292999792; 0,300292707000208; 1; 0; 1; 0
6787; 10; 0; 0; 0,999054280829259; 0,999054280829259; 1; 0; 1; 0
6794; 16; 0; 0; 0,936541573865713; 0,936541573865713; 1; 0; 1; 0
6804; 18; 0; 0; 0,99766732958942; 0,99766732958942; 1; 0; 1; 0
6820; 21; 0; 0; 0,976156507332564; 0,976156507332564; 1; 0; 1; 0
6826; 2; 0; 0; 0,997439864479479; 0,997439864479479; 1; 0; 1; 0
6836; 190; 20; 0; 0,384269517971129; 0; 1; 0; 1; 0
6837; 10; 0; 0; 0,999996033039642; 0,999996033039642; 1; 0; 1; 0
6855; 20; 0; 0; 0,999573387854532; 0,999573387854532; 1; 0; 1; 0
6861; 2; 0; 0; 1; 1; 1; 0; 1; 0
6863; 2; 1; 0; 0,559093810235621; 0,440906189764379; 1; 0; 1; 0
6866; 15; 0; 0; 0,981749043529593; 0,981749043529593; 1; 0; 1; 0
6889; 19; 0; 0; 0,996109198118528; 0,996109198118528; 1; 0; 1; 0
6900; 10; 0; 0; 0,379034579188485; 0,379034579188485; 1; 0; 1; 0
6901; 2; 0; 0; 0,53394886862661; 0,53394886862661; 1; 0; 1; 0
6903; 18; 0; 0; 0,999936099830558; 0,999936099830558; 1; 0; 1; 0
6907; 18; 0; 0; 0,999732956224404; 0,999732956224404; 1; 0; 1; 0
6909; 18; 0; 0; 0,999778258051639; 0,999778258051639; 1; 0; 1; 0
6923; 18; 0; 0; 0,990406889010096; 0,990406889010096; 1; 0; 1; 0
6934; 10; 0; 0; 0,999999704307476; 0,999999704307476; 1; 0; 1; 0
6937; 2; 0; 0; 1; 1; 1; 0; 1; 0
6956; 10; 2; 0; 0,39420862589899; 0,326335270097432; 1; 0; 1; 0
6961; 20; 0; 0; 0,986436686954789; 0,986436686954789; 1; 0; 1; 0
6970; 13; 0; 0; 0,999966545334146; 0,999966545334146; 1; 0; 1; 0
6986; 2; 0; 0; 1; 1; 1; 0; 1; 0
6989; 10; 0; 0; 1; 1; 1; 0; 1; 0
7011; 16; 0; 0; 0,988890310271076; 0,988890310271076; 1; 0; 1; 0
7034; 16; 0; 0; 0,997287089336175; 0,997287089336175; 1; 0; 1; 0
7040; 10; 0; 0; 0,999962071958752; 0,999962071958752; 1; 0; 1; 0
7041; 16; 0; 0; 0,999311980632129; 0,999311980632129; 1; 0; 1; 0
7047; 16; 0; 0; 0,999388132444087; 0,999388132444087; 1; 0; 1; 0
7052; 19; 0; 0; 0,931859413756503; 0,931859413756503; 1; 0; 1; 0
7056; 16; 0; 0; 0,999156944498901; 0,999156944498901; 1; 0; 1; 0
7058; 13; 0; 0; 0,999991194862658; 0,999991194862658; 1; 0; 1; 0
7065; 18; 0; 0; 0,997414306829792; 0,997414306829792; 1; 0; 1; 0
7075; 2; 0; 0; 0,687139363013153; 0,687139363013153; 1; 0; 1; 0
7092; 13; 0; 0; 0,999996722248447; 0,999996722248447; 1; 0; 1; 0
7110; 2; 1; 1; 0,896777798166632; 0,896777798166632; 0; 1; 0; 1
7128; 32; 16; 0; 0,503066554685261; 0,427378348685821; 1; 0; 1; 0
7143; 16; 0; 0; 0,996160620208864; 0,996160620208864; 1; 0; 1; 0
7154; 19; 1; 0; 0,251360751084602; 0; 1; 0; 1; 0
7155; 2; 0; 1; 0,750588137341775; 0,249411862658225; 0; 0; 0,599288829618811; 0,400711170381189
7168; 16; 0; 0; 0,99966960213641; 0,99966960213641; 1; 0; 1; 0
7175; 10; 0; 0; 1; 1; 1; 0; 1; 0
7200; 10; 0; 0; 0,999402028757244; 0,999402028757244; 1; 0; 1; 0
7205; 10; 0; 0; 0,99917192286443; 0,99917192286443; 1; 0; 1; 0
7211; 13; 0; 0; 0,999975473669843; 0,999975473669843; 1; 0; 1; 0
7213; 13; 0; 0; 1; 1; 1; 0; 1; 0
7258; 18; 0; 0; 0,976815963174423; 0,976815963174423; 1; 0; 1; 0
7262; 10; 0; 0; 0,999914827904544; 0,999914827904544; 1; 0; 1; 0
7266; 10; 1; 2; 0,44460573020279; 0,278021880415866; 0; 1; 0; 1
7270; 2; 0; 0; 0,592211637674205; 0,592211637674205; 1; 0; 1; 0
7278; 18; 0; 0; 0,999998626709892; 0,999998626709892; 1; 0; 1; 0
7279; 20; 0; 0; 0,99928400683649; 0,99928400683649; 1; 0; 1; 0
7283; 2; 1; 0; 0,686072931651814; 0,313927068348186; 1; 0; 1; 0
7287; 10; 2; 2; 0,365067416361263; 0,365067416361263; 0; 0; 0,500296553284424; 0,499703446715576
7316; 18; 0; 0; 1; 1; 1; 0; 1; 0
7318; 19; 0; 0; 0,519566936746158; 0,519566936746158; 1; 0; 1; 0
7332; 10; 0; 0; 1; 1; 1; 0; 1; 0
7335; 10; 0; 0; 0,975667181247984; 0,975667181247984; 1; 0; 1; 0
7345; 19; 0; 0; 0,999721385220996; 0,999721385220996; 1; 0; 1; 0
7359; 10; 0; 0; 1; 1; 1; 0; 1; 0
7364; 18; 0; 0; 0,675154613779804; 0,675154613779804; 1; 0; 1; 0
7383; 19; 0; 0; 0,860704902470695; 0,860704902470695; 1; 0; 1; 0
7415; 2; 0; 0; 0,993948454867619; 0,993948454867619; 1; 0; 1; 0
7418; 15; 0; 0; 0,984340714944743; 0,984340714944743; 1; 0; 1; 0
7437; 10; 2; 0; 0,460298560468911; 0,456347367866465; 1; 0; 1; 0
7449; 10; 0; 0; 0,999893143820555; 0,999893143820555; 1; 0; 1; 0
7450; 19; 0; 0; 0,996200699444264; 0,996200699444264; 1; 0; 1; 0
7470; 10; 0; 0; 0,992706222611641; 0,992706222611641; 1; 0; 1; 0
7495; 2; 0; 0; 0,67833669396272; 0,67833669396272; 1; 0; 1; 0
7497; 19; 0; 0; 0,999986790652292; 0,999986790652292; 1; 0; 1; 0
7517; 15; 0; 0; 0,984525257647085; 0,984525257647085; 1; 0; 1; 0
7522; 16; 0; 0; 0,995399899702831; 0,995399899702831; 1; 0; 1; 0
7532; 19; 0; 0; 0,997433436149916; 0,997433436149916; 1; 0; 1; 0
7538; 2; 1; 0; 0,579260994866209; 0,420739005133791; 1; 0; 1; 0
7547; 18; 0; 0; 0,996107499104075; 0,996107499104075; 1; 0; 1; 0
7550; 2; 0; 0; 0,84064573848926; 0,84064573848926; 1; 0; 1; 0
7552; 10; 0; 0; 0,999999724892996; 0,999999724892996; 1; 0; 1; 0
7564; 16; 0; 0; 0,998284000627421; 0,998284000627421; 1; 0; 1; 0
7571; 18; 0; 0; 0,999965942440748; 0,999965942440748; 1; 0; 1; 0
7572; 19; 0; 0; 0,737240046545119; 0,737240046545119; 1; 0; 1; 0
7580; 10; 0; 0; 0,999999702163029; 0,999999702163029; 1; 0; 1; 0
7582; 2; 0; 0; 0,526179901903147; 0,526179901903147; 1; 0; 1; 0
7584; 2; 0; 0; 0,999266696681584; 0,999266696681584; 1; 0; 1; 0
7599; 2; 1; 0; 1; 0; 1; 0; 1; 0
7612; 2; 1; 1; 0,563040345413448; 0,563040345413448; 0; 1; 0; 1
7623; 16; 0; 0; 0,839783104467028; 0,839783104467028; 1; 0; 1; 0
7624; 2; 0; 1; 0,528208565792871; 0,471791434207129; 0; 1; 0; 1
7626; 2; 0; 0; 0,997626898084145; 0,997626898084145; 1; 0; 1; 0
7646; 2; 0; 1; 0,528208565792871; 0,471791434207129; 0; 0; 0,33447680444538; 0,66552319555462
7656; 13; 0; 0; 0,999397166696097; 0,999397166696097; 1; 0; 1; 0
7662; 342; 0; 0; 0,476784908391887; 0,476784908391887; 1; 0; 1; 0
7668; 20; 0; 0; 0,983909152539136; 0,983909152539136; 1; 0; 1; 0
7692; 2; 0; 0; 0,983003494978537; 0,983003494978537; 1; 0; 1; 0
7700; 2; 0; 1; 0,556927944218649; 0,443072055781351; 0; 1; 0; 1
7702; 22; 0; 1; 0,361156341270072; 0,291820755526; 0; 0; 0,599567055666355; 0,400432944333645
7703; 32; 0; 0; 0,551068114071973; 0,551068114071973; 1; 0; 1; 0
7724; 10; 0; 0; 0,957852747931067; 0,957852747931067; 1; 0; 1; 0
7731; 2; 1; 0; 0,57114482476492; 0,42885517523508; 1; 0; 1; 0
7738; 2; 1; 0; 0,535461979021301; 0,464538020978699; 1; 0; 1; 0
7739; 10; 0; 0; 0,999624410188565; 0,999624410188565; 1; 0; 1; 0
7748; 3; 0; 1; 0,363462758497486; 0,34374456153888; 0; 0; 0,49981868512858; 0,50018131487142
7752; 2; 1; 1; 0,548170762089444; 0,548170762089444; 0; 1; 0; 1
7754; 3; 2; 0; 0,673869101674819; 0,0171825766722086; 1; 0; 1; 0
7759; 13; 0; 0; 0,999963575013308; 0,999963575013308; 1; 0; 1; 0
7784; 18; 0; 0; 0,82532815099893; 0,82532815099893; 1; 0; 1; 0
7815; 19; 0; 0; 0,999211303430784; 0,999211303430784; 1; 0; 1; 0
7820; 19; 0; 0; 0,999570203546023; 0,999570203546023; 1; 0; 1; 0
7832; 2; 0; 1; 0,520194716845646; 0,479805283154354; 0; 1; 0; 1
7839; 2; 0; 0; 0,520073651822001; 0,520073651822001; 1; 0; 1; 0
7841; 10; 0; 0; 0,999999330185748; 0,999999330185748; 1; 0; 1; 0
7843; 2; 1; 0; 0,528374003636776; 0,471625996363224; 1; 0; 1; 0
7846; 10; 0; 0; 0,999323982672001; 0,999323982672001; 1; 0; 1; 0
7869; 190; 0; 0; 0,95852431508304; 0,95852431508304; 1; 0; 1; 0
7875; 19; 0; 0; 0,985157090158613; 0,985157090158613; 1; 0; 1; 0
7884; 20; 0; 0; 0,954054721598747; 0,954054721598747; 1; 0; 1; 0
7886; 2; 0; 0; 0,999602750133072; 0,999602750133072; 1; 0; 1; 0
7937; 19; 0; 0; 0,999950809367594; 0,999950809367594; 1; 0; 1; 0
7939; 2; 0; 0; 0,622486824673077; 0,622486824673077; 1; 0; 1; 0
7959; 17; 0; 0; 0,375139379082927; 0,375139379082927; 1; 0; 1; 0
7966; 3; 2; 2; 0,484979719703784; 0,484979719703784; 0; 0; 0,249836158183357; 0,750163841816643
7974; 16; 6; 0; 0,292774511906035; 0,121132668475619; 1; 0; 1; 0
7983; 19; 0; 0; 0,999534238096043; 0,999534238096043; 1; 0; 1; 0
7989; 10; 0; 0; 0,394324399044938; 0,394324399044938; 1; 0; 1; 0
8007; 10; 1; 0; 0,366193286361373; 0,269722823564891; 1; 0; 1; 0
8012; 2; 1; 0; 0,933054623648872; 0,0669453763511277; 1; 0; 1; 0
8014; 16; 0; 0; 0,980661135807717; 0,980661135807717; 1; 0; 1; 0
8050; 19; 0; 0; 0,996941641991655; 0,996941641991655; 1; 0; 1; 0
8072; 10; 0; 0; 0,998748746728304; 0,998748746728304; 1; 0; 1; 0
8125; 18; 0; 0; 0,735881595049634; 0,735881595049634; 1; 0; 1; 0
8130; 4; 1; 1; 0,451418405092903; 0,451418405092903; 0; 0; 0,500296553284424; 0,499703446715576
8136; 21; 0; 0; 0,998707030548945; 0,998707030548945; 1; 0; 1; 0
8140; 2; 0; 0; 0,706563398603581; 0,706563398603581; 1; 0; 1; 0
8170; 2; 1; 1; 0,500609805179583; 0,500609805179583; 0; 0; 0,332651268006151; 0,667348731993848
8183; 2; 0; 0; 1; 1; 1; 0; 1; 0
8197; 19; 1; 2; 0,323938124628368; 0,29447278671283; 0; 1; 0; 1
8203; 16; 0; 0; 0,605192716425983; 0,605192716425983; 1; 0; 1; 0
8209; 2; 0; 1; 0,649793541067152; 0,350206458932848; 0; 0; 0,334757627560464; 0,665242372439536
8214; 342; 0; 0; 0,963911592233944; 0,963911592233944; 1; 0; 1; 0
8224; 16; 0; 0; 0,999615818183665; 0,999615818183665; 1; 0; 1; 0
8231; 2; 1; 0; 0,601849633753572; 0,398150366246428; 1; 0; 1; 0
8245; 2; 1; 0; 0,542323499847894; 0,457676500152106; 1; 0; 1; 0
8253; 19; 0; 0; 0,999947159802301; 0,999947159802301; 1; 0; 1; 0
8286; 10; 0; 0; 0,992500558912164; 0,992500558912164; 1; 0; 1; 0
8304; 16; 0; 0; 0,891231147072213; 0,891231147072213; 1; 0; 1; 0
8307; 2; 0; 0; 0,560434666823928; 0,560434666823928; 1; 0; 1; 0
8312; 19; 3; 1; 0,357678536923302; 0,348577065814716; 0; 1; 0; 1
8332; 19; 3; 0; 0,353417040403897; 0,0303641795993682; 1; 0; 1; 0
8336; 19; 0; 0; 0,99999302742525; 0,99999302742525; 1; 0; 1; 0
8357; 10; 0; 0; 0,997883127529061; 0,997883127529061; 1; 0; 1; 0
8358; 19; 0; 0; 0,999698535215463; 0,999698535215463; 1; 0; 1; 0
8359; 19; 0; 0; 1; 1; 1; 0; 1; 0
8361; 20; 0; 0; 0,517809551992116; 0,517809551992116; 1; 0; 1; 0
8373; 10; 0; 0; 0,999976648127467; 0,999976648127467; 1; 0; 1; 0
8375; 10; 0; 0; 0,747225115777973; 0,747225115777973; 1; 0; 1; 0
8381; 10; 0; 0; 0,999992372609555; 0,999992372609555; 1; 0; 1; 0
8400; 2; 0; 0; 0,654570601122701; 0,654570601122701; 1; 0; 1; 0
8408; 2; 1; 1; 0,676628577054336; 0,676628577054336; 0; 1; 0; 1
8413; 10; 0; 0; 0,999992667710126; 0,999992667710126; 1; 0; 1; 0
8436; 19; 0; 0; 1; 1; 1; 0; 1; 0
8445; 20; 0; 0; 0,999987812491968; 0,999987812491968; 1; 0; 1; 0
8448; 13; 0; 0; 0,999657820148015; 0,999657820148015; 1; 0; 1; 0
8451; 19; 0; 0; 0,646493534578122; 0,646493534578122; 1; 0; 1; 0
8456; 2; 0; 0; 0,583247025217293; 0,583247025217293; 1; 0; 1; 0
8462; 16; 0; 0; 1; 1; 1; 0; 1; 0
8483; 2; 1; 0; 0,535711394016562; 0,464288605983438; 1; 0; 1; 0
8489; 10; 0; 0; 0,999999773414495; 0,999999773414495; 1; 0; 1; 0
8496; 2; 0; 0; 0,999999351948712; 0,999999351948712; 1; 0; 1; 0
8508; 2; 1; 0; 0,628132311399276; 0,371867688600724; 1; 0; 1; 0
8512; 2; 0; 0; 0,980689839007305; 0,980689839007305; 1; 0; 1; 0
8527; 19; 0; 1; 0,377550827757119; 0,29975366959682; 0; 1; 0; 1
8530; 19; 0; 0; 0,99998685555251; 0,99998685555251; 1; 0; 1; 0
8545; 10; 0; 0; 0,999922377637471; 0,999922377637471; 1; 0; 1; 0
8548; 10; 1; 1; 0,396658333167702; 0,396658333167702; 0; 0; 0,500256624585928; 0,499743375414072
8565; 3; 2; 2; 0,51197976805014; 0,51197976805014; 0; 0; 0,249836158183357; 0,750163841816643
8578; 19; 0; 0; 0,936129708443389; 0,936129708443389; 1; 0; 1; 0
8596; 2; 1; 1; 0,655027436271028; 0,655027436271028; 0; 0; 0,33305199406266; 0,66694800593734
8600; 10; 1; 2; 0,446958380263015; 0,275501929774916; 0; 1; 0; 1
8605; 10; 0; 0; 0,999961827985596; 0,999961827985596; 1; 0; 1; 0
8608; 2; 0; 0; 0,530116300310182; 0,530116300310182; 1; 0; 1; 0
8609; 3; 2; 2; 0,530561994389718; 0,530561994389718; 0; 0; 0,249836158183357; 0,750163841816643
8623; 10; 0; 0; 0,999988529585656; 0,999988529585656; 1; 0; 1; 0
8625; 2; 0; 0; 0,931455925812432; 0,931455925812432; 1; 0; 1; 0
8627; 3; 2; 2; 0,416797062798799; 0,416797062798799; 0; 0; 0,249836158183357; 0,750163841816643
8641; 13; 0; 0; 0,989161533742276; 0,989161533742276; 1; 0; 1; 0
8650; 10; 0; 0; 0,999940685077643; 0,999940685077643; 1; 0; 1; 0
8661; 2; 1; 0; 0,789997991400164; 0,210002008599836; 1; 0; 1; 0
8674; 19; 0; 0; 0,999719280554828; 0,999719280554828; 1; 0; 1; 0
8694; 2; 0; 0; 0,616272655810836; 0,616272655810836; 1; 0; 1; 0
8701; 10; 0; 0; 0,999953209885788; 0,999953209885788; 1; 0; 1; 0
8703; 2; 0; 0; 0,998319812564566; 0,998319812564566; 1; 0; 1; 0
8705; 16; 0; 0; 0,999479733867077; 0,999479733867077; 1; 0; 1; 0
8713; 4; 0; 0; 0,865235660458745; 0,865235660458745; 1; 0; 1; 0
8749; 19; 0; 0; 0,999999574934534; 0,999999574934534; 1; 0; 1; 0
8771; 13; 0; 0; 0,996734047570022; 0,996734047570022; 1; 0; 1; 0
8789; 10; 1; 2; 0,420972942701213; 0,277654458887372; 0; 1; 0; 1
8796; 15; 0; 0; 0,924793287194655; 0,924793287194655; 1; 0; 1; 0
8801; 3; 2; 0; 0,468047331495885; 0,301849481067681; 1; 0; 1; 0
8803; 20; 0; 0; 0,999998831123674; 0,999998831123674; 1; 0; 1; 0
8810; 10; 0; 0; 0,811322616304208; 0,811322616304208; 1; 0; 1; 0
8820; 2; 0; 0; 0,570065852463996; 0,570065852463996; 1; 0; 1; 0
8822; 10; 0; 0; 0,962887425724401; 0,962887425724401; 1; 0; 1; 0
8823; 10; 0; 0; 0,99999185912869; 0,99999185912869; 1; 0; 1; 0
8827; 2; 1; 1; 1; 1; 0; 0; 0,248721534951423; 0,751278465048577
8831; 18; 0; 0; 0,999875707634646; 0,999875707634646; 1; 0; 1; 0
8856; 13; 0; 0; 1; 1; 1; 0; 1; 0
8857; 19; 0; 0; 0,999440149313164; 0,999440149313164; 1; 0; 1; 0
8865; 160; 0; 0; 0,999993122361368; 0,999993122361368; 1; 0; 1; 0
8878; 19; 0; 0; 0,999457666328132; 0,999457666328132; 1; 0; 1; 0
8902; 2; 1; 0; 0,687477783808886; 0,312522216191114; 1; 0; 1; 0
8903; 19; 2; 1; 0,483122591783663; 0,260128952494281; 0; 1; 0; 1
8904; 2; 0; 0; 0,990635674014397; 0,990635674014397; 1; 0; 1; 0
8909; 10; 0; 0; 0,999960729160123; 0,999960729160123; 1; 0; 1; 0
8922; 18; 0; 0; 0,872310659066872; 0,872310659066872; 1; 0; 1; 0
8926; 18; 1; 0; 0,463323414752793; 0,35574501654919; 1; 0; 1; 0
8935; 23; 0; 0; 0,999051844676198; 0,999051844676198; 1; 0; 1; 0
8936; 19; 0; 0; 1; 1; 1; 0; 1; 0
8948; 2; 0; 0; 0,997891598128783; 0,997891598128783; 1; 0; 1; 0
8949; 19; 0; 0; 0,99999302742525; 0,99999302742525; 1; 0; 1; 0
8951; 10; 0; 0; 0,995355381129566; 0,995355381129566; 1; 0; 1; 0
8956; 19; 0; 0; 0,998579197711268; 0,998579197711268; 1; 0; 1; 0
8961; 10; 0; 0; 0,999994221634877; 0,999994221634877; 1; 0; 1; 0
8962; 3; 0; 1; 0,416396156034477; 0,368940595771975; 0; 0; 0,499214513767447; 0,500785486232553
8975; 342; 0; 0; 0,98780303337603; 0,98780303337603; 1; 0; 1; 0
8994; 2; 0; 0; 0,506223621858452; 0,506223621858452; 1; 0; 1; 0
9010; 21; 0; 0; 0,996810574262149; 0,996810574262149; 1; 0; 1; 0
9040; 16; 0; 0; 0,997882950250454; 0,997882950250454; 1; 0; 1; 0
9043; 10; 0; 0; 0,999650820073591; 0,999650820073591; 1; 0; 1; 0
9060; 22; 0; 0; 0,999348255475815; 0,999348255475815; 1; 0; 1; 0
9088; 18; 0; 0; 0,999923322584761; 0,999923322584761; 1; 0; 1; 0
9089; 2; 0; 0; 0,996533466134449; 0,996533466134449; 1; 0; 1; 0
9090; 10; 0; 0; 0,999936985336579; 0,999936985336579; 1; 0; 1; 0
9091; 2; 1; 1; 1; 1; 0; 0; 0,500461757218196; 0,499538242781804
9117; 16; 0; 0; 0,99966960213641; 0,99966960213641; 1; 0; 1; 0
9123; 10; 0; 0; 0,997027968268502; 0,997027968268502; 1; 0; 1; 0
9172; 3; 0; 2; 0,357537517697599; 0,336308052544468; 0; 0; 0,249822203064474; 0,750177796935526
9198; 10; 0; 0; 0,999996940934635; 0,999996940934635; 1; 0; 1; 0
9201; 18; 0; 0; 0,945949868575075; 0,945949868575075; 1; 0; 1; 0
9203; 13; 0; 0; 0,988450745170786; 0,988450745170786; 1; 0; 1; 0
9204; 2; 0; 1; 0,577631985526294; 0,422368014473706; 0; 0; 0,499743375414072; 0,500256624585928
9205; 10; 0; 0; 0,999997040589535; 0,999997040589535; 1; 0; 1; 0
9213; 10; 0; 0; 0,99995082030669; 0,99995082030669; 1; 0; 1; 0
9220; 2; 0; 0; 0,947056103096521; 0,947056103096521; 1; 0; 1; 0
9225; 19; 0; 0; 0,944053691086102; 0,944053691086102; 1; 0; 1; 0
9240; 13; 0; 0; 0,999928881611706; 0,999928881611706; 1; 0; 1; 0
9247; 18; 0; 0; 0,992493314606356; 0,992493314606356; 1; 0; 1; 0
9253; 4; 0; 1; 0,675398621541695; 0,275407624650413; 0; 0; 0,500296553284424; 0,499703446715576
9258; 19; 0; 0; 0,999984815062604; 0,999984815062604; 1; 0; 1; 0
9260; 10; 0; 0; 0,999997809411221; 0,999997809411221; 1; 0; 1; 0
9287; 304; 0; 0; 0,983828920674105; 0,983828920674105; 1; 0; 1; 0
9298; 20; 0; 0; 0,999949677765348; 0,999949677765348; 1; 0; 1; 0
9313; 13; 0; 0; 0,999917373343418; 0,999917373343418; 1; 0; 1; 0
9314; 19; 0; 0; 0,998667523540652; 0,998667523540652; 1; 0; 1; 0
9331; 20; 0; 0; 1; 1; 1; 0; 1; 0
9332; 10; 0; 2; 0,662373435105251; 0,0554723410067289; 0; 1; 0; 1
9355; 17; 0; 0; 0,997551519872459; 0,997551519872459; 1; 0; 1; 0
9371; 2; 0; 0; 0,999945927623171; 0,999945927623171; 1; 0; 1; 0
9389; 2; 0; 0; 0,935195046179028; 0,935195046179028; 1; 0; 1; 0
9394; 16; 0; 0; 0,998859822757168; 0,998859822757168; 1; 0; 1; 0
9403; 13; 0; 0; 0,988024478229968; 0,988024478229968; 1; 0; 1; 0
9415; 2; 1; 1; 0,522985606129889; 0,522985606129889; 0; 1; 0; 1
9419; 2; 0; 1; 0,508888610276064; 0,491111389723935; 0; 1; 0; 1
9421; 20; 0; 0; 1; 1; 1; 0; 1; 0
9423; 2; 0; 0; 0,984769362442257; 0,984769362442257; 1; 0; 1; 0
9446; 2; 0; 1; 0,552060444084655; 0,447939555915345; 0; 0; 0,332032239591889; 0,667967760408111
9450; 3; 0; 0; 0,390820524502737; 0,390820524502737; 1; 0; 1; 0
9451; 19; 0; 0; 0,999359120612598; 0,999359120612598; 1; 0; 1; 0
9456; 10; 0; 1; 0,527024595568473; 0,247692648625339; 0; 1; 0; 1
9462; 16; 0; 0; 0,998763160240196; 0,998763160240196; 1; 0; 1; 0
9464; 2; 0; 0; 0,826328709413539; 0,826328709413539; 1; 0; 1; 0
9472; 19; 0; 0; 0,396880917540016; 0,396880917540016; 1; 0; 1; 0
9495; 10; 1; 0; 0,370966848400234; 0,258451231670249; 1; 0; 1; 0
9509; 10; 0; 0; 0,999999713202025; 0,999999713202025; 1; 0; 1; 0
9523; 10; 2; 1; 0,536521427982964; 0,351845845542889; 0; 0; 0,250781242289067; 0,749218757710932
9526; 10; 0; 0; 0,985832687915828; 0,985832687915828; 1; 0; 1; 0
9536; 23; 0; 0; 0,999038032645177; 0,999038032645177; 1; 0; 1; 0
9554; 16; 0; 0; 0,998859822757168; 0,998859822757168; 1; 0; 1; 0
9560; 18; 0; 0; 0,999935145341671; 0,999935145341671; 1; 0; 1; 0
9609; 2; 0; 1; 0,518660575993096; 0,481339424006904; 0; 1; 0; 1
9615; 2; 1; 1; 0,688650987879851; 0,688650987879851; 0; 0; 0,332596470775875; 0,667403529224125
9619; 13; 0; 0; 0,995579509292061; 0,995579509292061; 1; 0; 1; 0
9620; 10; 0; 0; 0,998312234481226; 0,998312234481226; 1; 0; 1; 0
9653; 16; 0; 0; 0,974544508446756; 0,974544508446756; 1; 0; 1; 0
9662; 16; 0; 0; 0,999960188719058; 0,999960188719058; 1; 0; 1; 0
9671; 2; 0; 1; 0,510297136930311; 0,489702863069689; 0; 0; 0,500338827293833; 0,499661172706167
9705; 16; 0; 0; 0,980082060313187; 0,980082060313187; 1; 0; 1; 0
9714; 10; 0; 0; 0,995358665692366; 0,995358665692366; 1; 0; 1; 0
9726; 18; 0; 0; 0,999994461935672; 0,999994461935672; 1; 0; 1; 0
9738; 19; 0; 0; 0,999633740827223; 0,999633740827223; 1; 0; 1; 0
9746; 10; 0; 0; 0,998316324692184; 0,998316324692184; 1; 0; 1; 0
9752; 2; 1; 1; 0,830568736079373; 0,830568736079373; 0; 0; 0,333430975862548; 0,666569024137453
9773; 18; 0; 0; 0,999977851035246; 0,999977851035246; 1; 0; 1; 0
9774; 16; 4; 0; 0,79174539422531; 0; 1; 0; 1; 0
9777; 19; 1; 1; 0,44178444654645; 0,44178444654645; 0; 0; 0,249209571837016; 0,750790428162984
9787; 21; 0; 0; 0,999605990657413; 0,999605990657413; 1; 0; 1; 0
9808; 160; 0; 0; 0,999608664069164; 0,999608664069164; 1; 0; 1; 0
9826; 4; 2; 1; 0,43846352562564; 0,106509938556503; 0; 0; 0,60012921197028; 0,39987078802972
9834; 32; 0; 0; 0,58466450119043; 0,58466450119043; 1; 0; 1; 0
9837; 2; 1; 0; 0,606172563474194; 0,393827436525806; 1; 0; 1; 0
9841; 3; 0; 0; 0,78063514714169; 0,78063514714169; 1; 0; 1; 0
9842; 16; 0; 0; 0,999378583072606; 0,999378583072606; 1; 0; 1; 0
9849; 2; 1; 0; 0,507098557511934; 0,492901442488066; 1; 0; 1; 0
9881; 170; 0; 0; 0,713607064255581; 0,713607064255581; 1; 0; 1; 0
9882; 10; 0; 0; 0,42873915857206; 0,42873915857206; 1; 0; 1; 0
9913; 2; 1; 0; 0,58144993585449; 0,41855006414551; 1; 0; 1; 0
9923; 13; 0; 0; 0,988450745170786; 0,988450745170786; 1; 0; 1; 0
9928; 16; 0; 0; 0,999956153851435; 0,999956153851435; 1; 0; 1; 0
9932; 2; 1; 0; 0,737466465150395; 0,262533534849605; 1; 0; 1; 0
9940; 2; 1; 0; 0,627744446426394; 0,372255553573606; 1; 0; 1; 0
9942; 19; 0; 0; 0,428752185375335; 0,428752185375335; 1; 0; 1; 0
9953; 19; 0; 0; 0,617996374803351; 0,617996374803351; 1; 0; 1; 0
9981; 10; 0; 0; 0,562618789109428; 0,562618789109428; 1; 0; 1; 0
9987; 19; 0; 0; 0,999994944152014; 0,999994944152014; 1; 0; 1; 0
9995; 2; 0; 0; 0,587365210487962; 0,587365210487962; 1; 0; 1; 0
10018; 2; 0; 1; 0,582021562695399; 0,417978437304601; 0; 1; 0; 1
10022; 2; 0; 1; 0,62699071176255; 0,37300928823745; 0; 1; 0; 1
10049; 19; 0; 0; 0,494507881277849; 0,494507881277849; 1; 0; 1; 0
10057; 20; 0; 0; 0,998870734673361; 0,998870734673361; 1; 0; 1; 0
10058; 3; 1; 1; 0,375762886851062; 0,375762886851062; 0; 0; 0,499610192640042; 0,500389807359958
10084; 19; 0; 0; 0,977755391416018; 0,977755391416018; 1; 0; 1; 0
10119; 10; 1; 0; 0,467089747563229; 0,329517738414208; 1; 0; 1; 0
10124; 2; 1; 0; 0,816494977631561; 0,183505022368439; 1; 0; 1; 0
10131; 3; 0; 0; 0,357793958573137; 0,357793958573137; 1; 0; 1; 0
10133; 2; 0; 0; 0,999650087278591; 0,999650087278591; 1; 0; 1; 0
10135; 2; 1; 0; 0,627895896572154; 0,372104103427846; 1; 0; 1; 0
10157; 11; 0; 0; 0,886353967353207; 0,886353967353207; 1; 0; 1; 0
10161; 3; 0; 1; 0,520251459030416; 0,407345547207513; 0; 0; 0,334175033414952; 0,665824966585048
10172; 10; 0; 0; 0,998122588822902; 0,998122588822902; 1; 0; 1; 0
10175; 2; 1; 0; 0,530266315482289; 0,469733684517711; 1; 0; 1; 0
10193; 13; 0; 0; 0,998885180974162; 0,998885180974162; 1; 0; 1; 0
10199; 10; 0; 0; 0,9981359587091; 0,9981359587091; 1; 0; 1; 0
10200; 10; 0; 0; 0,987487811024661; 0,987487811024661; 1; 0; 1; 0
10211; 2; 1; 1; 0,533506369021986; 0,533506369021986; 0; 1; 0; 1
10221; 3; 1; 1; 0,409945424133284; 0,409945424133284; 0; 0; 0,334208340751588; 0,665791659248412
10223; 160; 0; 0; 0,955949164601194; 0,955949164601194; 1; 0; 1; 0
10227; 2; 0; 0; 0,986237884901019; 0,986237884901019; 1; 0; 1; 0
10233; 2; 0; 0; 0,999997329754397; 0,999997329754397; 1; 0; 1; 0
10237; 16; 0; 0; 0,989440643453989; 0,989440643453989; 1; 0; 1; 0
10239; 20; 0; 0; 0,998951342164961; 0,998951342164961; 1; 0; 1; 0
10242; 18; 0; 0; 0,883987413325085; 0,883987413325085; 1; 0; 1; 0
10249; 20; 0; 0; 0,95814381613728; 0,95814381613728; 1; 0; 1; 0
10298; 10; 0; 0; 0,997779360990505; 0,997779360990505; 1; 0; 1; 0
10309; 18; 0; 0; 0,999995782572505; 0,999995782572505; 1; 0; 1; 0
10313; 19; 0; 0; 0,999947159802301; 0,999947159802301; 1; 0; 1; 0
10333; 2; 1; 0; 0,765127097884992; 0,234872902115008; 1; 0; 1; 0
10363; 21; 0; 0; 0,999978316510297; 0,999978316510297; 1; 0; 1; 0
10385; 10; 0; 0; 0,999829575488899; 0,999829575488899; 1; 0; 1; 0
10387; 2; 0; 0; 0,605287262407774; 0,605287262407774; 1; 0; 1; 0
10390; 2; 1; 1; 0,835103961982562; 0,835103961982562; 0; 0; 0,332267532977796; 0,667732467022204
10411; 342; 0; 0; 0,999641356168172; 0,999641356168172; 1; 0; 1; 0
10427; 10; 0; 0; 0,999628159029712; 0,999628159029712; 1; 0; 1; 0
10431; 10; 0; 0; 0,99943427764724; 0,99943427764724; 1; 0; 1; 0
10438; 13; 0; 0; 0,854825436970584; 0,854825436970584; 1; 0; 1; 0
10440; 19; 0; 0; 0,990336244763153; 0,990336244763153; 1; 0; 1; 0
10442; 10; 0; 0; 0,999825769099601; 0,999825769099601; 1; 0; 1; 0
10453; 21; 0; 0; 0,999870782406833; 0,999870782406833; 1; 0; 1; 0
10454; 19; 0; 0; 0,966747370541157; 0,966747370541157; 1; 0; 1; 0
10487; 2; 1; 0; 0,508278105035784; 0,491721894964215; 1; 0; 1; 0
10494; 19; 0; 0; 0,998977155311291; 0,998977155311291; 1; 0; 1; 0
10503; 2; 0; 0; 0,949761020127444; 0,949761020127444; 1; 0; 1; 0
10508; 2; 0; 1; 0,660103631092098; 0,339896368907902; 0; 0; 0,333918879743881; 0,666081120256119
10528; 20; 0; 0; 0,999992293755992; 0,999992293755992; 1; 0; 1; 0
10544; 2; 1; 1; 0,63225370188043; 0,63225370188043; 0; 0; 0,499612509827923; 0,500387490172077
10558; 2; 1; 1; 0,511187607586968; 0,511187607586968; 0; 0; 0,500461757218196; 0,499538242781804
10564; 2; 1; 1; 0,995112521874096; 0,995112521874096; 0; 0; 0,334384756660017; 0,665615243339983
10575; 19; 0; 0; 0,999982807206403; 0,999982807206403; 1; 0; 1; 0
10576; 18; 0; 0; 0,999885275332553; 0,999885275332553; 1; 0; 1; 0
10579; 13; 0; 0; 0,993436002904876; 0,993436002904876; 1; 0; 1; 0
10580; 10; 2; 0; 0,759739238158697; 0,122761093486626; 1; 0; 1; 0
10602; 2; 0; 0; 0,999238075106337; 0,999238075106337; 1; 0; 1; 0
10609; 2; 1; 0; 0,60176811938231; 0,39823188061769; 1; 0; 1; 0
10613; 13; 0; 0; 0,99872729720843; 0,99872729720843; 1; 0; 1; 0
10618; 19; 0; 0; 0,998921176908753; 0,998921176908753; 1; 0; 1; 0
10641; 10; 0; 0; 0,999554534688979; 0,999554534688979; 1; 0; 1; 0
10645; 2; 0; 1; 0,544232156126394; 0,455767843873605; 0; 0; 0,332596470775875; 0,667403529224125
10662; 19; 0; 0; 0,999475938914742; 0,999475938914742; 1; 0; 1; 0
10677; 20; 0; 0; 0,968448706617038; 0,968448706617038; 1; 0; 1; 0
10678; 10; 0; 0; 0,350124054030134; 0,350124054030134; 1; 0; 1; 0
10687; 18; 0; 0; 0,999999315883324; 0,999999315883324; 1; 0; 1; 0
10694; 32; 4; 0; 0,399305041597382; 0; 1; 0; 1; 0
10699; 2; 1; 1; 0,584888839805732; 0,584888839805732; 0; 1; 0; 1
10709; 19; 2; 0; 0,353338876715714; 0,297505506375532; 1; 0; 1; 0
10714; 2; 1; 1; 0,561257921854359; 0,561257921854359; 0; 1; 0; 1
10731; 10; 2; 0; 0,792581089312215; 0,11889988660695; 1; 0; 1; 0
10758; 10; 0; 0; 0,999978668670021; 0,999978668670021; 1; 0; 1; 0
10767; 10; 2; 0; 0,608705229047304; 0,271868497662668; 1; 0; 1; 0
10771; 10; 0; 0; 0,999978412446842; 0,999978412446842; 1; 0; 1; 0
10777; 2; 0; 0; 0,750032349108314; 0,750032349108314; 1; 0; 1; 0
10830; 10; 0; 0; 0,999233637037623; 0,999233637037623; 1; 0; 1; 0
10852; 19; 0; 0; 0,999863527810596; 0,999863527810596; 1; 0; 1; 0
10863; 20; 0; 0; 0,964637796769852; 0,964637796769852; 1; 0; 1; 0
10868; 2; 0; 0; 0,510166235040847; 0,510166235040847; 1; 0; 1; 0
10872; 13; 0; 0; 0,999982679739446; 0,999982679739446; 1; 0; 1; 0
10883; 13; 0; 0; 0,999830788068664; 0,999830788068664; 1; 0; 1; 0
10909; 16; 0; 0; 0,989747901794814; 0,989747901794814; 1; 0; 1; 0
10919; 2; 1; 1; 0,649474347378689; 0,649474347378689; 0; 0; 0,332596470775875; 0,667403529224125
10921; 2; 1; 1; 1; 1; 0; 0; 0,3333415426568; 0,6666584573432
10934; 10; 0; 0; 0,999863199384961; 0,999863199384961; 1; 0; 1; 0
10953; 10; 0; 0; 0,999385238860567; 0,999385238860567; 1; 0; 1; 0
10975; 10; 0; 0; 0,641480435973602; 0,641480435973602; 1; 0; 1; 0
10984; 2; 0; 0; 0,552449514782473; 0,552449514782473; 1; 0; 1; 0
11009; 2; 0; 0; 0,999554388834404; 0,999554388834404; 1; 0; 1; 0
11020; 10; 0; 0; 0,576177843569177; 0,576177843569177; 1; 0; 1; 0
11025; 18; 0; 0; 0,999931292607681; 0,999931292607681; 1; 0; 1; 0
11028; 18; 0; 0; 0,836511892809242; 0,836511892809242; 1; 0; 1; 0
11032; 2; 0; 0; 0,55851362568473; 0,55851362568473; 1; 0; 1; 0
11044; 2; 1; 0; 0,541383450831369; 0,458616549168632; 1; 0; 1; 0
11050; 2; 0; 0; 0,781029080336984; 0,781029080336984; 1; 0; 1; 0
11055; 2; 1; 1; 0,519330126731538; 0,519330126731538; 0; 0; 0,334208340751588; 0,665791659248412
11097; 19; 0; 0; 0,997740004174533; 0,997740004174533; 1; 0; 1; 0
11119; 19; 0; 0; 0,998617506722607; 0,998617506722607; 1; 0; 1; 0
11130; 10; 1; 0; 0,353956589888258; 0,172267616918034; 1; 0; 1; 0
11138; 2; 0; 0; 0,998090815672013; 0,998090815672013; 1; 0; 1; 0
11158; 2; 1; 1; 0,555027315949621; 0,555027315949621; 0; 0; 0,500338827293833; 0,499661172706167
11170; 20; 0; 0; 0,93634918277143; 0,93634918277143; 1; 0; 1; 0
11172; 20; 0; 0; 0,888144129663682; 0,888144129663682; 1; 0; 1; 0
11229; 2; 1; 1; 0,991072854931597; 0,991072854931597; 0; 1; 0; 1
11251; 23; 0; 0; 0,999685926982645; 0,999685926982645; 1; 0; 1; 0
11255; 10; 0; 0; 0,99998787886781; 0,99998787886781; 1; 0; 1; 0
11295; 20; 0; 0; 0,998572258840938; 0,998572258840938; 1; 0; 1; 0
11306; 2; 1; 1; 0,582238446652568; 0,582238446652568; 0; 0; 0,499214513767447; 0,500785486232553
11317; 2; 1; 0; 1; 0; 1; 0; 1; 0
11320; 16; 0; 0; 0,939749802222785; 0,939749802222785; 1; 0; 1; 0
11329; 361; 0; 0; 0,999770462403075; 0,999770462403075; 1; 0; 1; 0
11352; 19; 0; 0; 0,983958178350556; 0,983958178350556; 1; 0; 1; 0
11365; 17; 0; 0; 0,672406256745265; 0,672406256745265; 1; 0; 1; 0
11366; 2; 1; 1; 0,519268966599127; 0,519268966599127; 0; 1; 0; 1
11373; 22; 0; 0; 0,615258052994369; 0,615258052994369; 1; 0; 1; 0
11379; 10; 0; 0; 1; 1; 1; 0; 1; 0
11381; 20; 0; 0; 0,999769250583378; 0,999769250583378; 1; 0; 1; 0
11406; 19; 0; 0; 0,999804360080188; 0,999804360080188; 1; 0; 1; 0
11412; 2; 0; 0; 0,999815359838272; 0,999815359838272; 1; 0; 1; 0
11414; 2; 1; 0; 0,548128575862909; 0,451871424137091; 1; 0; 1; 0
11425; 2; 0; 1; 0,523935500016571; 0,476064499983429; 0; 1; 0; 1
11453; 19; 0; 0; 0,999982963510204; 0,999982963510204; 1; 0; 1; 0
11473; 19; 0; 0; 0,433413154654298; 0,433413154654298; 1; 0; 1; 0
11479; 10; 0; 0; 0,997959283565167; 0,997959283565167; 1; 0; 1; 0
11485; 20; 0; 0; 0,917939318636957; 0,917939318636957; 1; 0; 1; 0
11508; 2; 1; 0; 0,998294996806123; 0,00170500319387664; 1; 0; 1; 0
11512; 18; 0; 0; 0,999915457064714; 0,999915457064714; 1; 0; 1; 0
11513; 17; 0; 0; 0,79590578710141; 0,79590578710141; 1; 0; 1; 0
11522; 19; 0; 0; 0,968775867509718; 0,968775867509718; 1; 0; 1; 0
11528; 10; 0; 0; 0,998127808339531; 0,998127808339531; 1; 0; 1; 0
11534; 13; 0; 0; 0,999919066211663; 0,999919066211663; 1; 0; 1; 0
11547; 13; 0; 0; 0,999981681184701; 0,999981681184701; 1; 0; 1; 0
11555; 19; 0; 0; 0,999927849444303; 0,999927849444303; 1; 0; 1; 0
11556; 10; 0; 0; 0,996498187520702; 0,996498187520702; 1; 0; 1; 0
11573; 2; 1; 1; 0,556441168042225; 0,556441168042225; 0; 1; 0; 1
11601; 19; 0; 0; 0,90394375727653; 0,90394375727653; 1; 0; 1; 0
11603; 16; 2; 0; 0,26342195945643; 0,0997992927175053; 1; 0; 1; 0
11613; 4; 0; 1; 0,479571429519348; 0,0979443312569008; 0; 0; 0,500337961834107; 0,499662038165893
11638; 19; 0; 0; 0,999904148659914; 0,999904148659914; 1; 0; 1; 0
11655; 2; 1; 1; 0,890110283775519; 0,890110283775519; 0; 1; 0; 1
11663; 4; 1; 2; 0,280169378618469; 0,221493669912836; 0; 0; 0,499743375414072; 0,500256624585928
11666; 13; 0; 0; 0,688071659293139; 0,688071659293139; 1; 0; 1; 0
11685; 304; 0; 0; 0,93688678817452; 0,93688678817452; 1; 0; 1; 0
11697; 2; 1; 0; 0,534376215445716; 0,465623784554284; 1; 0; 1; 0
11703; 2; 0; 0; 0,998796928553214; 0,998796928553214; 1; 0; 1; 0
11724; 19; 0; 0; 0,999999652691015; 0,999999652691015; 1; 0; 1; 0
11729; 18; 0; 0; 0,594192157249516; 0,594192157249516; 1; 0; 1; 0
11737; 2; 1; 0; 1; 0; 1; 0; 1; 0
11754; 20; 0; 0; 0,932222410296888; 0,932222410296888; 1; 0; 1; 0
11810; 13; 0; 0; 0,901950623188111; 0,901950623188111; 1; 0; 1; 0
11816; 13; 0; 0; 0,517480966575175; 0,517480966575175; 1; 0; 1; 0
11848; 2; 1; 1; 0,566546511203903; 0,566546511203903; 0; 0; 0,249787733109149; 0,750212266890851
11866; 2; 0; 0; 0,593703988587811; 0,593703988587811; 1; 0; 1; 0
11868; 10; 0; 0; 0,992296303672971; 0,992296303672971; 1; 0; 1; 0
11888; 2; 1; 1; 0,717340842576474; 0,717340842576474; 0; 1; 0; 1
11910; 2; 0; 0; 0,625797675510151; 0,625797675510151; 1; 0; 1; 0
11929; 10; 0; 0; 1; 1; 1; 0; 1; 0
11935; 19; 0; 0; 0,999905484413524; 0,999905484413524; 1; 0; 1; 0
11942; 2; 0; 0; 0,999993126364655; 0,999993126364655; 1; 0; 1; 0
11949; 17; 0; 0; 0,964129236149223; 0,964129236149223; 1; 0; 1; 0
11967; 10; 0; 0; 0,998894457650416; 0,998894457650416; 1; 0; 1; 0
11968; 10; 0; 0; 0,987097345019274; 0,987097345019274; 1; 0; 1; 0
11973; 2; 1; 1; 0,500000083048614; 0,500000083048614; 0; 0; 0,500338827293833; 0,499661172706167
11980; 10; 0; 0; 0,999086610830554; 0,999086610830554; 1; 0; 1; 0
11987; 2; 0; 0; 1; 1; 1; 0; 1; 0
12005; 20; 0; 0; 0,977925678441957; 0,977925678441957; 1; 0; 1; 0
12014; 19; 0; 0; 0,999773991118676; 0,999773991118676; 1; 0; 1; 0
12020; 2; 1; 0; 0,532160825832868; 0,467839174167132; 1; 0; 1; 0
12024; 10; 0; 0; 0,999992845335784; 0,999992845335784; 1; 0; 1; 0
12082; 18; 0; 0; 0,999385270227035; 0,999385270227035; 1; 0; 1; 0
12101; 18; 0; 0; 0,958192061779854; 0,958192061779854; 1; 0; 1; 0
12105; 2; 0; 0; 0,981699166782689; 0,981699166782689; 1; 0; 1; 0
12113; 2; 0; 0; 0,759629110450961; 0,759629110450961; 1; 0; 1; 0
12137; 20; 0; 0; 0,999988235612096; 0,999988235612096; 1; 0; 1; 0
12160; 22; 0; 0; 0,999883045166012; 0,999883045166012; 1; 0; 1; 0
12162; 20; 0; 0; 0,999852426612076; 0,999852426612076; 1; 0; 1; 0
12163; 15; 0; 0; 0,41245971354298; 0,41245971354298; 1; 0; 1; 0
12181; 150; 0; 0; 0,855602129134021; 0,855602129134021; 1; 0; 1; 0
12195; 10; 0; 0; 0,999983277621498; 0,999983277621498; 1; 0; 1; 0
12214; 2; 1; 0; 0,580228921119392; 0,419771078880608; 1; 0; 1; 0
12216; 32; 3; 0; 0,176912408047305; 0,00848580753674969; 1; 0; 1; 0
12223; 16; 3; 6; 0,198396001325598; 0,178810744032317; 0; 1; 0; 1
12228; 2; 1; 1; 0,979573599305885; 0,979573599305885; 0; 0; 0,334791303513529; 0,665208696486471
12248; 20; 0; 0; 0,999991387172351; 0,999991387172351; 1; 0; 1; 0
12255; 22; 0; 0; 0,99935659272651; 0,99935659272651; 1; 0; 1; 0
12258; 19; 0; 0; 0,999908059994356; 0,999908059994356; 1; 0; 1; 0
12273; 2; 0; 0; 0,999984661119023; 0,999984661119023; 1; 0; 1; 0
12294; 2; 0; 1; 0,670408027602817; 0,329591972397183; 0; 0; 0,500461757218196; 0,499538242781804
12301; 2; 0; 0; 0,64582864915758; 0,64582864915758; 1; 0; 1; 0
12305; 21; 0; 0; 0,999712188955106; 0,999712188955106; 1; 0; 1; 0
12315; 16; 6; 3; 0,244145933873856; 0,225342174512093; 0; 0; 0,499548856822914; 0,500451143177086
12325; 2; 0; 0; 0,549251294461084; 0,549251294461084; 1; 0; 1; 0
12345; 3; 2; 2; 1; 1; 0; 0; 0,249836158183357; 0,750163841816643
12348; 19; 0; 0; 0,702750346659533; 0,702750346659533; 1; 0; 1; 0
12365; 342; 0; 0; 0,999975876754162; 0,999975876754162; 1; 0; 1; 0
12372; 19; 0; 0; 0,855753665127853; 0,855753665127853; 1; 0; 1; 0
12383; 23; 0; 0; 0,79836826008152; 0,79836826008152; 1; 0; 1; 0
12393; 19; 0; 0; 1; 1; 1; 0; 1; 0
12400; 16; 0; 0; 0,999998854547159; 0,999998854547159; 1; 0; 1; 0
12427; 2; 1; 1; 0,950956235052556; 0,950956235052556; 0; 0; 0,334832981070151; 0,665167018929849
12431; 19; 0; 0; 0,896773562100912; 0,896773562100912; 1; 0; 1; 0
12434; 3; 2; 2; 1; 1; 0; 0; 0,249836158183357; 0,750163841816643
12437; 10; 0; 0; 0,999999687429851; 0,999999687429851; 1; 0; 1; 0
12445; 13; 0; 0; 0,726032507517411; 0,726032507517411; 1; 0; 1; 0
12446; 19; 0; 0; 0,894720116000078; 0,894720116000078; 1; 0; 1; 0
12453; 16; 1; 0; 0,25820848178098; 0; 1; 0; 1; 0
12462; 16; 1; 0; 0,286644817154388; 0; 1; 0; 1; 0
12486; 19; 0; 0; 0,431662549881386; 0,431662549881386; 1; 0; 1; 0
12489; 170; 0; 0; 0,909532637096454; 0,909532637096454; 1; 0; 1; 0
12497; 17; 3; 0; 0,285025498216363; 0,144177986534297; 1; 0; 1; 0
12513; 16; 0; 0; 0,99988938928579; 0,99988938928579; 1; 0; 1; 0
12514; 15; 0; 0; 0,901384021765649; 0,901384021765649; 1; 0; 1; 0
12535; 2; 1; 1; 0,979962759720381; 0,979962759720381; 0; 0; 0,251037880566943; 0,748962119433057
12541; 16; 0; 0; 0,991180299019143; 0,991180299019143; 1; 0; 1; 0
12551; 16; 0; 0; 0,998462142450154; 0,998462142450154; 1; 0; 1; 0
12552; 10; 2; 2; 0,296520333533528; 0,296520333533528; 0; 0; 0,499619597261387; 0,500380402738613
12556; 16; 0; 0; 0,999829349714294; 0,999829349714294; 1; 0; 1; 0
12568; 10; 0; 0; 0,998856060683196; 0,998856060683196; 1; 0; 1; 0
12582; 21; 0; 0; 0,922896548068535; 0,922896548068535; 1; 0; 1; 0
12583; 2; 0; 1; 0,713708321309416; 0,286291678690584; 0; 0; 0,332032239591889; 0,667967760408111
12593; 22; 0; 0; 0,999844712412836; 0,999844712412836; 1; 0; 1; 0
12595; 17; 0; 0; 0,524291920943994; 0,524291920943994; 1; 0; 1; 0
12625; 36; 0; 0; 0,999945743750396; 0,999945743750396; 1; 0; 1; 0
12639; 2; 1; 0; 0,566706491542223; 0,433293508457777; 1; 0; 1; 0
12642; 2; 0; 0; 0,50057936480316; 0,50057936480316; 1; 0; 1; 0
12652; 2; 1; 0; 0,59419026302167; 0,40580973697833; 1; 0; 1; 0
12670; 3; 2; 2; 1; 1; 0; 0; 0,249836158183357; 0,750163841816643
12685; 2; 1; 1; 0,662667129296149; 0,662667129296149; 0; 0; 0,501026641301289; 0,498973358698711
12726; 19; 0; 0; 0,999306633159239; 0,999306633159239; 1; 0; 1; 0
12745; 19; 0; 0; 0,999974847822893; 0,999974847822893; 1; 0; 1; 0
12780; 342; 0; 0; 0,946694113533048; 0,946694113533048; 1; 0; 1; 0
12804; 2; 1; 1; 0,996702572992491; 0,996702572992491; 0; 0; 0,599288829618811; 0,400711170381189
12813; 18; 0; 0; 0,78018730914708; 0,78018730914708; 1; 0; 1; 0
12840; 10; 2; 0; 0,431101463072609; 0,383371510968725; 1; 0; 1; 0
12850; 2; 1; 1; 1; 1; 0; 1; 0; 1
12874; 17; 0; 0; 0,811403168352964; 0,811403168352964; 1; 0; 1; 0
12879; 18; 0; 0; 0,320530251354858; 0,320530251354858; 1; 0; 1; 0
12911; 16; 0; 0; 1; 1; 1; 0; 1; 0
12963; 4; 0; 0; 0,677932794286183; 0,677932794286183; 1; 0; 1; 0
12993; 17; 1; 0; 0,239524820105043; 0; 1; 0; 1; 0
13029; 21; 0; 0; 0,991780208073444; 0,991780208073444; 1; 0; 1; 0
13047; 2; 0; 0; 0,607270126894958; 0,607270126894958; 1; 0; 1; 0
13055; 10; 0; 0; 0,910241382032737; 0,910241382032737; 1; 0; 1; 0
13058; 16; 0; 0; 0,997616931356187; 0,997616931356187; 1; 0; 1; 0
13075; 19; 0; 0; 0,999692572734959; 0,999692572734959; 1; 0; 1; 0
13086; 18; 0; 0; 0,379894668587956; 0,379894668587956; 1; 0; 1; 0
13091; 13; 0; 0; 0,70599770434055; 0,70599770434055; 1; 0; 1; 0
13098; 10; 0; 0; 0,665237527775348; 0,665237527775348; 1; 0; 1; 0
13099; 10; 0; 0; 0,999997617754295; 0,999997617754295; 1; 0; 1; 0
13108; 16; 0; 0; 0,99781461306037; 0,99781461306037; 1; 0; 1; 0
13112; 342; 0; 0; 0,719872515670775; 0,719872515670775; 1; 0; 1; 0
13121; 19; 0; 0; 0,999978187460883; 0,999978187460883; 1; 0; 1; 0
13150; 2; 0; 0; 0,991875567007191; 0,991875567007191; 1; 0; 1; 0
13151; 25; 2; 1; 0,342577763127356; 0,0861673092209817; 0; 0; 0,248243774845419; 0,751756225154581
13170; 2; 1; 1; 0,572537045031291; 0,572537045031291; 0; 0; 0,331582898370668; 0,668417101629332
13175; 2; 0; 0; 0,879944726854192; 0,879944726854192; 1; 0; 1; 0
13179; 10; 0; 0; 0,99979828836222; 0,99979828836222; 1; 0; 1; 0
13192; 2; 1; 0; 0,501352936875507; 0,498647063124493; 1; 0; 1; 0
13209; 10; 0; 0; 0,999969125964178; 0,999969125964178; 1; 0; 1; 0
13212; 18; 0; 0; 0,999966697691181; 0,999966697691181; 1; 0; 1; 0
13214; 2; 0; 0; 0,748134887619859; 0,748134887619859; 1; 0; 1; 0
13216; 2; 0; 0; 0,779375031053658; 0,779375031053658; 1; 0; 1; 0
13221; 10; 0; 0; 0,937326865553329; 0,937326865553329; 1; 0; 1; 0
13303; 2; 0; 0; 0,724601613506909; 0,724601613506909; 1; 0; 1; 0
13325; 21; 0; 0; 0,999954562147629; 0,999954562147629; 1; 0; 1; 0
13346; 2; 1; 1; 1; 1; 0; 1; 0; 1
13350; 10; 0; 0; 1; 1; 1; 0; 1; 0
13357; 20; 0; 0; 0,944119526972248; 0,944119526972248; 1; 0; 1; 0
13363; 10; 0; 0; 0,999997804711515; 0,999997804711515; 1; 0; 1; 0
13370; 16; 1; 0; 0,36366262510644; 0,00507902879532882; 1; 0; 1; 0
13373; 2; 0; 0; 0,991305305281954; 0,991305305281954; 1; 0; 1; 0
13378; 13; 0; 0; 0,797477740541061; 0,797477740541061; 1; 0; 1; 0
13395; 23; 0; 0; 0,999596741627883; 0,999596741627883; 1; 0; 1; 0
13400; 3; 1; 0; 0,536362257325339; 0,430083320037017; 1; 0; 1; 0
13405; 2; 0; 0; 0,682501153745801; 0,682501153745801; 1; 0; 1; 0
13422; 2; 1; 1; 0,959195921795584; 0,959195921795584; 0; 0; 0,3333415426568; 0,6666584573432
13424; 10; 2; 0; 0,372319194522196; 0,321904058149649; 1; 0; 1; 0
13426; 2; 1; 1; 1; 1; 0; 0; 0,333918879743881; 0,666081120256119
13433; 21; 0; 0; 0,98549633863383; 0,98549633863383; 1; 0; 1; 0
13441; 2; 1; 1; 1; 1; 0; 0; 0,500256624585928; 0,499743375414072
13445; 13; 0; 0; 0,874255251688597; 0,874255251688597; 1; 0; 1; 0
13469; 20; 0; 0; 0,788857730761891; 0,788857730761891; 1; 0; 1; 0
13490; 21; 0; 0; 0,417715999603406; 0,417715999603406; 1; 0; 1; 0
13497; 20; 0; 0; 0,543134385883805; 0,543134385883805; 1; 0; 1; 0
13503; 2; 1; 1; 0,584743922164265; 0,584743922164265; 0; 1; 0; 1
13510; 13; 0; 0; 0,879136842050193; 0,879136842050193; 1; 0; 1; 0
13515; 16; 4; 0; 0,644278585086545; 0; 1; 0; 1; 0
13571; 10; 0; 0; 0,936515371374182; 0,936515371374182; 1; 0; 1; 0
13597; 13; 0; 0; 0,981510349236037; 0,981510349236037; 1; 0; 1; 0
13614; 2; 0; 0; 0,999641578463816; 0,999641578463816; 1; 0; 1; 0
13633; 2; 0; 0; 0,998812537611421; 0,998812537611421; 1; 0; 1; 0
13645; 2; 0; 1; 0,59626260477618; 0,40373739522382; 0; 0; 0,250758534807926; 0,749241465192074
13653; 20; 0; 0; 0,615854627500896; 0,615854627500896; 1; 0; 1; 0
13684; 18; 0; 0; 0,968675333821622; 0,968675333821622; 1; 0; 1; 0
13689; 20; 0; 0; 0,93947128694698; 0,93947128694698; 1; 0; 1; 0
13690; 16; 4; 0; 0,285908971800605; 0; 1; 0; 1; 0
13720; 19; 0; 0; 0,99997953072152; 0,99997953072152; 1; 0; 1; 0
13737; 10; 0; 0; 0,999917870970179; 0,999917870970179; 1; 0; 1; 0
13745; 2; 0; 0; 0,648078052010492; 0,648078052010492; 1; 0; 1; 0
13746; 342; 0; 0; 0,984068487391683; 0,984068487391683; 1; 0; 1; 0
13750; 20; 0; 0; 0,999659628624196; 0,999659628624196; 1; 0; 1; 0
13766; 19; 0; 0; 0,998520026408784; 0,998520026408784; 1; 0; 1; 0
13768; 2; 0; 0; 0,695805032701043; 0,695805032701043; 1; 0; 1; 0
13777; 2; 0; 0; 0,666818738805383; 0,666818738805383; 1; 0; 1; 0
13803; 3; 2; 2; 1; 1; 0; 0; 0,249836158183357; 0,750163841816643
13846; 2; 0; 0; 0,78729616034544; 0,78729616034544; 1; 0; 1; 0
13879; 2; 1; 0; 0,522506237299226; 0,477493762700774; 1; 0; 1; 0
13880; 19; 0; 0; 0,99937541663116; 0,99937541663116; 1; 0; 1; 0
13894; 19; 0; 0; 0,999911825804897; 0,999911825804897; 1; 0; 1; 0
13905; 19; 3; 0; 0,324270156191851; 0,176938367709882; 1; 0; 1; 0
13923; 2; 1; 1; 1; 1; 0; 0; 0,500401160657079; 0,499598839342921
13927; 361; 0; 0; 0,993966378455527; 0,993966378455527; 1; 0; 1; 0
13943; 2; 0; 1; 0,923844381830212; 0,0761556181697881; 0; 1; 0; 1
13951; 19; 0; 0; 0,505262640763915; 0,505262640763915; 1; 0; 1; 0
13985; 10; 0; 0; 1; 1; 1; 0; 1; 0
14020; 10; 0; 0; 0,997478185997984; 0,997478185997984; 1; 0; 1; 0
14022; 19; 0; 0; 0,997161518159557; 0,997161518159557; 1; 0; 1; 0
14029; 10; 3; 0; 0,332328893939815; 0; 1; 0; 1; 0
14032; 10; 0; 0; 0,999805306621351; 0,999805306621351; 1; 0; 1; 0
14071; 2; 1; 1; 1; 1; 0; 0; 0,333918879743881; 0,666081120256119
14072; 2; 0; 0; 0,636825239177668; 0,636825239177668; 1; 0; 1; 0
14079; 18; 0; 0; 0,994614158023628; 0,994614158023628; 1; 0; 1; 0
14080; 10; 0; 0; 0,999711268830234; 0,999711268830234; 1; 0; 1; 0
14104; 10; 0; 0; 1; 1; 1; 0; 1; 0
14108; 2; 0; 0; 0,842562626997281; 0,842562626997281; 1; 0; 1; 0
14112; 3; 0; 0; 0,491248181569194; 0,491248181569194; 1; 0; 1; 0
14126; 19; 0; 0; 0,997462173699022; 0,997462173699022; 1; 0; 1; 0
14128; 16; 0; 0; 0,993553413681603; 0,993553413681603; 1; 0; 1; 0
14139; 18; 0; 0; 1; 1; 1; 0; 1; 0
14143; 20; 1; 0; 0,309212137467853; 0; 1; 0; 1; 0
14195; 10; 0; 0; 1; 1; 1; 0; 1; 0
14201; 16; 0; 0; 0,999826387770595; 0,999826387770595; 1; 0; 1; 0
14214; 3; 2; 1; 0,352011383322637; 0,327255993929995; 0; 0; 0,49981868512858; 0,50018131487142
14218; 20; 0; 0; 0,793323610277664; 0,793323610277664; 1; 0; 1; 0
14219; 19; 0; 0; 1; 1; 1; 0; 1; 0
14225; 20; 0; 0; 0,504483136553261; 0,504483136553261; 1; 0; 1; 0
14247; 160; 0; 0; 0,999928542605993; 0,999928542605993; 1; 0; 1; 0
14256; 10; 1; 2; 0,6786600725308; 0,151725704654716; 0; 0; 0,500337961834107; 0,499662038165893
14291; 22; 0; 0; 0,999335102431051; 0,999335102431051; 1; 0; 1; 0
14305; 2; 1; 0; 0,527241884463902; 0,472758115536098; 1; 0; 1; 0
14311; 2; 1; 1; 0,616873714854108; 0,616873714854108; 0; 0; 0,333430975862548; 0,666569024137453
14324; 2; 0; 0; 0,614262209567898; 0,614262209567898; 1; 0; 1; 0
14326; 2; 1; 1; 0,904097780842178; 0,904097780842178; 0; 0; 0,500238465307494; 0,499761534692506
14332; 2; 0; 1; 0,70587832844345; 0,29412167155655; 0; 0; 0,251037880566943; 0,748962119433057
14333; 16; 0; 0; 0,972849935177913; 0,972849935177913; 1; 0; 1; 0
14347; 16; 0; 0; 0,980891261425012; 0,980891261425012; 1; 0; 1; 0
14350; 2; 0; 0; 0,796578508177655; 0,796578508177655; 1; 0; 1; 0
14365; 19; 0; 0; 0,998441385003003; 0,998441385003003; 1; 0; 1; 0
14370; 19; 0; 0; 0,999712191763208; 0,999712191763208; 1; 0; 1; 0
14371; 11; 0; 0; 0,468492960176999; 0,468492960176999; 1; 0; 1; 0
14383; 19; 0; 0; 0,9998895115777; 0,9998895115777; 1; 0; 1; 0
14390; 23; 0; 2; 0,816907761735652; 0,117737874104834; 0; 1; 0; 1
14431; 3; 0; 2; 0,396451857511717; 0,226957882856471; 0; 1; 0; 1
14444; 19; 0; 0; 0,999999193393118; 0,999999193393118; 1; 0; 1; 0
14445; 10; 0; 0; 1; 1; 1; 0; 1; 0
14451; 10; 0; 0; 1; 1; 1; 0; 1; 0
14457; 19; 0; 0; 1; 1; 1; 0; 1; 0
14463; 20; 0; 0; 0,999962030206769; 0,999962030206769; 1; 0; 1; 0
14468; 3; 1; 1; 0,609863423088051; 0,609863423088051; 0; 0; 0,334175033414952; 0,665824966585048
14477; 2; 0; 1; 0,647060781501074; 0,352939218498926; 0; 0; 0,500215875216579; 0,499784124783421
14491; 16; 0; 0; 0,999842370727791; 0,999842370727791; 1; 0; 1; 0
14495; 10; 0; 0; 0,999879158192449; 0,999879158192449; 1; 0; 1; 0
14508; 10; 0; 0; 0,999923513554971; 0,999923513554971; 1; 0; 1; 0
14524; 19; 0; 0; 0,99999461231625; 0,99999461231625; 1; 0; 1; 0
14535; 20; 0; 0; 0,99522497249443; 0,99522497249443; 1; 0; 1; 0
14539; 19; 0; 0; 1; 1; 1; 0; 1; 0
14545; 10; 0; 0; 0,999988878757917; 0,999988878757917; 1; 0; 1; 0
14555; 2; 1; 1; 0,654207117080846; 0,654207117080846; 0; 0; 0,500256624585928; 0,499743375414072
14562; 2; 1; 1; 0,93410326382111; 0,93410326382111; 0; 1; 0; 1
14569; 2; 0; 0; 0,928027432959544; 0,928027432959544; 1; 0; 1; 0
14573; 2; 0; 0; 0,67529638456123; 0,67529638456123; 1; 0; 1; 0
14576; 10; 0; 2; 0,827362240101463; 0,123528924352159; 0; 0; 0,500296553284424; 0,499703446715576
14586; 2; 0; 1; 0,855474040425282; 0,144525959574718; 0; 0; 0,500296553284424; 0,499703446715576
14618; 16; 0; 0; 0,999937489400889; 0,999937489400889; 1; 0; 1; 0
14632; 19; 0; 0; 1; 1; 1; 0; 1; 0
14634; 2; 0; 0; 0,749436546516333; 0,749436546516333; 1; 0; 1; 0
14643; 20; 0; 0; 0,999973406032769; 0,999973406032769; 1; 0; 1; 0
14649; 10; 0; 0; 1; 1; 1; 0; 1; 0
14650; 2; 0; 0; 1; 1; 1; 0; 1; 0
14656; 10; 0; 2; 0,90292277953773; 0,0577346153097684; 0; 0; 0,500296553284424; 0,499703446715576
14664; 10; 0; 0; 1; 1; 1; 0; 1; 0
14665; 20; 0; 0; 0,99999927411463; 0,99999927411463; 1; 0; 1; 0
14674; 10; 0; 0; 1; 1; 1; 0; 1; 0
14677; 20; 0; 0; 0,999814771110726; 0,999814771110726; 1; 0; 1; 0
14681; 10; 2; 0; 0,432865499492552; 0,267323290467456; 1; 0; 1; 0
14682; 20; 0; 0; 1; 1; 1; 0; 1; 0
14712; 2; 0; 0; 0,949876520266823; 0,949876520266823; 1; 0; 1; 0
14719; 19; 0; 0; 0,991530389482983; 0,991530389482983; 1; 0; 1; 0
14724; 160; 0; 0; 1; 1; 1; 0; 1; 0
14795; 2; 0; 0; 0,845437422883913; 0,845437422883913; 1; 0; 1; 0
14803; 2; 0; 1; 0,537597949585244; 0,462402050414756; 0; 1; 0; 1
14811; 16; 0; 1; 0,972554654080055; 0,00716739571736575; 0; 0; 0,666601566673139; 0,333398433326861
14827; 32; 30; 0; 0,0334379433697147; 0,0223079875760035; 1; 0; 1; 0
14833; 16; 0; 0; 0,999987696767173; 0,999987696767173; 1; 0; 1; 0
14838; 3; 0; 1; 0,466020349197743; 0,28962522811967; 0; 0; 0,499766539309253; 0,500233460690747
14852; 2; 0; 0; 1; 1; 1; 0; 1; 0
14858; 3; 2; 2; 0,457009909724068; 0,457009909724068; 0; 0; 0,249836158183357; 0,750163841816643
14867; 4; 0; 0; 0,680638358739011; 0,680638358739011; 1; 0; 1; 0
14872; 16; 0; 0; 0,999993821177474; 0,999993821177474; 1; 0; 1; 0
14875; 10; 0; 0; 0,996555771266387; 0,996555771266387; 1; 0; 1; 0
14893; 10; 0; 0; 1; 1; 1; 0; 1; 0
14917; 19; 1; 0; 0,533662239964235; 0,429576844677277; 1; 0; 1; 0
14919; 4; 2; 0; 0,376775508813288; 0,28374086391019; 1; 0; 1; 0
14922; 2; 1; 1; 0,637887014703137; 0,637887014703137; 0; 1; 0; 1
14931; 2; 1; 0; 0,500631807843206; 0,499368192156794; 1; 0; 1; 0
14954; 2; 1; 0; 0,515911349515604; 0,484088650484396; 1; 0; 1; 0
14958; 16; 0; 0; 0,997273439064385; 0,997273439064385; 1; 0; 1; 0
14972; 160; 0; 0; 0,542764628001884; 0,542764628001884; 1; 0; 1; 0
14973; 16; 0; 0; 1; 1; 1; 0; 1; 0
14978; 2; 0; 0; 0,573169510519431; 0,573169510519431; 1; 0; 1; 0
14979; 16; 0; 0; 1; 1; 1; 0; 1; 0
14980; 16; 0; 0; 0,999976126955501; 0,999976126955501; 1; 0; 1; 0
14996; 2; 1; 0; 0,526176041488443; 0,473823958511557; 1; 0; 1; 0
14998; 32; 16; 0; 0,528809296433716; 0,471190703566284; 1; 0; 1; 0
15010; 10; 0; 0; 0,981053362124482; 0,981053362124482; 1; 0; 1; 0
15018; 10; 0; 0; 0,999993347322926; 0,999993347322926; 1; 0; 1; 0
15019; 2; 0; 0; 1; 1; 1; 0; 1; 0
15032; 10; 0; 0; 1; 1; 1; 0; 1; 0
15037; 10; 0; 1; 0,743574385829686; 0; 0; 0; 0,249409700779955; 0,750590299220045
15038; 20; 0; 0; 0,999995262390427; 0,999995262390427; 1; 0; 1; 0
15041; 2; 0; 0; 0,751972445127085; 0,751972445127085; 1; 0; 1; 0
15042; 19; 2; 1; 0,443727261110757; 0,343409034069026; 0; 1; 0; 1
15050; 16; 0; 0; 1; 1; 1; 0; 1; 0
15057; 20; 0; 0; 0,999999830035714; 0,999999830035714; 1; 0; 1; 0
15060; 10; 0; 1; 0,744690389745445; 0; 0; 0; 0,249409700779955; 0,750590299220045
15063; 2; 0; 0; 0,629448415026946; 0,629448415026946; 1; 0; 1; 0
15067; 19; 1; 0; 0,562892208466009; 0,159885116306108; 1; 0; 1; 0
15071; 2; 1; 1; 0,728005305424611; 0,728005305424611; 0; 0; 0,332132797202093; 0,667867202797907
15078; 19; 0; 0; 0,999236053740751; 0,999236053740751; 1; 0; 1; 0
15083; 16; 0; 0; 1; 1; 1; 0; 1; 0
15086; 10; 0; 0; 0,997702420165601; 0,997702420165601; 1; 0; 1; 0
15090; 19; 4; 0; 0,263859746951791; 0,216643383048636; 1; 0; 1; 0
15111; 19; 16; 0; 0,0539249683054673; 0,0293505705015878; 1; 0; 1; 0
15115; 16; 0; 0; 0,968291457420805; 0,968291457420805; 1; 0; 1; 0
15127; 2; 1; 0; 0,500540215199522; 0,499459784800478; 1; 0; 1; 0
15134; 20; 0; 0; 0,999913228436628; 0,999913228436628; 1; 0; 1; 0
15142; 13; 0; 0; 1; 1; 1; 0; 1; 0
15144; 2; 0; 0; 1; 1; 1; 0; 1; 0
15148; 10; 0; 0; 1; 1; 1; 0; 1; 0
15165; 10; 0; 0; 1; 1; 1; 0; 1; 0
15166; 16; 0; 0; 0,999841648725533; 0,999841648725533; 1; 0; 1; 0
15174; 10; 0; 2; 0,36604116601754; 0,317231175126917; 0; 0; 0,499743375414072; 0,500256624585928
15182; 21; 0; 0; 0,96410934899108; 0,96410934899108; 1; 0; 1; 0
15185; 10; 0; 0; 1; 1; 1; 0; 1; 0
15187; 16; 0; 0; 1; 1; 1; 0; 1; 0
15194; 2; 0; 1; 0,509116290202292; 0,490883709797708; 0; 0; 0,500256624585928; 0,499743375414072
15213; 20; 0; 0; 0,99983342129685; 0,99983342129685; 1; 0; 1; 0
15216; 10; 0; 0; 1; 1; 1; 0; 1; 0
15217; 2; 0; 1; 0,52514887735943; 0,47485112264057; 0; 0; 0,333430975862548; 0,666569024137453
15224; 2; 0; 0; 0,55982932032931; 0,55982932032931; 1; 0; 1; 0
15254; 2; 0; 0; 1; 1; 1; 0; 1; 0
15272; 19; 0; 0; 0,999028644554241; 0,999028644554241; 1; 0; 1; 0
15281; 2; 1; 1; 0,594333609642323; 0,594333609642323; 0; 0; 0,332972855135825; 0,667027144864175
15283; 11; 0; 0; 1; 1; 1; 0; 1; 0
15284; 23; 0; 0; 1; 1; 1; 0; 1; 0
15286; 16; 0; 0; 1; 1; 1; 0; 1; 0
15287; 2; 1; 0; 0,500526772272708; 0,499473227727292; 1; 0; 1; 0
15288; 20; 0; 0; 1; 1; 1; 0; 1; 0
15295; 20; 0; 0; 1; 1; 1; 0; 1; 0
15299; 23; 0; 0; 0,99999542590118; 0,99999542590118; 1; 0; 1; 0
15302; 32; 16; 0; 0,526030144757466; 0,473969855242534; 1; 0; 1; 0
15311; 19; 0; 0; 1; 1; 1; 0; 1; 0
15317; 2; 0; 0; 0,71011488195455; 0,71011488195455; 1; 0; 1; 0
15325; 10; 1; 1; 0,376791972394146; 0,376791972394146; 0; 0; 0,33232712869403; 0,66767287130597
15339; 10; 0; 0; 1; 1; 1; 0; 1; 0
15385; 16; 0; 0; 1; 1; 1; 0; 1; 0
15393; 10; 0; 0; 0,954596624019077; 0,954596624019077; 1; 0; 1; 0
15394; 2; 1; 0; 0,758976546406029; 0,241023453593971; 1; 0; 1; 0
15419; 20; 0; 0; 1; 1; 1; 0; 1; 0
15424; 2; 1; 1; 1; 1; 0; 1; 0; 1
15431; 10; 0; 2; 0,210026617846466; 0,0894746249847991; 0; 0; 0,499743375414072; 0,500256624585928
15432; 18; 0; 0; 0,999993631217416; 0,999993631217416; 1; 0; 1; 0
15436; 2; 1; 0; 1; 0; 1; 0; 1; 0
15456; 19; 0; 0; 1; 1; 1; 0; 1; 0
15458; 160; 0; 0; 1; 1; 1; 0; 1; 0
15462; 16; 0; 0; 1; 1; 1; 0; 1; 0
15466; 16; 0; 0; 1; 1; 1; 0; 1; 0
15468; 2; 0; 1; 0,665101298217335; 0,334898701782665; 0; 1; 0; 1
15472; 19; 0; 0; 0,892456716259884; 0,892456716259884; 1; 0; 1; 0
15478; 2; 0; 1; 0,968359240518427; 0,0316407594815725; 0; 1; 0; 1
15485; 23; 0; 0; 0,999999477569163; 0,999999477569163; 1; 0; 1; 0
15511; 10; 0; 0; 0,982662597886245; 0,982662597886245; 1; 0; 1; 0
15512; 36; 1; 0; 0,999703825529382; 0; 1; 0; 1; 0
15514; 10; 0; 0; 0,969609838413274; 0,969609838413274; 1; 0; 1; 0
15522; 2; 0; 0; 1; 1; 1; 0; 1; 0
15530; 16; 0; 0; 1; 1; 1; 0; 1; 0
15531; 19; 0; 0; 1; 1; 1; 0; 1; 0
15541; 2; 1; 0; 0,503780494792415; 0,496219505207585; 1; 0; 1; 0
15545; 19; 0; 0; 0,617390134723983; 0,617390134723983; 1; 0; 1; 0
15546; 10; 0; 0; 1; 1; 1; 0; 1; 0
15549; 16; 0; 0; 1; 1; 1; 0; 1; 0
15562; 3; 2; 2; 0,458584645576141; 0,458584645576141; 0; 0; 0,249836158183357; 0,750163841816643
15574; 2; 1; 1; 0,500000000002108; 0,500000000002108; 0; 1; 0; 1
15587; 10; 0; 0; 0,997478799328279; 0,997478799328279; 1; 0; 1; 0
15620; 20; 0; 0; 1; 1; 1; 0; 1; 0
15622; 20; 0; 0; 0,93976320578274; 0,93976320578274; 1; 0; 1; 0
15630; 3; 2; 0; 0,460633877942434; 0,289566934575172; 1; 0; 1; 0
15641; 16; 0; 0; 1; 1; 1; 0; 1; 0
15650; 10; 0; 0; 0,991807067856856; 0,991807067856856; 1; 0; 1; 0
15655; 2; 1; 0; 1; 0; 1; 0; 1; 0
15659; 2; 0; 1; 0,701309335674054; 0,298690664325946; 0; 0; 0,499662038165893; 0,500337961834107
15671; 16; 0; 0; 1; 1; 1; 0; 1; 0
15686; 150; 120; 0; 0,102660562427117; 0,0760502922792251; 1; 0; 1; 0
15699; 2; 0; 0; 0,710750521712278; 0,710750521712278; 1; 0; 1; 0
15707; 10; 0; 0; 0,999742391822875; 0,999742391822875; 1; 0; 1; 0
15726; 19; 0; 0; 0,999260580077509; 0,999260580077509; 1; 0; 1; 0
15735; 10; 0; 1; 0,594783218574904; 0,112265976090484; 0; 1; 0; 1
15736; 2; 1; 0; 1; 0; 1; 0; 1; 0
15740; 16; 0; 0; 1; 1; 1; 0; 1; 0
15748; 10; 0; 0; 1; 1; 1; 0; 1; 0
15750; 2; 0; 1; 0,576979168878203; 0,423020831121797; 0; 0; 0,500296553284424; 0,499703446715576
15754; 10; 0; 0; 1; 1; 1; 0; 1; 0
15759; 19; 0; 0; 0,9999077503407; 0,9999077503407; 1; 0; 1; 0
15772; 19; 0; 0; 0,976797849176033; 0,976797849176033; 1; 0; 1; 0
15773; 19; 0; 0; 0,999385208676592; 0,999385208676592; 1; 0; 1; 0
15775; 16; 0; 0; 1; 1; 1; 0; 1; 0
15776; 19; 0; 0; 0,803933217758792; 0,803933217758792; 1; 0; 1; 0
15798; 2; 0; 0; 1; 1; 1; 0; 1; 0
15810; 2; 1; 1; 0,545572829153189; 0,545572829153189; 0; 1; 0; 1
15815; 2; 1; 1; 0,593778397718691; 0,593778397718691; 0; 0; 0,334832981070151; 0,665167018929849
15829; 16; 0; 0; 1; 1; 1; 0; 1; 0
15830; 23; 0; 0; 1; 1; 1; 0; 1; 0
15831; 19; 2; 1; 0,469464616223467; 0,283844729693391; 0; 1; 0; 1
15834; 20; 0; 0; 1; 1; 1; 0; 1; 0
15840; 10; 0; 0; 0,99992080412002; 0,99992080412002; 1; 0; 1; 0
15858; 2; 1; 0; 1; 0; 1; 0; 1; 0
15863; 18; 0; 0; 0,999629759705741; 0,999629759705741; 1; 0; 1; 0
15865; 19; 0; 0; 1; 1; 1; 0; 1; 0
15866; 16; 0; 0; 1; 1; 1; 0; 1; 0
15875; 16; 1; 0; 0,328893999261781; 0,0890111925056325; 1; 0; 1; 0
15912; 19; 0; 0; 1; 1; 1; 0; 1; 0
