MAC; alternativas; MasProb; Elección; MaxProb; ElecProb; %linkOK; %linkNO; %DistOK; %DistNO
21; 32; 0; 0; 1; 1; 1; 0; 1; 0
32; 20; 0; 0; 1; 1; 1; 0; 1; 0
46; 14; 0; 0; 1; 1; 1; 0; 1; 0
54; 2; 0; 0; 1; 1; 1; 0; 1; 0
68; 21; 0; 0; 1; 1; 1; 0; 1; 0
69; 18; 0; 0; 1; 1; 1; 0; 1; 0
70; 2; 0; 0; 1; 1; 1; 0; 1; 0
71; 10; 0; 0; 1; 1; 1; 0; 1; 0
74; 13; 0; 0; 1; 1; 1; 0; 1; 0
77; 2; 0; 1; 1; 0; 0; 0; 0,500369451615935; 0,499630548384065
106; 2; 0; 0; 1; 1; 1; 0; 1; 0
113; 20; 0; 0; 1; 1; 1; 0; 1; 0
128; 40; 0; 0; 1; 1; 1; 0; 1; 0
138; 24; 0; 0; 1; 1; 1; 0; 1; 0
153; 2; 0; 0; 1; 1; 1; 0; 1; 0
158; 13; 0; 0; 1; 1; 1; 0; 1; 0
164; 10; 0; 0; 1; 1; 1; 0; 1; 0
172; 10; 0; 0; 1; 1; 1; 0; 1; 0
176; 210; 0; 0; 1; 1; 1; 0; 1; 0
191; 19; 0; 0; 1; 1; 1; 0; 1; 0
196; 3; 0; 0; 1; 1; 1; 0; 1; 0
213; 10; 0; 0; 1; 1; 1; 0; 1; 0
231; 2; 0; 0; 1; 1; 1; 0; 1; 0
235; 18; 0; 0; 1; 1; 1; 0; 1; 0
238; 18; 0; 0; 1; 1; 1; 0; 1; 0
244; 36; 0; 0; 1; 1; 1; 0; 1; 0
257; 3; 2; 1; 1; 0; 0; 0; 0,499559359348612; 0,500440640651388
268; 2; 0; 0; 1; 1; 1; 0; 1; 0
273; 2; 0; 0; 1; 1; 1; 0; 1; 0
277; 190; 0; 0; 1; 1; 1; 0; 1; 0
302; 18; 0; 0; 1; 1; 1; 0; 1; 0
304; 10; 0; 0; 1; 1; 1; 0; 1; 0
321; 3; 2; 1; 1; 0; 0; 0; 0,125174011812684; 0,874825988187316
332; 42; 0; 0; 1; 1; 1; 0; 1; 0
340; 10; 0; 0; 1; 1; 1; 0; 1; 0
351; 21; 0; 0; 1; 1; 1; 0; 1; 0
352; 13; 0; 0; 1; 1; 1; 0; 1; 0
358; 2; 0; 0; 1; 1; 1; 0; 1; 0
362; 3; 0; 0; 1; 1; 1; 0; 1; 0
363; 10; 0; 0; 1; 1; 1; 0; 1; 0
365; 22; 2; 2; 1; 1; 0; 0; 0,14219740768678; 0,85780259231322
372; 40; 0; 0; 1; 1; 1; 0; 1; 0
377; 2; 0; 0; 1; 1; 1; 0; 1; 0
379; 3; 1; 0; 1; 0; 1; 0; 1; 0
380; 3; 0; 0; 0,333333333333333; 0,333333333333333; 1; 0; 1; 0
386; 38; 0; 0; 1; 1; 1; 0; 1; 0
396; 2; 0; 0; 1; 1; 1; 0; 1; 0
400; 2; 0; 0; 1; 1; 1; 0; 1; 0
402; 26; 5; 3; 1; 0; 0; 0; 0,334762845685201; 0,665237154314799
408; 10; 0; 0; 1; 1; 1; 0; 1; 0
428; 2; 0; 1; 1; 0; 0; 0; 0,334527279994034; 0,665472720005966
429; 17; 0; 0; 1; 1; 1; 0; 1; 0
443; 2; 0; 0; 1; 1; 1; 0; 1; 0
445; 18; 0; 0; 1; 1; 1; 0; 1; 0
454; 10; 0; 0; 1; 1; 1; 0; 1; 0
463; 20; 0; 0; 1; 1; 1; 0; 1; 0
468; 4; 0; 0; 1; 1; 1; 0; 1; 0
477; 100; 0; 0; 1; 1; 1; 0; 1; 0
482; 18; 0; 0; 1; 1; 1; 0; 1; 0
498; 20; 0; 0; 1; 1; 1; 0; 1; 0
509; 2; 0; 0; 1; 1; 1; 0; 1; 0
528; 10; 0; 0; 1; 1; 1; 0; 1; 0
543; 2; 0; 0; 1; 1; 1; 0; 1; 0
546; 20; 0; 0; 1; 1; 1; 0; 1; 0
556; 19; 0; 0; 1; 1; 1; 0; 1; 0
558; 21; 0; 0; 1; 1; 1; 0; 1; 0
570; 10; 0; 0; 1; 1; 1; 0; 1; 0
586; 10; 0; 0; 1; 1; 1; 0; 1; 0
591; 5; 0; 0; 1; 1; 1; 0; 1; 0
610; 10; 0; 0; 1; 1; 1; 0; 1; 0
612; 2; 0; 0; 1; 1; 1; 0; 1; 0
615; 2; 0; 0; 1; 1; 1; 0; 1; 0
616; 2; 0; 0; 1; 1; 1; 0; 1; 0
620; 20; 0; 0; 1; 1; 1; 0; 1; 0
621; 2; 0; 0; 1; 1; 1; 0; 1; 0
630; 20; 0; 0; 1; 1; 1; 0; 1; 0
647; 17; 0; 0; 1; 1; 1; 0; 1; 0
652; 20; 2; 4; 1; 0; 0; 0; 0,3340232507444; 0,6659767492556
665; 2; 0; 0; 1; 1; 1; 0; 1; 0
666; 2; 0; 0; 1; 1; 1; 0; 1; 0
673; 13; 1; 0; 1; 0; 1; 0; 1; 0
679; 2; 0; 0; 1; 1; 1; 0; 1; 0
684; 13; 0; 0; 1; 1; 1; 0; 1; 0
689; 2; 0; 0; 1; 1; 1; 0; 1; 0
692; 10; 0; 0; 1; 1; 1; 0; 1; 0
703; 2; 0; 0; 1; 1; 1; 0; 1; 0
718; 10; 0; 0; 1; 1; 1; 0; 1; 0
730; 14; 0; 0; 1; 1; 1; 0; 1; 0
734; 2; 0; 0; 1; 1; 1; 0; 1; 0
739; 2; 0; 0; 1; 1; 1; 0; 1; 0
743; 3; 1; 1; 1; 1; 0; 0; 0,428193131701094; 0,571806868298906
766; 32; 0; 0; 1; 1; 1; 0; 1; 0
778; 19; 0; 0; 1; 1; 1; 0; 1; 0
787; 2; 0; 0; 1; 1; 1; 0; 1; 0
794; 3; 0; 0; 1; 1; 1; 0; 1; 0
814; 10; 0; 0; 1; 1; 1; 0; 1; 0
817; 2; 0; 0; 1; 1; 1; 0; 1; 0
826; 3; 1; 2; 1; 0; 0; 0; 0,143805721779382; 0,856194278220618
827; 26; 0; 0; 1; 1; 1; 0; 1; 0
830; 36; 0; 0; 1; 1; 1; 0; 1; 0
836; 2; 0; 0; 1; 1; 1; 0; 1; 0
844; 20; 0; 0; 1; 1; 1; 0; 1; 0
848; 10; 0; 0; 1; 1; 1; 0; 1; 0
863; 2; 0; 0; 1; 1; 1; 0; 1; 0
874; 13; 0; 0; 1; 1; 1; 0; 1; 0
875; 21; 0; 0; 1; 1; 1; 0; 1; 0
876; 2; 0; 0; 1; 1; 1; 0; 1; 0
881; 20; 0; 0; 1; 1; 1; 0; 1; 0
886; 20; 0; 0; 1; 1; 1; 0; 1; 0
893; 2; 0; 0; 1; 1; 1; 0; 1; 0
914; 10; 0; 0; 1; 1; 1; 0; 1; 0
920; 17; 0; 0; 1; 1; 1; 0; 1; 0
923; 20; 0; 0; 1; 1; 1; 0; 1; 0
928; 18; 0; 0; 1; 1; 1; 0; 1; 0
935; 3; 2; 0; 1; 0; 1; 0; 1; 0
956; 2; 0; 0; 1; 1; 1; 0; 1; 0
960; 20; 0; 0; 1; 1; 1; 0; 1; 0
966; 10; 0; 0; 1; 1; 1; 0; 1; 0
969; 10; 0; 0; 1; 1; 1; 0; 1; 0
987; 20; 0; 0; 1; 1; 1; 0; 1; 0
991; 21; 0; 0; 1; 1; 1; 0; 1; 0
1001; 20; 0; 0; 1; 1; 1; 0; 1; 0
1007; 100; 0; 0; 1; 1; 1; 0; 1; 0
1015; 22; 0; 0; 1; 1; 1; 0; 1; 0
1037; 2; 0; 0; 1; 1; 1; 0; 1; 0
1051; 10; 0; 0; 1; 1; 1; 0; 1; 0
1060; 3; 0; 0; 1; 1; 1; 0; 1; 0
1070; 3; 1; 2; 1; 0; 0; 0; 0,251473781903541; 0,748526218096459
1072; 16; 0; 0; 1; 1; 1; 0; 1; 0
1075; 21; 0; 0; 1; 1; 1; 0; 1; 0
1088; 2; 0; 0; 1; 1; 1; 0; 1; 0
1090; 34; 0; 1; 1; 0; 0; 0; 0,375732470158157; 0,624267529841843
1092; 10; 0; 0; 1; 1; 1; 0; 1; 0
1093; 4; 0; 0; 1; 1; 1; 0; 1; 0
1097; 18; 0; 0; 1; 1; 1; 0; 1; 0
1098; 40; 0; 0; 1; 1; 1; 0; 1; 0
1102; 19; 2; 0; 1; 0; 1; 0; 1; 0
1110; 18; 0; 0; 1; 1; 1; 0; 1; 0
1111; 10; 0; 0; 1; 1; 1; 0; 1; 0
1113; 10; 0; 0; 1; 1; 1; 0; 1; 0
1126; 2; 0; 0; 1; 1; 1; 0; 1; 0
1127; 4; 2; 2; 1; 1; 0; 0; 0,500358806350003; 0,499641193649997
1138; 2; 0; 1; 1; 0; 0; 1; 0; 1
1144; 10; 1; 2; 1; 0; 0; 0; 0,142183494865268; 0,857816505134732
1155; 10; 0; 0; 1; 1; 1; 0; 1; 0
1158; 10; 0; 0; 1; 1; 1; 0; 1; 0
1169; 12; 0; 0; 1; 1; 1; 0; 1; 0
1177; 3; 2; 1; 1; 0; 0; 0; 0,500358806350003; 0,499641193649997
1185; 2; 0; 0; 1; 1; 1; 0; 1; 0
1187; 20; 0; 0; 1; 1; 1; 0; 1; 0
1224; 13; 0; 0; 1; 1; 1; 0; 1; 0
1228; 3; 0; 0; 1; 1; 1; 0; 1; 0
1236; 340; 0; 0; 1; 1; 1; 0; 1; 0
1256; 2; 1; 0; 1; 0; 1; 0; 1; 0
1267; 3; 0; 0; 1; 1; 1; 0; 1; 0
1271; 2; 0; 0; 1; 1; 1; 0; 1; 0
1273; 21; 0; 0; 1; 1; 1; 0; 1; 0
1306; 18; 0; 0; 1; 1; 1; 0; 1; 0
1308; 10; 0; 0; 1; 1; 1; 0; 1; 0
1315; 10; 0; 0; 1; 1; 1; 0; 1; 0
1316; 14; 0; 0; 1; 1; 1; 0; 1; 0
1329; 20; 0; 0; 1; 1; 1; 0; 1; 0
1331; 20; 0; 0; 1; 1; 1; 0; 1; 0
1342; 2; 1; 1; 1; 1; 0; 0; 0,499871699868275; 0,500128300131725
1355; 2; 0; 0; 1; 1; 1; 0; 1; 0
1363; 2; 0; 0; 1; 1; 1; 0; 1; 0
1364; 2; 1; 1; 1; 1; 0; 0; 0,334527279994034; 0,665472720005966
1368; 2; 0; 0; 1; 1; 1; 0; 1; 0
1370; 28; 0; 0; 1; 1; 1; 0; 1; 0
1376; 10; 0; 0; 1; 1; 1; 0; 1; 0
1380; 20; 1; 0; 1; 0; 1; 0; 1; 0
1382; 40; 0; 0; 1; 1; 1; 0; 1; 0
1384; 8; 0; 0; 1; 1; 1; 0; 1; 0
1417; 21; 0; 0; 1; 1; 1; 0; 1; 0
1427; 3; 0; 0; 0,333333333333333; 0,333333333333333; 1; 0; 1; 0
1428; 2; 0; 0; 1; 1; 1; 0; 1; 0
1431; 20; 0; 0; 1; 1; 1; 0; 1; 0
1450; 10; 0; 0; 1; 1; 1; 0; 1; 0
1471; 10; 0; 0; 1; 1; 1; 0; 1; 0
1474; 21; 0; 0; 1; 1; 1; 0; 1; 0
1477; 2; 0; 0; 1; 1; 1; 0; 1; 0
1478; 2; 0; 0; 1; 1; 1; 0; 1; 0
1484; 10; 0; 0; 1; 1; 1; 0; 1; 0
1495; 2; 0; 0; 1; 1; 1; 0; 1; 0
1499; 2; 0; 0; 1; 1; 1; 0; 1; 0
1504; 26; 5; 3; 1; 0; 0; 0; 0,334762845685201; 0,665237154314799
1507; 22; 2; 2; 1; 1; 0; 0; 0,334088299703798; 0,665911700296202
1522; 3; 0; 2; 1; 0; 0; 0; 0,374520690415079; 0,625479309584921
1552; 2; 0; 0; 1; 1; 1; 0; 1; 0
1553; 340; 0; 0; 1; 1; 1; 0; 1; 0
1567; 2; 0; 0; 1; 1; 1; 0; 1; 0
1573; 2; 1; 0; 1; 0; 1; 0; 1; 0
1576; 2; 0; 0; 1; 1; 1; 0; 1; 0
1581; 20; 0; 0; 1; 1; 1; 0; 1; 0
1587; 10; 0; 0; 1; 1; 1; 0; 1; 0
1588; 100; 0; 0; 1; 1; 1; 0; 1; 0
1597; 20; 0; 0; 1; 1; 1; 0; 1; 0
1607; 14; 0; 0; 1; 1; 1; 0; 1; 0
1610; 2; 0; 0; 1; 1; 1; 0; 1; 0
1618; 4; 0; 0; 1; 1; 1; 0; 1; 0
1624; 2; 0; 0; 1; 1; 1; 0; 1; 0
1629; 2; 0; 0; 1; 1; 1; 0; 1; 0
1633; 10; 1; 2; 1; 0; 0; 1; 0; 1
1634; 2; 0; 0; 1; 1; 1; 0; 1; 0
1657; 2; 0; 0; 1; 1; 1; 0; 1; 0
1673; 2; 1; 1; 1; 1; 0; 1; 0; 1
1675; 14; 0; 0; 1; 1; 1; 0; 1; 0
1676; 2; 0; 0; 1; 1; 1; 0; 1; 0
1677; 3; 0; 0; 1; 1; 1; 0; 1; 0
1684; 3; 0; 0; 1; 1; 1; 0; 1; 0
1687; 2; 0; 0; 1; 1; 1; 0; 1; 0
1688; 20; 0; 0; 1; 1; 1; 0; 1; 0
1689; 10; 0; 0; 1; 1; 1; 0; 1; 0
1691; 20; 0; 0; 1; 1; 1; 0; 1; 0
1692; 100; 0; 0; 1; 1; 1; 0; 1; 0
1698; 2; 0; 0; 1; 1; 1; 0; 1; 0
1702; 10; 0; 0; 1; 1; 1; 0; 1; 0
1703; 17; 0; 0; 1; 1; 1; 0; 1; 0
1716; 20; 0; 0; 1; 1; 1; 0; 1; 0
1718; 22; 0; 0; 1; 1; 1; 0; 1; 0
1726; 130; 0; 0; 1; 1; 1; 0; 1; 0
1729; 100; 0; 0; 1; 1; 1; 0; 1; 0
1753; 306; 0; 0; 1; 1; 1; 0; 1; 0
1758; 2; 0; 0; 1; 1; 1; 0; 1; 0
1759; 10; 0; 0; 1; 1; 1; 0; 1; 0
1769; 2; 0; 0; 1; 1; 1; 0; 1; 0
1770; 2; 0; 0; 1; 1; 1; 0; 1; 0
1776; 18; 0; 0; 1; 1; 1; 0; 1; 0
1779; 14; 0; 0; 1; 1; 1; 0; 1; 0
1785; 10; 0; 0; 1; 1; 1; 0; 1; 0
1800; 2; 1; 0; 1; 0; 1; 0; 1; 0
1802; 2; 0; 0; 1; 1; 1; 0; 1; 0
1803; 12; 0; 0; 1; 1; 1; 0; 1; 0
1805; 10; 0; 0; 1; 1; 1; 0; 1; 0
1808; 340; 0; 0; 1; 1; 1; 0; 1; 0
1809; 17; 0; 0; 1; 1; 1; 0; 1; 0
1811; 20; 0; 0; 1; 1; 1; 0; 1; 0
1812; 10; 0; 0; 1; 1; 1; 0; 1; 0
1813; 2; 1; 0; 1; 0; 1; 0; 1; 0
1826; 2; 0; 0; 1; 1; 1; 0; 1; 0
1833; 10; 0; 0; 1; 1; 1; 0; 1; 0
1842; 40; 0; 0; 1; 1; 1; 0; 1; 0
1845; 21; 0; 0; 1; 1; 1; 0; 1; 0
1856; 20; 0; 0; 1; 1; 1; 0; 1; 0
1875; 2; 1; 0; 1; 0; 1; 0; 1; 0
1883; 10; 0; 0; 1; 1; 1; 0; 1; 0
1891; 19; 0; 0; 1; 1; 1; 0; 1; 0
1934; 10; 0; 0; 1; 1; 1; 0; 1; 0
1940; 21; 0; 0; 1; 1; 1; 0; 1; 0
1944; 10; 0; 0; 1; 1; 1; 0; 1; 0
1951; 2; 0; 0; 1; 1; 1; 0; 1; 0
1954; 24; 0; 0; 1; 1; 1; 0; 1; 0
1955; 10; 0; 0; 1; 1; 1; 0; 1; 0
1956; 10; 0; 0; 1; 1; 1; 0; 1; 0
1958; 19; 0; 0; 1; 1; 1; 0; 1; 0
1965; 3; 0; 0; 1; 1; 1; 0; 1; 0
1970; 3; 0; 0; 1; 1; 1; 0; 1; 0
1981; 10; 0; 0; 1; 1; 1; 0; 1; 0
1984; 42; 0; 0; 1; 1; 1; 0; 1; 0
1996; 100; 0; 0; 1; 1; 1; 0; 1; 0
2008; 20; 0; 0; 1; 1; 1; 0; 1; 0
2019; 19; 0; 0; 1; 1; 1; 0; 1; 0
2020; 20; 0; 0; 1; 1; 1; 0; 1; 0
2021; 2; 1; 1; 1; 1; 0; 0; 0,19881132297054; 0,80118867702946
2023; 10; 0; 0; 1; 1; 1; 0; 1; 0
2029; 2; 0; 0; 1; 1; 1; 0; 1; 0
2031; 10; 0; 0; 1; 1; 1; 0; 1; 0
2032; 2; 0; 0; 1; 1; 1; 0; 1; 0
2041; 12; 0; 0; 1; 1; 1; 0; 1; 0
2058; 3; 1; 0; 1; 0; 1; 0; 1; 0
2075; 2; 0; 0; 1; 1; 1; 0; 1; 0
2105; 2; 0; 0; 1; 1; 1; 0; 1; 0
2107; 10; 0; 0; 1; 1; 1; 0; 1; 0
2115; 2; 0; 0; 1; 1; 1; 0; 1; 0
2118; 2; 1; 1; 1; 1; 0; 1; 0; 1
2133; 17; 0; 0; 1; 1; 1; 0; 1; 0
2142; 4; 0; 0; 1; 1; 1; 0; 1; 0
2175; 2; 0; 0; 1; 1; 1; 0; 1; 0
2177; 2; 0; 0; 1; 1; 1; 0; 1; 0
2190; 2; 1; 1; 1; 1; 0; 0; 0,165408192434161; 0,834591807565839
2199; 20; 0; 0; 1; 1; 1; 0; 1; 0
2210; 10; 0; 0; 1; 1; 1; 0; 1; 0
2227; 10; 0; 0; 1; 1; 1; 0; 1; 0
2233; 10; 0; 0; 1; 1; 1; 0; 1; 0
2239; 2; 0; 0; 1; 1; 1; 0; 1; 0
2246; 20; 0; 0; 1; 1; 1; 0; 1; 0
2257; 2; 0; 0; 1; 1; 1; 0; 1; 0
2262; 20; 0; 0; 1; 1; 1; 0; 1; 0
2278; 2; 1; 0; 1; 0; 1; 0; 1; 0
2283; 2; 1; 0; 1; 0; 1; 0; 1; 0
2287; 20; 0; 0; 1; 1; 1; 0; 1; 0
2291; 2; 0; 0; 1; 1; 1; 0; 1; 0
2294; 18; 0; 0; 1; 1; 1; 0; 1; 0
2299; 2; 1; 0; 1; 0; 1; 0; 1; 0
2300; 2; 0; 0; 1; 1; 1; 0; 1; 0
2313; 13; 0; 0; 1; 1; 1; 0; 1; 0
2316; 20; 0; 0; 1; 1; 1; 0; 1; 0
2327; 10; 0; 0; 1; 1; 1; 0; 1; 0
2329; 17; 0; 0; 1; 1; 1; 0; 1; 0
2337; 13; 0; 0; 1; 1; 1; 0; 1; 0
2340; 10; 0; 0; 1; 1; 1; 0; 1; 0
2355; 16; 0; 0; 1; 1; 1; 0; 1; 0
2365; 2; 0; 0; 1; 1; 1; 0; 1; 0
2369; 16; 0; 0; 1; 1; 1; 0; 1; 0
2378; 2; 0; 0; 1; 1; 1; 0; 1; 0
2389; 2; 0; 0; 1; 1; 1; 0; 1; 0
2398; 20; 0; 0; 1; 1; 1; 0; 1; 0
2405; 2; 0; 0; 1; 1; 1; 0; 1; 0
2413; 18; 0; 0; 1; 1; 1; 0; 1; 0
2414; 2; 0; 0; 1; 1; 1; 0; 1; 0
2416; 10; 0; 0; 1; 1; 1; 0; 1; 0
2417; 10; 0; 0; 1; 1; 1; 0; 1; 0
2418; 22; 0; 0; 1; 1; 1; 0; 1; 0
2423; 20; 0; 0; 1; 1; 1; 0; 1; 0
2440; 21; 0; 0; 1; 1; 1; 0; 1; 0
2442; 10; 0; 0; 1; 1; 1; 0; 1; 0
2446; 10; 0; 0; 1; 1; 1; 0; 1; 0
2453; 30; 0; 0; 1; 1; 1; 0; 1; 0
2455; 2; 1; 1; 1; 1; 0; 0; 0,143721535818467; 0,856278464181533
2456; 10; 0; 0; 1; 1; 1; 0; 1; 0
2458; 18; 0; 0; 1; 1; 1; 0; 1; 0
2478; 2; 1; 1; 1; 1; 0; 0; 0,201039223774681; 0,798960776225319
2496; 2; 1; 1; 1; 1; 0; 0; 0,334527279994034; 0,665472720005966
2498; 40; 0; 0; 1; 1; 1; 0; 1; 0
2499; 3; 2; 2; 1; 1; 0; 0; 0,143805721779382; 0,856194278220618
2507; 10; 0; 0; 1; 1; 1; 0; 1; 0
2511; 4; 0; 0; 1; 1; 1; 0; 1; 0
2514; 40; 0; 0; 1; 1; 1; 0; 1; 0
2518; 2; 0; 0; 1; 1; 1; 0; 1; 0
2519; 10; 0; 0; 1; 1; 1; 0; 1; 0
2525; 2; 0; 0; 1; 1; 1; 0; 1; 0
2531; 20; 0; 0; 1; 1; 1; 0; 1; 0
2532; 40; 0; 0; 1; 1; 1; 0; 1; 0
2536; 10; 0; 0; 1; 1; 1; 0; 1; 0
2540; 19; 0; 0; 1; 1; 1; 0; 1; 0
2551; 2; 0; 0; 1; 1; 1; 0; 1; 0
2553; 10; 0; 0; 1; 1; 1; 0; 1; 0
2571; 21; 0; 0; 1; 1; 1; 0; 1; 0
2577; 10; 0; 0; 1; 1; 1; 0; 1; 0
2587; 20; 0; 0; 1; 1; 1; 0; 1; 0
2597; 19; 0; 0; 1; 1; 1; 0; 1; 0
2613; 2; 0; 0; 1; 1; 1; 0; 1; 0
2616; 20; 0; 0; 1; 1; 1; 0; 1; 0
2626; 2; 1; 1; 1; 1; 0; 0; 0,375084046435569; 0,624915953564432
2627; 10; 0; 0; 1; 1; 1; 0; 1; 0
2629; 2; 0; 0; 1; 1; 1; 0; 1; 0
2631; 19; 2; 0; 1; 0; 1; 0; 1; 0
2657; 20; 0; 0; 1; 1; 1; 0; 1; 0
2658; 19; 0; 0; 1; 1; 1; 0; 1; 0
2671; 2; 0; 0; 1; 1; 1; 0; 1; 0
2672; 160; 0; 0; 1; 1; 1; 0; 1; 0
2691; 2; 0; 0; 1; 1; 1; 0; 1; 0
2695; 20; 0; 0; 1; 1; 1; 0; 1; 0
2701; 10; 0; 0; 1; 1; 1; 0; 1; 0
2702; 32; 0; 0; 1; 1; 1; 0; 1; 0
2708; 17; 0; 0; 1; 1; 1; 0; 1; 0
2721; 12; 0; 0; 1; 1; 1; 0; 1; 0
2723; 20; 0; 0; 1; 1; 1; 0; 1; 0
2735; 10; 0; 0; 1; 1; 1; 0; 1; 0
2738; 2; 1; 1; 1; 1; 0; 0; 0,500026706889083; 0,499973293110917
2748; 10; 0; 0; 1; 1; 1; 0; 1; 0
2760; 20; 0; 0; 1; 1; 1; 0; 1; 0
2762; 30; 0; 0; 1; 1; 1; 0; 1; 0
2772; 2; 1; 1; 1; 1; 0; 0; 0,429220719890844; 0,570779280109156
2780; 2; 0; 0; 1; 1; 1; 0; 1; 0
2800; 10; 0; 0; 1; 1; 1; 0; 1; 0
2801; 2; 0; 0; 1; 1; 1; 0; 1; 0
2810; 4; 0; 0; 1; 1; 1; 0; 1; 0
2814; 10; 0; 0; 1; 1; 1; 0; 1; 0
2822; 3; 1; 0; 1; 0; 1; 0; 1; 0
2825; 16; 0; 0; 1; 1; 1; 0; 1; 0
2832; 140; 0; 0; 1; 1; 1; 0; 1; 0
2838; 18; 0; 0; 1; 1; 1; 0; 1; 0
2845; 2; 0; 0; 1; 1; 1; 0; 1; 0
2848; 2; 0; 0; 1; 1; 1; 0; 1; 0
2853; 3; 0; 0; 1; 1; 1; 0; 1; 0
2856; 10; 0; 0; 1; 1; 1; 0; 1; 0
2861; 2; 1; 0; 1; 0; 1; 0; 1; 0
2865; 10; 0; 0; 1; 1; 1; 0; 1; 0
2872; 2; 1; 1; 1; 1; 0; 0; 0,500296553284424; 0,499703446715576
2874; 2; 1; 0; 1; 0; 1; 0; 1; 0
2875; 100; 0; 0; 1; 1; 1; 0; 1; 0
2878; 200; 0; 0; 1; 1; 1; 0; 1; 0
2883; 10; 0; 0; 1; 1; 1; 0; 1; 0
2889; 19; 0; 0; 1; 1; 1; 0; 1; 0
2911; 10; 0; 0; 1; 1; 1; 0; 1; 0
2921; 2; 0; 1; 1; 0; 0; 0; 0,374720925220588; 0,625279074779412
2922; 20; 0; 0; 1; 1; 1; 0; 1; 0
2931; 2; 0; 0; 1; 1; 1; 0; 1; 0
2935; 2; 1; 1; 1; 1; 0; 0; 0,334786093832472; 0,665213906167529
2936; 2; 0; 0; 1; 1; 1; 0; 1; 0
2940; 12; 0; 0; 1; 1; 1; 0; 1; 0
2952; 10; 0; 0; 1; 1; 1; 0; 1; 0
2957; 28; 0; 0; 1; 1; 1; 0; 1; 0
2961; 2; 0; 0; 1; 1; 1; 0; 1; 0
2973; 3; 0; 0; 1; 1; 1; 0; 1; 0
2990; 14; 0; 0; 1; 1; 1; 0; 1; 0
2992; 2; 0; 0; 1; 1; 1; 0; 1; 0
3011; 20; 0; 0; 1; 1; 1; 0; 1; 0
3018; 20; 0; 0; 1; 1; 1; 0; 1; 0
3028; 2; 0; 0; 1; 1; 1; 0; 1; 0
3053; 10; 0; 0; 1; 1; 1; 0; 1; 0
3060; 4; 0; 0; 1; 1; 1; 0; 1; 0
3063; 10; 0; 0; 1; 1; 1; 0; 1; 0
3066; 4; 0; 0; 1; 1; 1; 0; 1; 0
3068; 10; 0; 0; 1; 1; 1; 0; 1; 0
3081; 14; 0; 0; 1; 1; 1; 0; 1; 0
3082; 21; 0; 0; 1; 1; 1; 0; 1; 0
3089; 19; 0; 0; 1; 1; 1; 0; 1; 0
3092; 24; 0; 0; 1; 1; 1; 0; 1; 0
3095; 10; 0; 0; 1; 1; 1; 0; 1; 0
3121; 4; 2; 2; 1; 1; 0; 0; 0,376242565763766; 0,623757434236234
3124; 2; 0; 0; 1; 1; 1; 0; 1; 0
3129; 2; 1; 1; 1; 1; 0; 0; 0,334527279994034; 0,665472720005966
3130; 16; 0; 0; 1; 1; 1; 0; 1; 0
3139; 19; 0; 0; 1; 1; 1; 0; 1; 0
3152; 21; 0; 0; 1; 1; 1; 0; 1; 0
3158; 2; 0; 0; 1; 1; 1; 0; 1; 0
3173; 16; 0; 2; 1; 0; 0; 1; 0; 1
3192; 2; 0; 0; 1; 1; 1; 0; 1; 0
3196; 100; 0; 0; 1; 1; 1; 0; 1; 0
3205; 10; 0; 0; 1; 1; 1; 0; 1; 0
3206; 2; 0; 0; 1; 1; 1; 0; 1; 0
3212; 20; 0; 0; 1; 1; 1; 0; 1; 0
3220; 10; 0; 0; 1; 1; 1; 0; 1; 0
3225; 10; 0; 0; 1; 1; 1; 0; 1; 0
3226; 4; 0; 2; 0,5; 0,5; 0; 0; 0,375463052198349; 0,624536947801651
3229; 28; 0; 0; 1; 1; 1; 0; 1; 0
3246; 4; 0; 0; 1; 1; 1; 0; 1; 0
3250; 10; 0; 0; 1; 1; 1; 0; 1; 0
3268; 2; 1; 0; 1; 0; 1; 0; 1; 0
3275; 14; 0; 0; 1; 1; 1; 0; 1; 0
3284; 3; 0; 0; 1; 1; 1; 0; 1; 0
3293; 19; 0; 0; 1; 1; 1; 0; 1; 0
3304; 200; 0; 0; 1; 1; 1; 0; 1; 0
3316; 20; 0; 0; 1; 1; 1; 0; 1; 0
3320; 2; 0; 0; 1; 1; 1; 0; 1; 0
3321; 2; 0; 1; 0,5; 0,5; 0; 0; 0,334527279994034; 0,665472720005966
3324; 20; 0; 0; 1; 1; 1; 0; 1; 0
3327; 10; 0; 0; 1; 1; 1; 0; 1; 0
3329; 3; 1; 1; 1; 1; 0; 0; 0,501089764995773; 0,498910235004227
3332; 2; 1; 1; 1; 1; 0; 0; 0,166844929235057; 0,833155070764943
3336; 3; 0; 0; 1; 1; 1; 0; 1; 0
3340; 2; 0; 0; 1; 1; 1; 0; 1; 0
3345; 26; 0; 0; 1; 1; 1; 0; 1; 0
3347; 10; 0; 0; 1; 1; 1; 0; 1; 0
3354; 10; 0; 0; 1; 1; 1; 0; 1; 0
3366; 19; 0; 0; 1; 1; 1; 0; 1; 0
3369; 20; 0; 0; 1; 1; 1; 0; 1; 0
3370; 3; 0; 0; 1; 1; 1; 0; 1; 0
3377; 2; 0; 0; 1; 1; 1; 0; 1; 0
3395; 20; 0; 0; 1; 1; 1; 0; 1; 0
3402; 20; 0; 0; 1; 1; 1; 0; 1; 0
3409; 20; 2; 4; 1; 0; 0; 0; 0,3340232507444; 0,6659767492556
3420; 10; 0; 0; 1; 1; 1; 0; 1; 0
3440; 2; 0; 0; 1; 1; 1; 0; 1; 0
3469; 2; 0; 0; 1; 1; 1; 0; 1; 0
3475; 2; 0; 0; 1; 1; 1; 0; 1; 0
3484; 10; 0; 1; 1; 0; 0; 0; 0,250436147319357; 0,749563852680643
3492; 16; 0; 0; 1; 1; 1; 0; 1; 0
3515; 100; 0; 0; 1; 1; 1; 0; 1; 0
3539; 42; 0; 0; 1; 1; 1; 0; 1; 0
3550; 10; 0; 0; 1; 1; 1; 0; 1; 0
3558; 24; 0; 0; 1; 1; 1; 0; 1; 0
3559; 10; 0; 0; 1; 1; 1; 0; 1; 0
3562; 10; 0; 0; 1; 1; 1; 0; 1; 0
3567; 3; 2; 2; 1; 1; 0; 0; 0,143805721779382; 0,856194278220618
3570; 10; 0; 0; 1; 1; 1; 0; 1; 0
3585; 5; 0; 0; 1; 1; 1; 0; 1; 0
3586; 10; 0; 0; 1; 1; 1; 0; 1; 0
3594; 21; 0; 0; 1; 1; 1; 0; 1; 0
3600; 21; 0; 0; 1; 1; 1; 0; 1; 0
3604; 2; 0; 1; 1; 0; 0; 1; 0; 1
3611; 15; 0; 0; 1; 1; 1; 0; 1; 0
3626; 19; 0; 0; 1; 1; 1; 0; 1; 0
3629; 3; 0; 0; 1; 1; 1; 0; 1; 0
3640; 2; 0; 0; 1; 1; 1; 0; 1; 0
3648; 17; 0; 0; 1; 1; 1; 0; 1; 0
3651; 19; 0; 0; 1; 1; 1; 0; 1; 0
3652; 4; 0; 0; 1; 1; 1; 0; 1; 0
3676; 20; 0; 0; 1; 1; 1; 0; 1; 0
3684; 2; 1; 1; 1; 1; 0; 0; 0,429220719890844; 0,570779280109156
3695; 20; 0; 0; 1; 1; 1; 0; 1; 0
3697; 2; 1; 1; 1; 1; 0; 0; 0,165746467054004; 0,834253532945996
3701; 20; 0; 0; 1; 1; 1; 0; 1; 0
3706; 2; 0; 0; 1; 1; 1; 0; 1; 0
3720; 2; 0; 0; 1; 1; 1; 0; 1; 0
3728; 40; 0; 0; 1; 1; 1; 0; 1; 0
3734; 2; 0; 0; 1; 1; 1; 0; 1; 0
3752; 3; 0; 0; 1; 1; 1; 0; 1; 0
3756; 10; 0; 0; 1; 1; 1; 0; 1; 0
3762; 2; 0; 1; 1; 0; 0; 1; 0; 1
3764; 4; 0; 0; 1; 1; 1; 0; 1; 0
3767; 2; 1; 1; 1; 1; 0; 0; 0,200879422189546; 0,799120577810454
3778; 10; 0; 0; 1; 1; 1; 0; 1; 0
3795; 20; 0; 0; 1; 1; 1; 0; 1; 0
3798; 18; 0; 0; 1; 1; 1; 0; 1; 0
3799; 2; 0; 0; 1; 1; 1; 0; 1; 0
3806; 3; 0; 0; 1; 1; 1; 0; 1; 0
3809; 2; 0; 0; 1; 1; 1; 0; 1; 0
3817; 38; 0; 0; 1; 1; 1; 0; 1; 0
3822; 2; 1; 0; 1; 0; 1; 0; 1; 0
3824; 4; 1; 1; 1; 1; 0; 0; 0,500296553284424; 0,499703446715576
3840; 10; 0; 0; 1; 1; 1; 0; 1; 0
3846; 10; 0; 0; 1; 1; 1; 0; 1; 0
3847; 21; 0; 0; 1; 1; 1; 0; 1; 0
3849; 20; 0; 0; 1; 1; 1; 0; 1; 0
3879; 24; 0; 0; 1; 1; 1; 0; 1; 0
3881; 2; 1; 1; 1; 1; 0; 0; 0,165408192434161; 0,834591807565839
3895; 10; 0; 0; 1; 1; 1; 0; 1; 0
3921; 18; 0; 0; 1; 1; 1; 0; 1; 0
3928; 2; 0; 0; 1; 1; 1; 0; 1; 0
3937; 3; 0; 0; 1; 1; 1; 0; 1; 0
3940; 18; 0; 0; 1; 1; 1; 0; 1; 0
3942; 10; 0; 0; 1; 1; 1; 0; 1; 0
3951; 12; 0; 0; 1; 1; 1; 0; 1; 0
3954; 2; 0; 0; 1; 1; 1; 0; 1; 0
3962; 26; 0; 0; 1; 1; 1; 0; 1; 0
3964; 2; 0; 0; 1; 1; 1; 0; 1; 0
3970; 100; 0; 0; 1; 1; 1; 0; 1; 0
3972; 18; 0; 0; 1; 1; 1; 0; 1; 0
3984; 2; 0; 0; 1; 1; 1; 0; 1; 0
3989; 21; 0; 0; 1; 1; 1; 0; 1; 0
3997; 140; 0; 0; 1; 1; 1; 0; 1; 0
4029; 18; 0; 0; 1; 1; 1; 0; 1; 0
4030; 400; 0; 0; 1; 1; 1; 0; 1; 0
4032; 2; 1; 1; 1; 1; 0; 0; 0,444451119043062; 0,555548880956938
4039; 2; 0; 0; 1; 1; 1; 0; 1; 0
4044; 14; 0; 0; 1; 1; 1; 0; 1; 0
4049; 22; 5; 0; 0,0454545454545455; 0,0454545454545455; 1; 0; 1; 0
4053; 2; 0; 0; 1; 1; 1; 0; 1; 0
4055; 10; 0; 0; 1; 1; 1; 0; 1; 0
4061; 2; 0; 0; 1; 1; 1; 0; 1; 0
4064; 10; 0; 0; 1; 1; 1; 0; 1; 0
4069; 10; 0; 0; 1; 1; 1; 0; 1; 0
4081; 2; 0; 0; 1; 1; 1; 0; 1; 0
4083; 10; 0; 0; 1; 1; 1; 0; 1; 0
4085; 16; 0; 0; 1; 1; 1; 0; 1; 0
4095; 10; 0; 0; 1; 1; 1; 0; 1; 0
4108; 17; 0; 0; 1; 1; 1; 0; 1; 0
4112; 10; 0; 0; 1; 1; 1; 0; 1; 0
4128; 14; 0; 0; 1; 1; 1; 0; 1; 0
4129; 10; 0; 0; 1; 1; 1; 0; 1; 0
4136; 2; 0; 0; 1; 1; 1; 0; 1; 0
4144; 28; 0; 0; 1; 1; 1; 0; 1; 0
4147; 20; 0; 0; 1; 1; 1; 0; 1; 0
4153; 2; 1; 0; 1; 0; 1; 0; 1; 0
4166; 36; 0; 0; 1; 1; 1; 0; 1; 0
4186; 2; 0; 0; 1; 1; 1; 0; 1; 0
4193; 36; 0; 0; 1; 1; 1; 0; 1; 0
4194; 10; 0; 0; 1; 1; 1; 0; 1; 0
4195; 19; 0; 0; 1; 1; 1; 0; 1; 0
4200; 2; 0; 0; 1; 1; 1; 0; 1; 0
4207; 2; 0; 0; 1; 1; 1; 0; 1; 0
4223; 340; 0; 0; 1; 1; 1; 0; 1; 0
4225; 10; 0; 0; 1; 1; 1; 0; 1; 0
4242; 54; 0; 0; 1; 1; 1; 0; 1; 0
4245; 26; 2; 2; 1; 1; 0; 0; 0,334026685883874; 0,665973314116126
4258; 13; 1; 2; 1; 0; 0; 0; 0,251375822415968; 0,748624177584032
4273; 20; 0; 0; 1; 1; 1; 0; 1; 0
4278; 2; 0; 0; 1; 1; 1; 0; 1; 0
4293; 40; 0; 0; 1; 1; 1; 0; 1; 0
4294; 4; 0; 1; 1; 0; 0; 0; 0,428699230058299; 0,571300769941701
4296; 20; 0; 0; 1; 1; 1; 0; 1; 0
4302; 2; 0; 0; 1; 1; 1; 0; 1; 0
4311; 10; 0; 0; 1; 1; 1; 0; 1; 0
4316; 20; 0; 0; 1; 1; 1; 0; 1; 0
4317; 10; 0; 0; 1; 1; 1; 0; 1; 0
4331; 10; 0; 0; 1; 1; 1; 0; 1; 0
4335; 2; 0; 0; 1; 1; 1; 0; 1; 0
4339; 2; 0; 0; 1; 1; 1; 0; 1; 0
4353; 10; 0; 0; 1; 1; 1; 0; 1; 0
4354; 10; 0; 0; 1; 1; 1; 0; 1; 0
4355; 18; 0; 0; 1; 1; 1; 0; 1; 0
4372; 20; 0; 0; 1; 1; 1; 0; 1; 0
4375; 100; 0; 0; 1; 1; 1; 0; 1; 0
4392; 2; 0; 1; 1; 0; 0; 0; 0,375732470158157; 0,624267529841843
4423; 2; 0; 0; 1; 1; 1; 0; 1; 0
4427; 2; 0; 0; 1; 1; 1; 0; 1; 0
4431; 2; 0; 1; 0,5; 0,5; 0; 1; 0; 1
4436; 3; 0; 0; 1; 1; 1; 0; 1; 0
4455; 2; 1; 1; 1; 1; 0; 0; 0,333563697350795; 0,666436302649205
4458; 2; 0; 0; 1; 1; 1; 0; 1; 0
4460; 2; 0; 0; 1; 1; 1; 0; 1; 0
4479; 3; 2; 1; 1; 0; 0; 0; 0,499559359348612; 0,500440640651388
4482; 2; 1; 1; 1; 1; 0; 0; 0,333102975516419; 0,666897024483581
4486; 2; 0; 0; 1; 1; 1; 0; 1; 0
4487; 2; 1; 0; 1; 0; 1; 0; 1; 0
4497; 2; 0; 0; 1; 1; 1; 0; 1; 0
4503; 3; 2; 1; 1; 0; 0; 0; 0,166844929235057; 0,833155070764943
4512; 2; 0; 0; 1; 1; 1; 0; 1; 0
4514; 22; 0; 0; 1; 1; 1; 0; 1; 0
4517; 3; 0; 0; 1; 1; 1; 0; 1; 0
4523; 20; 0; 0; 1; 1; 1; 0; 1; 0
4534; 3; 2; 2; 1; 1; 0; 0; 0,428699230058299; 0,571300769941701
4543; 2; 0; 0; 1; 1; 1; 0; 1; 0
4554; 18; 0; 0; 1; 1; 1; 0; 1; 0
4555; 19; 0; 0; 1; 1; 1; 0; 1; 0
4562; 13; 0; 0; 1; 1; 1; 0; 1; 0
4565; 60; 0; 0; 1; 1; 1; 0; 1; 0
4577; 10; 0; 0; 1; 1; 1; 0; 1; 0
4580; 10; 0; 0; 1; 1; 1; 0; 1; 0
4583; 2; 0; 0; 1; 1; 1; 0; 1; 0
4589; 16; 0; 0; 1; 1; 1; 0; 1; 0
4595; 14; 0; 0; 1; 1; 1; 0; 1; 0
4598; 18; 0; 0; 1; 1; 1; 0; 1; 0
4614; 4; 0; 0; 1; 1; 1; 0; 1; 0
4619; 3; 1; 1; 1; 1; 0; 0; 0,428220981415019; 0,571779018584981
4622; 140; 0; 0; 1; 1; 1; 0; 1; 0
4628; 140; 0; 0; 1; 1; 1; 0; 1; 0
4634; 2; 0; 0; 1; 1; 1; 0; 1; 0
4645; 36; 0; 0; 1; 1; 1; 0; 1; 0
4656; 2; 0; 0; 1; 1; 1; 0; 1; 0
4665; 10; 0; 0; 1; 1; 1; 0; 1; 0
4670; 2; 0; 0; 1; 1; 1; 0; 1; 0
4680; 2; 0; 0; 1; 1; 1; 0; 1; 0
4686; 2; 0; 0; 1; 1; 1; 0; 1; 0
4704; 20; 0; 0; 1; 1; 1; 0; 1; 0
4706; 2; 0; 0; 1; 1; 1; 0; 1; 0
4710; 2; 0; 0; 1; 1; 1; 0; 1; 0
4719; 24; 0; 0; 1; 1; 1; 0; 1; 0
4723; 2; 1; 0; 1; 0; 1; 0; 1; 0
4734; 10; 0; 0; 1; 1; 1; 0; 1; 0
4749; 2; 0; 0; 1; 1; 1; 0; 1; 0
4750; 21; 0; 0; 1; 1; 1; 0; 1; 0
4755; 10; 0; 0; 1; 1; 1; 0; 1; 0
4761; 2; 0; 0; 1; 1; 1; 0; 1; 0
4763; 2; 0; 0; 1; 1; 1; 0; 1; 0
4765; 10; 0; 0; 1; 1; 1; 0; 1; 0
4766; 4; 0; 0; 1; 1; 1; 0; 1; 0
4769; 2; 0; 0; 1; 1; 1; 0; 1; 0
4780; 2; 1; 0; 1; 0; 1; 0; 1; 0
4782; 2; 0; 0; 1; 1; 1; 0; 1; 0
4783; 2; 0; 0; 1; 1; 1; 0; 1; 0
4784; 20; 0; 0; 1; 1; 1; 0; 1; 0
4811; 3; 0; 0; 1; 1; 1; 0; 1; 0
4816; 2; 1; 0; 1; 0; 1; 0; 1; 0
4825; 21; 0; 0; 1; 1; 1; 0; 1; 0
4845; 4; 0; 1; 1; 0; 0; 0; 0,444694973082781; 0,555305026917219
4877; 3; 0; 0; 1; 1; 1; 0; 1; 0
4878; 10; 0; 0; 1; 1; 1; 0; 1; 0
4881; 20; 0; 0; 1; 1; 1; 0; 1; 0
4909; 2; 0; 0; 1; 1; 1; 0; 1; 0
4911; 2; 0; 0; 1; 1; 1; 0; 1; 0
4919; 20; 0; 0; 1; 1; 1; 0; 1; 0
4921; 2; 0; 1; 1; 0; 0; 1; 0; 1
4924; 20; 0; 0; 1; 1; 1; 0; 1; 0
4927; 100; 0; 0; 1; 1; 1; 0; 1; 0
4930; 24; 0; 0; 1; 1; 1; 0; 1; 0
4932; 2; 1; 0; 1; 0; 1; 0; 1; 0
4943; 10; 0; 0; 1; 1; 1; 0; 1; 0
4948; 4; 0; 0; 1; 1; 1; 0; 1; 0
4950; 2; 1; 1; 1; 1; 0; 0; 0,19881132297054; 0,80118867702946
4954; 3; 1; 0; 1; 0; 1; 0; 1; 0
4965; 18; 0; 0; 1; 1; 1; 0; 1; 0
4968; 120; 0; 0; 1; 1; 1; 0; 1; 0
4970; 10; 0; 0; 1; 1; 1; 0; 1; 0
4978; 2; 0; 0; 1; 1; 1; 0; 1; 0
4990; 2; 0; 0; 1; 1; 1; 0; 1; 0
5002; 2; 0; 0; 1; 1; 1; 0; 1; 0
5003; 32; 0; 0; 1; 1; 1; 0; 1; 0
5027; 10; 0; 0; 1; 1; 1; 0; 1; 0
5049; 2; 0; 0; 1; 1; 1; 0; 1; 0
5062; 2; 0; 0; 1; 1; 1; 0; 1; 0
5073; 2; 0; 0; 1; 1; 1; 0; 1; 0
5077; 10; 2; 2; 1; 1; 0; 1; 0; 1
5087; 2; 1; 1; 1; 1; 0; 0; 0,443021960730966; 0,556978039269034
5090; 140; 0; 0; 1; 1; 1; 0; 1; 0
5094; 2; 1; 1; 1; 1; 0; 0; 0,200879422189546; 0,799120577810454
5134; 18; 0; 0; 1; 1; 1; 0; 1; 0
5153; 19; 0; 0; 1; 1; 1; 0; 1; 0
5157; 10; 0; 0; 1; 1; 1; 0; 1; 0
5160; 2; 0; 0; 1; 1; 1; 0; 1; 0
5176; 2; 0; 0; 1; 1; 1; 0; 1; 0
5188; 2; 0; 0; 1; 1; 1; 0; 1; 0
5203; 20; 0; 0; 1; 1; 1; 0; 1; 0
5211; 3; 2; 2; 1; 1; 0; 0; 0,251076692263884; 0,748923307736116
5223; 2; 1; 1; 1; 1; 0; 0; 0,200841092605046; 0,799158907394954
5227; 2; 0; 0; 1; 1; 1; 0; 1; 0
5234; 19; 0; 0; 1; 1; 1; 0; 1; 0
5238; 17; 0; 0; 1; 1; 1; 0; 1; 0
5243; 19; 0; 0; 1; 1; 1; 0; 1; 0
5263; 2; 0; 0; 1; 1; 1; 0; 1; 0
5275; 10; 0; 0; 1; 1; 1; 0; 1; 0
5290; 2; 0; 0; 1; 1; 1; 0; 1; 0
5291; 18; 0; 0; 1; 1; 1; 0; 1; 0
5300; 17; 0; 0; 1; 1; 1; 0; 1; 0
5302; 18; 0; 0; 1; 1; 1; 0; 1; 0
5306; 8; 0; 0; 1; 1; 1; 0; 1; 0
5311; 18; 0; 0; 1; 1; 1; 0; 1; 0
5321; 2; 1; 1; 1; 1; 0; 1; 0; 1
5324; 3; 0; 0; 1; 1; 1; 0; 1; 0
5331; 2; 0; 0; 1; 1; 1; 0; 1; 0
5333; 19; 0; 0; 1; 1; 1; 0; 1; 0
5340; 10; 0; 0; 1; 1; 1; 0; 1; 0
5343; 10; 0; 0; 1; 1; 1; 0; 1; 0
5355; 54; 0; 0; 1; 1; 1; 0; 1; 0
5359; 2; 0; 0; 1; 1; 1; 0; 1; 0
5360; 4; 0; 0; 1; 1; 1; 0; 1; 0
5375; 36; 0; 0; 1; 1; 1; 0; 1; 0
5397; 2; 1; 0; 1; 0; 1; 0; 1; 0
5402; 13; 0; 0; 1; 1; 1; 0; 1; 0
5413; 3; 0; 2; 1; 0; 0; 1; 0; 1
5419; 2; 0; 0; 1; 1; 1; 0; 1; 0
5435; 10; 0; 0; 1; 1; 1; 0; 1; 0
5441; 22; 0; 0; 1; 1; 1; 0; 1; 0
5445; 20; 0; 0; 1; 1; 1; 0; 1; 0
5456; 2; 1; 1; 1; 1; 0; 0; 0,284600622748479; 0,715399377251521
5457; 2; 0; 0; 1; 1; 1; 0; 1; 0
5481; 2; 0; 0; 1; 1; 1; 0; 1; 0
5491; 2; 0; 0; 1; 1; 1; 0; 1; 0
5495; 2; 0; 0; 0,5; 0,5; 1; 0; 1; 0
5503; 2; 1; 0; 1; 0; 1; 0; 1; 0
5506; 10; 0; 0; 1; 1; 1; 0; 1; 0
5518; 2; 0; 0; 1; 1; 1; 0; 1; 0
5524; 19; 0; 0; 1; 1; 1; 0; 1; 0
5526; 5; 0; 0; 1; 1; 1; 0; 1; 0
5533; 2; 1; 0; 1; 0; 1; 0; 1; 0
5548; 21; 0; 0; 1; 1; 1; 0; 1; 0
5564; 20; 0; 0; 1; 1; 1; 0; 1; 0
5571; 20; 0; 0; 1; 1; 1; 0; 1; 0
5601; 40; 0; 0; 1; 1; 1; 0; 1; 0
5611; 16; 0; 0; 1; 1; 1; 0; 1; 0
5621; 2; 0; 0; 1; 1; 1; 0; 1; 0
5629; 3; 0; 1; 1; 0; 0; 0; 0,429150772003392; 0,570849227996608
5636; 18; 0; 0; 1; 1; 1; 0; 1; 0
5643; 2; 0; 1; 1; 0; 0; 0; 0,332228379503859; 0,667771620496141
5650; 2; 0; 1; 0,5; 0,5; 0; 0; 0,499559359348612; 0,500440640651388
5662; 20; 0; 0; 1; 1; 1; 0; 1; 0
5683; 19; 0; 0; 1; 1; 1; 0; 1; 0
5691; 2; 0; 0; 1; 1; 1; 0; 1; 0
5696; 17; 0; 0; 1; 1; 1; 0; 1; 0
5714; 3; 0; 0; 1; 1; 1; 0; 1; 0
5716; 2; 0; 0; 1; 1; 1; 0; 1; 0
5718; 18; 0; 0; 1; 1; 1; 0; 1; 0
5720; 10; 0; 0; 1; 1; 1; 0; 1; 0
5728; 20; 0; 0; 1; 1; 1; 0; 1; 0
5736; 10; 1; 2; 1; 0; 0; 1; 0; 1
5746; 18; 0; 0; 1; 1; 1; 0; 1; 0
5753; 20; 0; 0; 1; 1; 1; 0; 1; 0
5756; 10; 0; 0; 1; 1; 1; 0; 1; 0
5760; 13; 0; 0; 1; 1; 1; 0; 1; 0
5783; 17; 0; 0; 1; 1; 1; 0; 1; 0
5795; 18; 0; 0; 1; 1; 1; 0; 1; 0
5797; 24; 0; 0; 1; 1; 1; 0; 1; 0
5800; 3; 0; 0; 1; 1; 1; 0; 1; 0
5804; 2; 0; 0; 1; 1; 1; 0; 1; 0
5805; 2; 1; 0; 1; 0; 1; 0; 1; 0
5814; 20; 1; 0; 1; 0; 1; 0; 1; 0
5827; 18; 0; 0; 1; 1; 1; 0; 1; 0
5829; 4; 0; 0; 1; 1; 1; 0; 1; 0
5833; 2; 0; 0; 0,5; 0,5; 1; 0; 1; 0
5834; 21; 0; 0; 1; 1; 1; 0; 1; 0
5853; 19; 0; 0; 1; 1; 1; 0; 1; 0
5859; 17; 0; 0; 1; 1; 1; 0; 1; 0
5870; 2; 1; 0; 1; 0; 1; 0; 1; 0
5876; 2; 0; 0; 1; 1; 1; 0; 1; 0
5885; 2; 1; 0; 1; 0; 1; 0; 1; 0
5889; 38; 0; 0; 1; 1; 1; 0; 1; 0
5908; 30; 0; 0; 1; 1; 1; 0; 1; 0
5925; 14; 0; 0; 1; 1; 1; 0; 1; 0
5930; 54; 0; 0; 1; 1; 1; 0; 1; 0
5932; 20; 0; 0; 1; 1; 1; 0; 1; 0
5960; 2; 0; 0; 1; 1; 1; 0; 1; 0
5980; 25; 7; 0; 1; 0; 1; 0; 1; 0
5993; 2; 0; 0; 1; 1; 1; 0; 1; 0
5996; 10; 0; 0; 1; 1; 1; 0; 1; 0
6004; 20; 0; 0; 1; 1; 1; 0; 1; 0
6026; 2; 0; 0; 1; 1; 1; 0; 1; 0
6031; 6; 0; 0; 1; 1; 1; 0; 1; 0
6032; 20; 0; 0; 1; 1; 1; 0; 1; 0
6037; 2; 0; 0; 1; 1; 1; 0; 1; 0
6042; 10; 2; 1; 1; 0; 0; 0; 0,374412460103123; 0,625587539896877
6055; 100; 0; 0; 1; 1; 1; 0; 1; 0
6059; 32; 0; 0; 1; 1; 1; 0; 1; 0
6062; 21; 0; 0; 1; 1; 1; 0; 1; 0
6076; 38; 0; 0; 1; 1; 1; 0; 1; 0
6079; 10; 0; 0; 1; 1; 1; 0; 1; 0
6083; 19; 0; 0; 1; 1; 1; 0; 1; 0
6108; 26; 0; 0; 1; 1; 1; 0; 1; 0
6119; 13; 2; 2; 1; 1; 0; 0; 0,251375822415968; 0,748624177584032
6138; 2; 0; 0; 1; 1; 1; 0; 1; 0
6143; 10; 0; 0; 1; 1; 1; 0; 1; 0
6149; 2; 1; 0; 1; 0; 1; 0; 1; 0
6153; 18; 0; 0; 1; 1; 1; 0; 1; 0
6163; 100; 0; 0; 1; 1; 1; 0; 1; 0
6172; 2; 0; 0; 1; 1; 1; 0; 1; 0
6194; 10; 0; 0; 1; 1; 1; 0; 1; 0
6206; 2; 0; 0; 1; 1; 1; 0; 1; 0
6209; 10; 0; 1; 1; 0; 0; 0; 0,250436147319357; 0,749563852680643
6213; 19; 0; 0; 1; 1; 1; 0; 1; 0
6218; 4; 0; 0; 1; 1; 1; 0; 1; 0
6224; 20; 0; 0; 1; 1; 1; 0; 1; 0
6226; 10; 0; 0; 1; 1; 1; 0; 1; 0
6227; 13; 0; 0; 1; 1; 1; 0; 1; 0
6231; 10; 0; 0; 1; 1; 1; 0; 1; 0
6236; 36; 0; 0; 1; 1; 1; 0; 1; 0
6240; 2; 0; 0; 1; 1; 1; 0; 1; 0
6268; 2; 0; 0; 1; 1; 1; 0; 1; 0
6280; 21; 0; 0; 1; 1; 1; 0; 1; 0
6281; 20; 0; 0; 1; 1; 1; 0; 1; 0
6288; 18; 0; 0; 1; 1; 1; 0; 1; 0
6296; 2; 0; 1; 0,5; 0,5; 0; 0; 0,333102975516419; 0,666897024483581
6301; 18; 0; 0; 1; 1; 1; 0; 1; 0
6318; 2; 1; 1; 1; 1; 0; 0; 0,334832981070151; 0,665167018929849
6323; 21; 0; 0; 1; 1; 1; 0; 1; 0
6334; 2; 0; 0; 1; 1; 1; 0; 1; 0
6341; 340; 0; 0; 1; 1; 1; 0; 1; 0
6343; 20; 0; 0; 1; 1; 1; 0; 1; 0
6346; 10; 0; 0; 1; 1; 1; 0; 1; 0
6349; 20; 0; 0; 1; 1; 1; 0; 1; 0
6363; 19; 0; 0; 1; 1; 1; 0; 1; 0
6373; 10; 0; 0; 1; 1; 1; 0; 1; 0
6375; 19; 0; 0; 1; 1; 1; 0; 1; 0
6379; 10; 2; 1; 0,1; 0,1; 0; 1; 0; 1
6390; 5; 0; 0; 1; 1; 1; 0; 1; 0
6398; 2; 1; 0; 1; 0; 1; 0; 1; 0
6419; 2; 0; 0; 1; 1; 1; 0; 1; 0
6432; 21; 0; 0; 1; 1; 1; 0; 1; 0
6447; 10; 0; 0; 1; 1; 1; 0; 1; 0
6453; 10; 0; 0; 1; 1; 1; 0; 1; 0
6463; 2; 1; 1; 1; 1; 0; 0; 0,375557317983357; 0,624442682016643
6472; 3; 2; 0; 1; 0; 1; 0; 1; 0
6476; 17; 0; 0; 1; 1; 1; 0; 1; 0
6495; 10; 0; 0; 1; 1; 1; 0; 1; 0
6503; 10; 0; 0; 1; 1; 1; 0; 1; 0
6504; 38; 0; 0; 1; 1; 1; 0; 1; 0
6507; 10; 0; 0; 1; 1; 1; 0; 1; 0
6511; 180; 0; 0; 1; 1; 1; 0; 1; 0
6515; 13; 0; 0; 1; 1; 1; 0; 1; 0
6523; 19; 0; 0; 1; 1; 1; 0; 1; 0
6526; 340; 0; 0; 1; 1; 1; 0; 1; 0
6527; 2; 0; 0; 1; 1; 1; 0; 1; 0
6528; 13; 0; 0; 1; 1; 1; 0; 1; 0
6534; 19; 0; 0; 1; 1; 1; 0; 1; 0
6536; 19; 0; 0; 1; 1; 1; 0; 1; 0
6543; 2; 1; 0; 1; 0; 1; 0; 1; 0
6549; 2; 1; 0; 1; 0; 1; 0; 1; 0
6559; 2; 0; 0; 1; 1; 1; 0; 1; 0
6561; 20; 0; 0; 1; 1; 1; 0; 1; 0
6569; 20; 0; 0; 1; 1; 1; 0; 1; 0
6577; 6; 4; 2; 1; 0; 0; 0; 0,375384136868645; 0,624615863131356
6602; 2; 0; 0; 1; 1; 1; 0; 1; 0
6615; 2; 0; 0; 1; 1; 1; 0; 1; 0
6645; 4; 0; 0; 1; 1; 1; 0; 1; 0
6651; 4; 0; 0; 1; 1; 1; 0; 1; 0
6675; 16; 0; 0; 1; 1; 1; 0; 1; 0
6676; 4; 0; 0; 1; 1; 1; 0; 1; 0
6678; 25; 3; 0; 1; 0; 1; 0; 1; 0
6682; 18; 0; 0; 1; 1; 1; 0; 1; 0
6687; 2; 0; 1; 1; 0; 0; 1; 0; 1
6698; 44; 0; 0; 1; 1; 1; 0; 1; 0
6704; 4; 1; 1; 1; 1; 0; 0; 0,374720925220588; 0,625279074779412
6717; 2; 1; 1; 1; 1; 0; 0; 0,444451119043062; 0,555548880956938
6718; 20; 1; 1; 1; 1; 0; 0; 0,555205521368188; 0,444794478631812
6721; 3; 0; 0; 1; 1; 1; 0; 1; 0
6724; 2; 0; 0; 1; 1; 1; 0; 1; 0
6731; 2; 0; 0; 1; 1; 1; 0; 1; 0
6739; 26; 0; 0; 1; 1; 1; 0; 1; 0
6749; 20; 0; 0; 1; 1; 1; 0; 1; 0
6753; 500; 0; 0; 1; 1; 1; 0; 1; 0
6767; 3; 0; 2; 1; 0; 0; 1; 0; 1
6782; 2; 1; 0; 1; 0; 1; 0; 1; 0
6787; 2; 0; 0; 1; 1; 1; 0; 1; 0
6794; 21; 0; 0; 1; 1; 1; 0; 1; 0
6836; 2; 0; 0; 1; 1; 1; 0; 1; 0
6855; 20; 0; 0; 1; 1; 1; 0; 1; 0
6861; 2; 0; 0; 1; 1; 1; 0; 1; 0
6863; 2; 0; 0; 1; 1; 1; 0; 1; 0
6866; 21; 0; 0; 1; 1; 1; 0; 1; 0
6870; 19; 0; 0; 1; 1; 1; 0; 1; 0
6889; 10; 0; 0; 1; 1; 1; 0; 1; 0
6898; 2; 0; 0; 1; 1; 1; 0; 1; 0
6900; 3; 0; 0; 1; 1; 1; 0; 1; 0
6901; 17; 0; 0; 1; 1; 1; 0; 1; 0
6903; 20; 0; 0; 1; 1; 1; 0; 1; 0
6907; 20; 0; 0; 1; 1; 1; 0; 1; 0
6909; 20; 0; 0; 1; 1; 1; 0; 1; 0
6912; 10; 0; 0; 1; 1; 1; 0; 1; 0
6918; 10; 0; 0; 1; 1; 1; 0; 1; 0
6920; 24; 0; 0; 1; 1; 1; 0; 1; 0
6923; 20; 0; 0; 1; 1; 1; 0; 1; 0
6931; 18; 0; 0; 1; 1; 1; 0; 1; 0
6936; 26; 0; 0; 1; 1; 1; 0; 1; 0
6937; 2; 0; 0; 1; 1; 1; 0; 1; 0
6942; 2; 0; 0; 1; 1; 1; 0; 1; 0
6947; 13; 0; 0; 1; 1; 1; 0; 1; 0
6960; 2; 1; 1; 1; 1; 0; 0; 0,331599996738756; 0,668400003261244
6961; 12; 0; 0; 1; 1; 1; 0; 1; 0
6976; 2; 1; 0; 1; 0; 1; 0; 1; 0
6986; 10; 0; 0; 1; 1; 1; 0; 1; 0
6989; 21; 0; 0; 1; 1; 1; 0; 1; 0
7008; 32; 0; 0; 1; 1; 1; 0; 1; 0
7011; 3; 1; 2; 1; 0; 0; 0; 0,144062826046394; 0,855937173953606
7030; 2; 0; 0; 1; 1; 1; 0; 1; 0
7034; 18; 0; 0; 1; 1; 1; 0; 1; 0
7035; 13; 0; 0; 1; 1; 1; 0; 1; 0
7038; 26; 0; 0; 1; 1; 1; 0; 1; 0
7039; 2; 0; 1; 1; 0; 0; 1; 0; 1
7040; 10; 0; 0; 1; 1; 1; 0; 1; 0
7052; 2; 0; 0; 1; 1; 1; 0; 1; 0
7058; 13; 0; 0; 1; 1; 1; 0; 1; 0
7065; 2; 0; 0; 1; 1; 1; 0; 1; 0
7068; 2; 0; 0; 1; 1; 1; 0; 1; 0
7080; 3; 0; 0; 1; 1; 1; 0; 1; 0
7090; 2; 1; 1; 1; 1; 0; 1; 0; 1
7092; 13; 0; 0; 1; 1; 1; 0; 1; 0
7106; 3; 0; 0; 1; 1; 1; 0; 1; 0
7110; 4; 0; 0; 1; 1; 1; 0; 1; 0
7128; 34; 0; 0; 1; 1; 1; 0; 1; 0
7130; 18; 0; 0; 1; 1; 1; 0; 1; 0
7140; 2; 1; 0; 1; 0; 1; 0; 1; 0
7143; 2; 1; 1; 1; 1; 0; 0; 0,500369451615935; 0,499630548384065
7145; 16; 0; 0; 1; 1; 1; 0; 1; 0
7154; 20; 0; 0; 1; 1; 1; 0; 1; 0
7155; 10; 0; 0; 1; 1; 1; 0; 1; 0
7168; 2; 0; 0; 1; 1; 1; 0; 1; 0
7175; 10; 0; 0; 1; 1; 1; 0; 1; 0
7182; 16; 0; 0; 1; 1; 1; 0; 1; 0
7186; 2; 0; 0; 1; 1; 1; 0; 1; 0
7196; 24; 0; 0; 1; 1; 1; 0; 1; 0
7204; 2; 0; 0; 1; 1; 1; 0; 1; 0
7211; 13; 0; 0; 1; 1; 1; 0; 1; 0
7213; 13; 0; 0; 1; 1; 1; 0; 1; 0
7262; 20; 0; 0; 1; 1; 1; 0; 1; 0
7266; 10; 0; 0; 1; 1; 1; 0; 1; 0
7278; 20; 0; 0; 1; 1; 1; 0; 1; 0
7279; 2; 1; 1; 1; 1; 0; 0; 0,165746467054004; 0,834253532945996
7283; 2; 1; 0; 1; 0; 1; 0; 1; 0
7287; 3; 2; 2; 1; 1; 0; 0; 0,500296553284424; 0,499703446715576
7303; 13; 0; 0; 1; 1; 1; 0; 1; 0
7314; 2; 0; 0; 1; 1; 1; 0; 1; 0
7316; 38; 0; 0; 1; 1; 1; 0; 1; 0
7318; 2; 0; 0; 1; 1; 1; 0; 1; 0
7332; 3; 0; 0; 1; 1; 1; 0; 1; 0
7334; 10; 0; 0; 1; 1; 1; 0; 1; 0
7335; 180; 0; 0; 1; 1; 1; 0; 1; 0
7336; 15; 0; 0; 1; 1; 1; 0; 1; 0
7344; 10; 0; 0; 1; 1; 1; 0; 1; 0
7345; 21; 0; 0; 1; 1; 1; 0; 1; 0
7353; 10; 0; 0; 1; 1; 1; 0; 1; 0
7364; 2; 0; 0; 1; 1; 1; 0; 1; 0
7380; 2; 1; 0; 1; 0; 1; 0; 1; 0
7383; 2; 0; 0; 1; 1; 1; 0; 1; 0
7395; 2; 0; 0; 1; 1; 1; 0; 1; 0
7397; 2; 0; 0; 1; 1; 1; 0; 1; 0
7402; 12; 0; 0; 1; 1; 1; 0; 1; 0
7415; 10; 0; 0; 1; 1; 1; 0; 1; 0
7418; 26; 0; 0; 1; 1; 1; 0; 1; 0
7437; 3; 2; 0; 1; 0; 1; 0; 1; 0
7450; 10; 0; 0; 1; 1; 1; 0; 1; 0
7452; 2; 0; 0; 1; 1; 1; 0; 1; 0
7454; 19; 0; 0; 1; 1; 1; 0; 1; 0
7470; 16; 0; 0; 1; 1; 1; 0; 1; 0
7471; 3; 0; 0; 1; 1; 1; 0; 1; 0
7473; 2; 0; 0; 1; 1; 1; 0; 1; 0
7476; 24; 0; 0; 1; 1; 1; 0; 1; 0
7478; 10; 0; 0; 1; 1; 1; 0; 1; 0
7492; 10; 0; 0; 1; 1; 1; 0; 1; 0
7495; 10; 0; 0; 1; 1; 1; 0; 1; 0
7497; 21; 0; 0; 1; 1; 1; 0; 1; 0
7502; 4; 0; 0; 1; 1; 1; 0; 1; 0
7521; 3; 1; 1; 1; 1; 0; 0; 0,429178045545455; 0,570821954454545
7522; 2; 0; 1; 1; 0; 0; 0; 0,334527279994034; 0,665472720005966
7527; 2; 0; 0; 1; 1; 1; 0; 1; 0
7528; 10; 0; 0; 1; 1; 1; 0; 1; 0
7532; 10; 0; 0; 1; 1; 1; 0; 1; 0
7533; 10; 0; 0; 1; 1; 1; 0; 1; 0
7538; 20; 0; 0; 1; 1; 1; 0; 1; 0
7540; 24; 0; 0; 1; 1; 1; 0; 1; 0
7542; 10; 0; 0; 1; 1; 1; 0; 1; 0
7547; 10; 0; 0; 1; 1; 1; 0; 1; 0
7552; 3; 1; 1; 1; 1; 0; 0; 0,166844929235057; 0,833155070764943
7571; 20; 0; 0; 1; 1; 1; 0; 1; 0
7572; 2; 0; 0; 1; 1; 1; 0; 1; 0
7579; 19; 0; 0; 1; 1; 1; 0; 1; 0
7580; 3; 0; 0; 1; 1; 1; 0; 1; 0
7582; 10; 0; 0; 1; 1; 1; 0; 1; 0
7584; 100; 0; 0; 1; 1; 1; 0; 1; 0
7590; 24; 0; 0; 1; 1; 1; 0; 1; 0
7591; 15; 0; 0; 1; 1; 1; 0; 1; 0
7605; 2; 0; 0; 1; 1; 1; 0; 1; 0
7613; 10; 0; 0; 1; 1; 1; 0; 1; 0
7614; 16; 0; 0; 1; 1; 1; 0; 1; 0
7617; 2; 0; 0; 1; 1; 1; 0; 1; 0
7623; 2; 0; 0; 1; 1; 1; 0; 1; 0
7624; 10; 0; 0; 1; 1; 1; 0; 1; 0
7626; 2; 1; 0; 1; 0; 1; 0; 1; 0
7632; 2; 0; 0; 1; 1; 1; 0; 1; 0
7634; 2; 0; 0; 1; 1; 1; 0; 1; 0
7646; 3; 2; 2; 1; 1; 0; 0; 0,334384756660017; 0,665615243339983
7650; 24; 0; 0; 1; 1; 1; 0; 1; 0
7651; 10; 0; 0; 1; 1; 1; 0; 1; 0
7656; 2; 1; 0; 1; 0; 1; 0; 1; 0
7659; 2; 0; 0; 1; 1; 1; 0; 1; 0
7662; 4; 0; 0; 1; 1; 1; 0; 1; 0
7663; 2; 0; 0; 1; 1; 1; 0; 1; 0
7668; 15; 0; 0; 1; 1; 1; 0; 1; 0
7672; 12; 0; 0; 1; 1; 1; 0; 1; 0
7680; 2; 0; 0; 1; 1; 1; 0; 1; 0
7685; 2; 0; 0; 1; 1; 1; 0; 1; 0
7689; 2; 0; 0; 1; 1; 1; 0; 1; 0
7698; 2; 0; 0; 1; 1; 1; 0; 1; 0
7700; 2; 0; 1; 1; 0; 0; 1; 0; 1
7701; 19; 0; 0; 1; 1; 1; 0; 1; 0
7702; 20; 0; 0; 1; 1; 1; 0; 1; 0
7703; 18; 0; 2; 1; 0; 0; 0; 0,2520897830059; 0,7479102169941
7712; 18; 0; 1; 1; 0; 0; 0; 0,667074361289666; 0,332925638710334
7721; 20; 0; 0; 1; 1; 1; 0; 1; 0
7731; 2; 0; 0; 1; 1; 1; 0; 1; 0
7738; 2; 1; 1; 1; 1; 0; 0; 0,444451119043062; 0,555548880956938
7739; 20; 0; 0; 1; 1; 1; 0; 1; 0
7741; 2; 0; 0; 1; 1; 1; 0; 1; 0
7748; 10; 2; 1; 1; 0; 0; 0; 0,375294530866814; 0,624705469133186
7752; 2; 1; 1; 1; 1; 0; 1; 0; 1
7754; 2; 0; 0; 1; 1; 1; 0; 1; 0
7759; 13; 0; 0; 1; 1; 1; 0; 1; 0
7764; 10; 0; 0; 1; 1; 1; 0; 1; 0
7784; 4; 0; 0; 1; 1; 1; 0; 1; 0
7796; 19; 0; 0; 1; 1; 1; 0; 1; 0
7803; 16; 0; 0; 1; 1; 1; 0; 1; 0
7812; 19; 0; 0; 1; 1; 1; 0; 1; 0
7820; 21; 0; 0; 1; 1; 1; 0; 1; 0
7832; 36; 1; 0; 1; 0; 1; 0; 1; 0
7836; 10; 0; 0; 1; 1; 1; 0; 1; 0
7839; 2; 1; 0; 1; 0; 1; 0; 1; 0
7841; 3; 1; 1; 1; 1; 0; 0; 0,166844929235057; 0,833155070764943
7845; 10; 0; 0; 1; 1; 1; 0; 1; 0
7846; 16; 0; 0; 1; 1; 1; 0; 1; 0
7853; 2; 0; 0; 1; 1; 1; 0; 1; 0
7854; 2; 0; 1; 1; 0; 0; 0; 0,428624748939319; 0,571375251060681
7859; 3; 0; 0; 1; 1; 1; 0; 1; 0
7869; 36; 0; 0; 1; 1; 1; 0; 1; 0
7870; 20; 0; 0; 1; 1; 1; 0; 1; 0
7873; 10; 0; 0; 1; 1; 1; 0; 1; 0
7886; 2; 0; 0; 1; 1; 1; 0; 1; 0
7889; 20; 0; 0; 1; 1; 1; 0; 1; 0
7897; 19; 0; 0; 1; 1; 1; 0; 1; 0
7902; 2; 0; 0; 1; 1; 1; 0; 1; 0
7921; 10; 0; 0; 1; 1; 1; 0; 1; 0
7935; 10; 0; 0; 1; 1; 1; 0; 1; 0
7937; 21; 0; 0; 1; 1; 1; 0; 1; 0
7939; 3; 1; 0; 0,333333333333333; 0,333333333333333; 1; 0; 1; 0
7959; 20; 0; 0; 1; 1; 1; 0; 1; 0
7966; 340; 0; 0; 1; 1; 1; 0; 1; 0
7974; 18; 0; 0; 1; 1; 1; 0; 1; 0
7983; 10; 0; 0; 1; 1; 1; 0; 1; 0
7989; 38; 0; 0; 1; 1; 1; 0; 1; 0
7994; 24; 0; 0; 1; 1; 1; 0; 1; 0
8002; 24; 0; 0; 1; 1; 1; 0; 1; 0
8007; 260; 0; 0; 1; 1; 1; 0; 1; 0
8014; 18; 0; 0; 1; 1; 1; 0; 1; 0
8018; 32; 0; 0; 1; 1; 1; 0; 1; 0
8019; 19; 0; 0; 1; 1; 1; 0; 1; 0
8041; 19; 0; 0; 1; 1; 1; 0; 1; 0
8045; 2; 0; 0; 1; 1; 1; 0; 1; 0
8050; 21; 0; 0; 1; 1; 1; 0; 1; 0
8110; 4; 1; 0; 1; 0; 1; 0; 1; 0
8117; 16; 0; 0; 1; 1; 1; 0; 1; 0
8125; 2; 0; 0; 1; 1; 1; 0; 1; 0
8130; 4; 1; 1; 1; 1; 0; 0; 0,500296553284424; 0,499703446715576
8136; 10; 0; 0; 1; 1; 1; 0; 1; 0
8139; 10; 0; 0; 1; 1; 1; 0; 1; 0
8140; 3; 0; 0; 1; 1; 1; 0; 1; 0
8144; 10; 0; 0; 1; 1; 1; 0; 1; 0
8147; 2; 0; 0; 1; 1; 1; 0; 1; 0
8148; 10; 0; 0; 1; 1; 1; 0; 1; 0
8156; 10; 0; 0; 1; 1; 1; 0; 1; 0
8170; 2; 0; 0; 1; 1; 1; 0; 1; 0
8183; 2; 0; 0; 1; 1; 1; 0; 1; 0
8190; 2; 0; 0; 1; 1; 1; 0; 1; 0
8194; 2; 1; 1; 1; 1; 0; 0; 0,286688520378863; 0,713311479621137
8197; 34; 0; 1; 1; 0; 0; 0; 0,499812397639109; 0,500187602360891
8203; 2; 0; 0; 1; 1; 1; 0; 1; 0
8209; 2; 1; 1; 1; 1; 0; 0; 0,167469245601942; 0,832530754398058
8214; 200; 0; 0; 1; 1; 1; 0; 1; 0
8215; 19; 0; 0; 1; 1; 1; 0; 1; 0
8217; 10; 1; 2; 1; 0; 0; 0; 0,3340232507444; 0,6659767492556
8230; 10; 0; 0; 1; 1; 1; 0; 1; 0
8234; 170; 0; 0; 1; 1; 1; 0; 1; 0
8245; 2; 1; 0; 1; 0; 1; 0; 1; 0
8253; 21; 0; 0; 1; 1; 1; 0; 1; 0
8263; 2; 1; 0; 1; 0; 1; 0; 1; 0
8275; 24; 0; 0; 1; 1; 1; 0; 1; 0
8286; 10; 0; 0; 1; 1; 1; 0; 1; 0
8290; 3; 0; 0; 1; 1; 1; 0; 1; 0
8297; 20; 0; 0; 1; 1; 1; 0; 1; 0
8301; 2; 0; 0; 1; 1; 1; 0; 1; 0
8307; 10; 0; 0; 1; 1; 1; 0; 1; 0
8309; 42; 0; 0; 1; 1; 1; 0; 1; 0
8312; 21; 0; 0; 1; 1; 1; 0; 1; 0
8332; 2; 0; 0; 1; 1; 1; 0; 1; 0
8336; 21; 0; 0; 1; 1; 1; 0; 1; 0
8337; 10; 0; 0; 1; 1; 1; 0; 1; 0
8352; 2; 0; 0; 1; 1; 1; 0; 1; 0
8358; 10; 0; 0; 1; 1; 1; 0; 1; 0
8359; 21; 0; 0; 1; 1; 1; 0; 1; 0
8362; 18; 0; 0; 1; 1; 1; 0; 1; 0
8366; 2; 1; 1; 1; 1; 0; 1; 0; 1
8369; 36; 0; 0; 1; 1; 1; 0; 1; 0
8375; 20; 0; 0; 1; 1; 1; 0; 1; 0
8381; 21; 0; 0; 1; 1; 1; 0; 1; 0
8400; 2; 0; 0; 1; 1; 1; 0; 1; 0
8413; 10; 0; 0; 1; 1; 1; 0; 1; 0
8436; 18; 0; 0; 1; 1; 1; 0; 1; 0
8445; 15; 0; 0; 1; 1; 1; 0; 1; 0
8448; 13; 0; 0; 1; 1; 1; 0; 1; 0
8451; 10; 0; 0; 1; 1; 1; 0; 1; 0
8456; 2; 0; 0; 1; 1; 1; 0; 1; 0
8462; 2; 0; 0; 1; 1; 1; 0; 1; 0
8483; 2; 0; 0; 1; 1; 1; 0; 1; 0
8487; 4; 2; 0; 0,25; 0,25; 1; 0; 1; 0
8489; 10; 0; 0; 1; 1; 1; 0; 1; 0
8495; 19; 0; 0; 1; 1; 1; 0; 1; 0
8496; 2; 0; 0; 1; 1; 1; 0; 1; 0
8505; 20; 0; 0; 1; 1; 1; 0; 1; 0
8508; 17; 0; 0; 1; 1; 1; 0; 1; 0
8512; 2; 1; 0; 1; 0; 1; 0; 1; 0
8518; 24; 0; 0; 1; 1; 1; 0; 1; 0
8527; 2; 0; 0; 1; 1; 1; 0; 1; 0
8530; 21; 0; 0; 1; 1; 1; 0; 1; 0
8533; 25; 0; 0; 1; 1; 1; 0; 1; 0
8536; 10; 0; 0; 1; 1; 1; 0; 1; 0
8540; 24; 0; 0; 1; 1; 1; 0; 1; 0
8548; 34; 0; 1; 1; 0; 0; 0; 0,375732470158157; 0,624267529841843
8550; 2; 0; 0; 1; 1; 1; 0; 1; 0
8554; 2; 0; 0; 1; 1; 1; 0; 1; 0
8565; 10; 2; 2; 1; 1; 0; 0; 0,110264698184702; 0,889735301815298
8568; 2; 0; 0; 1; 1; 1; 0; 1; 0
8578; 20; 0; 0; 1; 1; 1; 0; 1; 0
8586; 2; 0; 0; 1; 1; 1; 0; 1; 0
8596; 2; 1; 1; 1; 1; 0; 0; 0,33305199406266; 0,66694800593734
8600; 10; 0; 0; 1; 1; 1; 0; 1; 0
8605; 3; 2; 0; 1; 0; 1; 0; 1; 0
8606; 2; 1; 0; 1; 0; 1; 0; 1; 0
8608; 10; 0; 0; 1; 1; 1; 0; 1; 0
8609; 17; 0; 0; 1; 1; 1; 0; 1; 0
8614; 2; 1; 1; 1; 1; 0; 0; 0,28552170089755; 0,71447829910245
8617; 24; 0; 0; 1; 1; 1; 0; 1; 0
8623; 10; 0; 0; 1; 1; 1; 0; 1; 0
8625; 10; 0; 0; 1; 1; 1; 0; 1; 0
8627; 10; 1; 2; 1; 0; 0; 0; 0,110264698184702; 0,889735301815298
8634; 2; 0; 0; 1; 1; 1; 0; 1; 0
8641; 13; 0; 0; 1; 1; 1; 0; 1; 0
8650; 20; 0; 0; 1; 1; 1; 0; 1; 0
8655; 2; 0; 0; 1; 1; 1; 0; 1; 0
8661; 2; 0; 0; 1; 1; 1; 0; 1; 0
8668; 2; 0; 0; 1; 1; 1; 0; 1; 0
8669; 2; 1; 1; 1; 1; 0; 0; 0,429144910859318; 0,570855089140682
8674; 21; 0; 0; 1; 1; 1; 0; 1; 0
8685; 16; 0; 0; 1; 1; 1; 0; 1; 0
8694; 10; 0; 0; 1; 1; 1; 0; 1; 0
8701; 26; 0; 0; 1; 1; 1; 0; 1; 0
8703; 10; 0; 0; 1; 1; 1; 0; 1; 0
8705; 13; 0; 0; 1; 1; 1; 0; 1; 0
8713; 4; 0; 0; 1; 1; 1; 0; 1; 0
8728; 20; 0; 0; 1; 1; 1; 0; 1; 0
8749; 2; 0; 0; 1; 1; 1; 0; 1; 0
8754; 2; 0; 0; 1; 1; 1; 0; 1; 0
8762; 12; 0; 0; 1; 1; 1; 0; 1; 0
8768; 2; 0; 0; 1; 1; 1; 0; 1; 0
8771; 13; 0; 0; 1; 1; 1; 0; 1; 0
8772; 10; 0; 0; 1; 1; 1; 0; 1; 0
8793; 3; 0; 0; 1; 1; 1; 0; 1; 0
8796; 3; 1; 2; 1; 0; 0; 0; 0,142627725730603; 0,857372274269397
8801; 306; 0; 0; 1; 1; 1; 0; 1; 0
8803; 10; 0; 0; 1; 1; 1; 0; 1; 0
8810; 10; 0; 0; 1; 1; 1; 0; 1; 0
8818; 19; 0; 0; 1; 1; 1; 0; 1; 0
8820; 4; 0; 0; 1; 1; 1; 0; 1; 0
8822; 14; 0; 0; 1; 1; 1; 0; 1; 0
8827; 4; 0; 0; 1; 1; 1; 0; 1; 0
8831; 80; 0; 0; 1; 1; 1; 0; 1; 0
8834; 2; 1; 1; 1; 1; 0; 1; 0; 1
8856; 13; 0; 0; 1; 1; 1; 0; 1; 0
8865; 10; 2; 2; 1; 1; 0; 0; 0,499830914844845; 0,500169085155155
8875; 2; 0; 0; 1; 1; 1; 0; 1; 0
8880; 10; 0; 0; 1; 1; 1; 0; 1; 0
8895; 3; 0; 2; 1; 0; 0; 0; 0,142953369169137; 0,857046630830863
8902; 2; 0; 0; 1; 1; 1; 0; 1; 0
8903; 21; 0; 0; 1; 1; 1; 0; 1; 0
8904; 2; 0; 0; 1; 1; 1; 0; 1; 0
8909; 10; 0; 0; 1; 1; 1; 0; 1; 0
8910; 2; 0; 0; 1; 1; 1; 0; 1; 0
8922; 2; 0; 0; 1; 1; 1; 0; 1; 0
8926; 4; 0; 0; 1; 1; 1; 0; 1; 0
8935; 10; 0; 0; 1; 1; 1; 0; 1; 0
8936; 18; 0; 0; 1; 1; 1; 0; 1; 0
8937; 20; 0; 0; 1; 1; 1; 0; 1; 0
8948; 2; 0; 0; 1; 1; 1; 0; 1; 0
8949; 21; 0; 0; 1; 1; 1; 0; 1; 0
8951; 18; 0; 0; 1; 1; 1; 0; 1; 0
8956; 21; 0; 0; 1; 1; 1; 0; 1; 0
8962; 18; 0; 0; 1; 1; 1; 0; 1; 0
8966; 13; 0; 0; 1; 1; 1; 0; 1; 0
8975; 200; 0; 0; 1; 1; 1; 0; 1; 0
8982; 13; 0; 0; 1; 1; 1; 0; 1; 0
8992; 10; 0; 0; 1; 1; 1; 0; 1; 0
8994; 2; 0; 0; 1; 1; 1; 0; 1; 0
9003; 26; 5; 5; 1; 1; 0; 0; 0,444393102614824; 0,555606897385176
9005; 2; 1; 1; 1; 1; 0; 0; 0,19881132297054; 0,80118867702946
9010; 13; 0; 0; 1; 1; 1; 0; 1; 0
9019; 10; 0; 0; 1; 1; 1; 0; 1; 0
9021; 3; 1; 0; 1; 0; 1; 0; 1; 0
9039; 10; 0; 0; 1; 1; 1; 0; 1; 0
9040; 2; 1; 1; 1; 1; 0; 0; 0,334527279994034; 0,665472720005966
9044; 32; 0; 0; 1; 1; 1; 0; 1; 0
9045; 10; 0; 0; 1; 1; 1; 0; 1; 0
9051; 12; 0; 0; 1; 1; 1; 0; 1; 0
9060; 21; 0; 0; 1; 1; 1; 0; 1; 0
9069; 2; 0; 0; 1; 1; 1; 0; 1; 0
9076; 25; 0; 0; 1; 1; 1; 0; 1; 0
9085; 25; 0; 0; 1; 1; 1; 0; 1; 0
9088; 10; 0; 0; 1; 1; 1; 0; 1; 0
9089; 2; 0; 0; 1; 1; 1; 0; 1; 0
9090; 20; 0; 0; 1; 1; 1; 0; 1; 0
9091; 5; 0; 0; 1; 1; 1; 0; 1; 0
9112; 17; 0; 0; 1; 1; 1; 0; 1; 0
9117; 20; 0; 0; 1; 1; 1; 0; 1; 0
9122; 19; 11; 0; 0,0526315789473684; 0,0526315789473684; 1; 0; 1; 0
9123; 15; 0; 0; 1; 1; 1; 0; 1; 0
9133; 10; 0; 0; 1; 1; 1; 0; 1; 0
9152; 10; 0; 0; 1; 1; 1; 0; 1; 0
9172; 3; 2; 2; 1; 1; 0; 0; 0,444393102614824; 0,555606897385176
9178; 10; 0; 0; 1; 1; 1; 0; 1; 0
9180; 20; 0; 0; 1; 1; 1; 0; 1; 0
9198; 2; 0; 0; 1; 1; 1; 0; 1; 0
9203; 13; 0; 0; 1; 1; 1; 0; 1; 0
9205; 2; 0; 0; 1; 1; 1; 0; 1; 0
9208; 2; 1; 0; 1; 0; 1; 0; 1; 0
9213; 2; 0; 0; 1; 1; 1; 0; 1; 0
9220; 2; 1; 0; 1; 0; 1; 0; 1; 0
9227; 10; 0; 0; 1; 1; 1; 0; 1; 0
9236; 10; 0; 0; 1; 1; 1; 0; 1; 0
9240; 13; 0; 0; 1; 1; 1; 0; 1; 0
9253; 4; 1; 1; 1; 1; 0; 0; 0,500296553284424; 0,499703446715576
9256; 2; 1; 1; 1; 1; 0; 0; 0,200879422189546; 0,799120577810454
9258; 21; 0; 0; 1; 1; 1; 0; 1; 0
9260; 20; 0; 0; 1; 1; 1; 0; 1; 0
9262; 10; 1; 2; 1; 0; 0; 0; 0,334096601996542; 0,665903398003458
9275; 6; 2; 2; 1; 1; 0; 0; 0,251877057989716; 0,748122942010284
9285; 2; 0; 0; 1; 1; 1; 0; 1; 0
9287; 16; 0; 1; 1; 0; 0; 0; 0,500369451615935; 0,499630548384065
9298; 10; 0; 0; 1; 1; 1; 0; 1; 0
9313; 13; 0; 0; 1; 1; 1; 0; 1; 0
9314; 10; 0; 0; 1; 1; 1; 0; 1; 0
9318; 20; 0; 0; 1; 1; 1; 0; 1; 0
9331; 10; 0; 0; 1; 1; 1; 0; 1; 0
9332; 16; 0; 2; 1; 0; 0; 1; 0; 1
9338; 2; 0; 0; 1; 1; 1; 0; 1; 0
9344; 2; 0; 0; 1; 1; 1; 0; 1; 0
9345; 2; 0; 0; 1; 1; 1; 0; 1; 0
9360; 4; 0; 0; 1; 1; 1; 0; 1; 0
9364; 3; 0; 0; 1; 1; 1; 0; 1; 0
9371; 3; 0; 0; 1; 1; 1; 0; 1; 0
9389; 2; 1; 0; 1; 0; 1; 0; 1; 0
9395; 2; 1; 1; 1; 1; 0; 0; 0,334786093832472; 0,665213906167529
9402; 2; 0; 0; 1; 1; 1; 0; 1; 0
9403; 13; 0; 0; 1; 1; 1; 0; 1; 0
9410; 24; 0; 0; 1; 1; 1; 0; 1; 0
9412; 12; 0; 0; 1; 1; 1; 0; 1; 0
9419; 4; 0; 0; 1; 1; 1; 0; 1; 0
9421; 15; 0; 0; 1; 1; 1; 0; 1; 0
9423; 2; 0; 0; 1; 1; 1; 0; 1; 0
9436; 10; 0; 0; 1; 1; 1; 0; 1; 0
9440; 2; 0; 0; 1; 1; 1; 0; 1; 0
9451; 21; 0; 0; 1; 1; 1; 0; 1; 0
9456; 3; 2; 1; 1; 0; 0; 1; 0; 1
9464; 3; 0; 0; 1; 1; 1; 0; 1; 0
9469; 3; 0; 0; 1; 1; 1; 0; 1; 0
9472; 36; 0; 0; 1; 1; 1; 0; 1; 0
9477; 2; 1; 1; 1; 1; 0; 0; 0,334786093832472; 0,665213906167529
9495; 130; 0; 0; 1; 1; 1; 0; 1; 0
9509; 24; 0; 0; 1; 1; 1; 0; 1; 0
9522; 17; 0; 0; 1; 1; 1; 0; 1; 0
9523; 3; 1; 1; 0,333333333333333; 0,333333333333333; 0; 0; 0,375384136868645; 0,624615863131356
9527; 4; 0; 0; 1; 1; 1; 0; 1; 0
9529; 24; 0; 0; 1; 1; 1; 0; 1; 0
9533; 10; 0; 0; 1; 1; 1; 0; 1; 0
9536; 10; 0; 0; 1; 1; 1; 0; 1; 0
9560; 2; 0; 0; 1; 1; 1; 0; 1; 0
9569; 10; 0; 0; 1; 1; 1; 0; 1; 0
9574; 2; 0; 0; 1; 1; 1; 0; 1; 0
9575; 3; 0; 0; 1; 1; 1; 0; 1; 0
9591; 2; 0; 0; 1; 1; 1; 0; 1; 0
9615; 100; 0; 0; 1; 1; 1; 0; 1; 0
9619; 13; 0; 0; 1; 1; 1; 0; 1; 0
9624; 2; 1; 1; 1; 1; 0; 0; 0,332408649329237; 0,667591350670763
9630; 2; 0; 1; 1; 0; 0; 0; 0,555258121961207; 0,444741878038793
9631; 21; 0; 0; 1; 1; 1; 0; 1; 0
9633; 3; 0; 1; 1; 0; 0; 0; 0,42962995594171; 0,57037004405829
9653; 18; 0; 0; 1; 1; 1; 0; 1; 0
9662; 4; 2; 2; 1; 1; 0; 0; 0,427455470223897; 0,572544529776103
9671; 190; 0; 0; 1; 1; 1; 0; 1; 0
9682; 2; 0; 0; 1; 1; 1; 0; 1; 0
9705; 2; 0; 0; 1; 1; 1; 0; 1; 0
9714; 16; 0; 0; 1; 1; 1; 0; 1; 0
9725; 3; 0; 0; 1; 1; 1; 0; 1; 0
9726; 360; 0; 0; 1; 1; 1; 0; 1; 0
9738; 3; 0; 0; 1; 1; 1; 0; 1; 0
9746; 60; 0; 0; 1; 1; 1; 0; 1; 0
9752; 2; 1; 1; 1; 1; 0; 1; 0; 1
9756; 2; 1; 1; 1; 1; 0; 0; 0,428431735058879; 0,571568264941121
9772; 18; 0; 0; 1; 1; 1; 0; 1; 0
9773; 20; 0; 0; 1; 1; 1; 0; 1; 0
9777; 16; 2; 1; 1; 0; 0; 0; 0,500369451615935; 0,499630548384065
9779; 15; 0; 0; 1; 1; 1; 0; 1; 0
9787; 100; 0; 0; 1; 1; 1; 0; 1; 0
9808; 10; 2; 2; 1; 1; 0; 0; 0,555699429471527; 0,444300570528473
9826; 200; 0; 0; 1; 1; 1; 0; 1; 0
9833; 2; 1; 1; 1; 1; 0; 1; 0; 1
9834; 2; 0; 0; 1; 1; 1; 0; 1; 0
9837; 18; 0; 3; 1; 0; 0; 0; 0,667301431663808; 0,332698568336192
9841; 2; 1; 0; 1; 0; 1; 0; 1; 0
9842; 2; 0; 0; 1; 1; 1; 0; 1; 0
9848; 10; 0; 0; 1; 1; 1; 0; 1; 0
9852; 2; 0; 0; 1; 1; 1; 0; 1; 0
9881; 10; 0; 0; 1; 1; 1; 0; 1; 0
9882; 2; 0; 0; 1; 1; 1; 0; 1; 0
9884; 16; 0; 3; 1; 0; 0; 1; 0; 1
9890; 3; 0; 0; 1; 1; 1; 0; 1; 0
9895; 16; 0; 0; 1; 1; 1; 0; 1; 0
9907; 26; 5; 4; 1; 0; 0; 0; 0,110385963819636; 0,889614036180364
9913; 2; 0; 0; 1; 1; 1; 0; 1; 0
9917; 10; 0; 0; 1; 1; 1; 0; 1; 0
9923; 26; 0; 0; 1; 1; 1; 0; 1; 0
9928; 26; 0; 0; 1; 1; 1; 0; 1; 0
9932; 2; 1; 0; 1; 0; 1; 0; 1; 0
9933; 24; 0; 0; 1; 1; 1; 0; 1; 0
9935; 13; 0; 0; 1; 1; 1; 0; 1; 0
9940; 20; 1; 1; 1; 1; 0; 0; 0,624842559363255; 0,375157440636745
9942; 2; 0; 0; 1; 1; 1; 0; 1; 0
9947; 2; 0; 0; 1; 1; 1; 0; 1; 0
9957; 21; 0; 0; 1; 1; 1; 0; 1; 0
9959; 2; 0; 0; 1; 1; 1; 0; 1; 0
9961; 304; 0; 0; 1; 1; 1; 0; 1; 0
9962; 2; 0; 0; 1; 1; 1; 0; 1; 0
9965; 10; 0; 0; 1; 1; 1; 0; 1; 0
9966; 2; 0; 0; 1; 1; 1; 0; 1; 0
9980; 10; 0; 0; 1; 1; 1; 0; 1; 0
9981; 30; 0; 0; 1; 1; 1; 0; 1; 0
9984; 20; 0; 0; 1; 1; 1; 0; 1; 0
9986; 2; 1; 0; 1; 0; 1; 0; 1; 0
9987; 20; 0; 0; 1; 1; 1; 0; 1; 0
9988; 20; 0; 0; 1; 1; 1; 0; 1; 0
10002; 2; 0; 0; 1; 1; 1; 0; 1; 0
10008; 10; 0; 0; 1; 1; 1; 0; 1; 0
10012; 2; 0; 0; 1; 1; 1; 0; 1; 0
10021; 4; 0; 0; 1; 1; 1; 0; 1; 0
10022; 20; 0; 0; 1; 1; 1; 0; 1; 0
10048; 10; 0; 0; 1; 1; 1; 0; 1; 0
10049; 2; 1; 1; 1; 1; 0; 0; 0,334786093832472; 0,665213906167529
10057; 12; 0; 0; 1; 1; 1; 0; 1; 0
10058; 20; 0; 0; 1; 1; 1; 0; 1; 0
10061; 19; 0; 0; 1; 1; 1; 0; 1; 0
10063; 2; 0; 0; 1; 1; 1; 0; 1; 0
10065; 19; 0; 0; 1; 1; 1; 0; 1; 0
10067; 10; 0; 0; 1; 1; 1; 0; 1; 0
10083; 40; 0; 0; 1; 1; 1; 0; 1; 0
10084; 18; 0; 0; 1; 1; 1; 0; 1; 0
10109; 10; 0; 0; 1; 1; 1; 0; 1; 0
10119; 10; 2; 0; 1; 0; 1; 0; 1; 0
10124; 2; 0; 0; 1; 1; 1; 0; 1; 0
10128; 18; 0; 2; 1; 0; 0; 1; 0; 1
10131; 3; 0; 0; 1; 1; 1; 0; 1; 0
10132; 20; 1; 1; 0,5; 0,5; 0; 0; 0,428624748939319; 0,571375251060681
10133; 10; 0; 0; 1; 1; 1; 0; 1; 0
10135; 2; 1; 0; 1; 0; 1; 0; 1; 0
10144; 2; 0; 0; 1; 1; 1; 0; 1; 0
10157; 10; 0; 0; 1; 1; 1; 0; 1; 0
10161; 270; 0; 0; 1; 1; 1; 0; 1; 0
10163; 3; 1; 0; 1; 0; 1; 0; 1; 0
10172; 26; 0; 0; 1; 1; 1; 0; 1; 0
10175; 18; 0; 2; 1; 0; 0; 1; 0; 1
10180; 2; 0; 0; 1; 1; 1; 0; 1; 0
10193; 13; 0; 0; 1; 1; 1; 0; 1; 0
10197; 19; 0; 0; 1; 1; 1; 0; 1; 0
10199; 2; 0; 0; 1; 1; 1; 0; 1; 0
10200; 20; 0; 0; 1; 1; 1; 0; 1; 0
10201; 2; 0; 0; 1; 1; 1; 0; 1; 0
10203; 15; 0; 0; 1; 1; 1; 0; 1; 0
10206; 10; 0; 0; 1; 1; 1; 0; 1; 0
10211; 2; 0; 0; 1; 1; 1; 0; 1; 0
10223; 2; 1; 1; 1; 1; 0; 0; 0,376242565763766; 0,623757434236234
10227; 3; 1; 0; 1; 0; 1; 0; 1; 0
10233; 20; 0; 0; 1; 1; 1; 0; 1; 0
10237; 2; 0; 1; 1; 0; 0; 0; 0,334527279994034; 0,665472720005966
10239; 4; 0; 0; 1; 1; 1; 0; 1; 0
10240; 2; 0; 0; 1; 1; 1; 0; 1; 0
10241; 21; 0; 0; 1; 1; 1; 0; 1; 0
10242; 4; 1; 1; 1; 1; 0; 0; 0,555658323110896; 0,444341676889104
10249; 100; 0; 0; 1; 1; 1; 0; 1; 0
10251; 10; 0; 0; 1; 1; 1; 0; 1; 0
10254; 3; 0; 0; 1; 1; 1; 0; 1; 0
10274; 16; 0; 0; 1; 1; 1; 0; 1; 0
10298; 15; 0; 0; 1; 1; 1; 0; 1; 0
10301; 42; 0; 0; 1; 1; 1; 0; 1; 0
10309; 2; 0; 0; 1; 1; 1; 0; 1; 0
10312; 14; 0; 0; 1; 1; 1; 0; 1; 0
10313; 21; 0; 0; 1; 1; 1; 0; 1; 0
10319; 2; 0; 0; 1; 1; 1; 0; 1; 0
10330; 10; 0; 0; 1; 1; 1; 0; 1; 0
10333; 2; 0; 0; 1; 1; 1; 0; 1; 0
10337; 19; 0; 0; 1; 1; 1; 0; 1; 0
10340; 10; 0; 0; 1; 1; 1; 0; 1; 0
10351; 15; 0; 0; 1; 1; 1; 0; 1; 0
10363; 10; 0; 0; 1; 1; 1; 0; 1; 0
10364; 20; 0; 0; 1; 1; 1; 0; 1; 0
10368; 2; 0; 0; 1; 1; 1; 0; 1; 0
10370; 2; 0; 1; 1; 0; 0; 0; 0,332228379503859; 0,667771620496141
10374; 18; 0; 0; 1; 1; 1; 0; 1; 0
10378; 190; 0; 0; 1; 1; 1; 0; 1; 0
10380; 2; 0; 0; 1; 1; 1; 0; 1; 0
10385; 3; 1; 1; 0,333333333333333; 0,333333333333333; 0; 0; 0,144138410931678; 0,855861589068322
10386; 18; 0; 0; 1; 1; 1; 0; 1; 0
10387; 170; 0; 0; 1; 1; 1; 0; 1; 0
10390; 2; 1; 1; 1; 1; 0; 0; 0,285005246889132; 0,714994753110868
10391; 2; 0; 0; 1; 1; 1; 0; 1; 0
10409; 3; 0; 0; 1; 1; 1; 0; 1; 0
10411; 200; 0; 0; 1; 1; 1; 0; 1; 0
10431; 21; 0; 0; 1; 1; 1; 0; 1; 0
10438; 13; 0; 0; 1; 1; 1; 0; 1; 0
10440; 10; 0; 0; 1; 1; 1; 0; 1; 0
10442; 3; 1; 1; 1; 1; 0; 0; 0,375384136868645; 0,624615863131356
10451; 21; 0; 0; 1; 1; 1; 0; 1; 0
10453; 10; 0; 0; 1; 1; 1; 0; 1; 0
10454; 2; 1; 1; 1; 1; 0; 0; 0,334786093832472; 0,665213906167529
10456; 13; 0; 0; 1; 1; 1; 0; 1; 0
10478; 3; 2; 0; 1; 0; 1; 0; 1; 0
10494; 10; 0; 0; 1; 1; 1; 0; 1; 0
10503; 10; 0; 0; 1; 1; 1; 0; 1; 0
10509; 19; 0; 0; 1; 1; 1; 0; 1; 0
10518; 18; 0; 0; 1; 1; 1; 0; 1; 0
10528; 10; 0; 0; 1; 1; 1; 0; 1; 0
10530; 2; 0; 0; 1; 1; 1; 0; 1; 0
10544; 4; 0; 2; 1; 0; 0; 0; 0,749691886950095; 0,250308113049905
10545; 2; 0; 0; 1; 1; 1; 0; 1; 0
10553; 2; 0; 0; 1; 1; 1; 0; 1; 0
10557; 10; 0; 0; 1; 1; 1; 0; 1; 0
10558; 2; 0; 0; 1; 1; 1; 0; 1; 0
10572; 2; 0; 0; 1; 1; 1; 0; 1; 0
10573; 2; 0; 0; 1; 1; 1; 0; 1; 0
10575; 21; 0; 0; 1; 1; 1; 0; 1; 0
10576; 40; 0; 0; 1; 1; 1; 0; 1; 0
10579; 13; 0; 0; 1; 1; 1; 0; 1; 0
10580; 10; 5; 1; 0,1; 0,1; 0; 1; 0; 1
10586; 19; 0; 0; 1; 1; 1; 0; 1; 0
10588; 2; 0; 0; 1; 1; 1; 0; 1; 0
10589; 2; 1; 1; 0,5; 0,5; 0; 1; 0; 1
10602; 10; 0; 0; 1; 1; 1; 0; 1; 0
10609; 5; 0; 0; 1; 1; 1; 0; 1; 0
10613; 13; 0; 0; 1; 1; 1; 0; 1; 0
10614; 2; 0; 0; 1; 1; 1; 0; 1; 0
10618; 21; 0; 0; 1; 1; 1; 0; 1; 0
10621; 18; 0; 0; 1; 1; 1; 0; 1; 0
10626; 21; 0; 0; 1; 1; 1; 0; 1; 0
10628; 19; 0; 0; 1; 1; 1; 0; 1; 0
10634; 10; 0; 0; 1; 1; 1; 0; 1; 0
10635; 2; 0; 0; 1; 1; 1; 0; 1; 0
10641; 2; 0; 0; 1; 1; 1; 0; 1; 0
10645; 2; 1; 1; 1; 1; 0; 0; 0,166235758316226; 0,833764241683774
10651; 2; 0; 0; 1; 1; 1; 0; 1; 0
10652; 18; 0; 0; 1; 1; 1; 0; 1; 0
10654; 19; 0; 0; 1; 1; 1; 0; 1; 0
10657; 18; 0; 0; 1; 1; 1; 0; 1; 0
10661; 4; 0; 0; 1; 1; 1; 0; 1; 0
10662; 36; 0; 0; 1; 1; 1; 0; 1; 0
10670; 36; 0; 0; 1; 1; 1; 0; 1; 0
10675; 13; 0; 0; 1; 1; 1; 0; 1; 0
10678; 19; 0; 0; 1; 1; 1; 0; 1; 0
10687; 2; 0; 0; 1; 1; 1; 0; 1; 0
10694; 2; 1; 1; 1; 1; 0; 0; 0,500541875860553; 0,499458124139447
10699; 3; 0; 0; 1; 1; 1; 0; 1; 0
10709; 10; 0; 0; 1; 1; 1; 0; 1; 0
10714; 3; 0; 0; 1; 1; 1; 0; 1; 0
10717; 16; 0; 0; 1; 1; 1; 0; 1; 0
10731; 19; 0; 0; 1; 1; 1; 0; 1; 0
10734; 10; 0; 0; 1; 1; 1; 0; 1; 0
10749; 32; 0; 0; 1; 1; 1; 0; 1; 0
10762; 2; 0; 0; 1; 1; 1; 0; 1; 0
10767; 3; 0; 0; 1; 1; 1; 0; 1; 0
10771; 19; 0; 0; 1; 1; 1; 0; 1; 0
10777; 2; 0; 0; 1; 1; 1; 0; 1; 0
10784; 20; 0; 0; 1; 1; 1; 0; 1; 0
10830; 2; 0; 0; 1; 1; 1; 0; 1; 0
10833; 10; 0; 0; 1; 1; 1; 0; 1; 0
10841; 15; 0; 0; 1; 1; 1; 0; 1; 0
10852; 21; 0; 0; 1; 1; 1; 0; 1; 0
10858; 19; 0; 0; 1; 1; 1; 0; 1; 0
10866; 2; 0; 0; 1; 1; 1; 0; 1; 0
10868; 10; 0; 0; 1; 1; 1; 0; 1; 0
10872; 10; 0; 0; 1; 1; 1; 0; 1; 0
10883; 13; 0; 0; 1; 1; 1; 0; 1; 0
10892; 2; 0; 0; 1; 1; 1; 0; 1; 0
10896; 2; 0; 0; 1; 1; 1; 0; 1; 0
10904; 3; 0; 0; 1; 1; 1; 0; 1; 0
10909; 18; 0; 0; 1; 1; 1; 0; 1; 0
10919; 10; 0; 0; 1; 1; 1; 0; 1; 0
10921; 3; 0; 0; 1; 1; 1; 0; 1; 0
10935; 10; 0; 0; 1; 1; 1; 0; 1; 0
10953; 10; 0; 0; 1; 1; 1; 0; 1; 0
10964; 20; 0; 0; 1; 1; 1; 0; 1; 0
10969; 2; 0; 0; 1; 1; 1; 0; 1; 0
10975; 51; 0; 0; 1; 1; 1; 0; 1; 0
10976; 19; 0; 0; 1; 1; 1; 0; 1; 0
10983; 2; 0; 0; 1; 1; 1; 0; 1; 0
10984; 10; 0; 0; 1; 1; 1; 0; 1; 0
10989; 3; 0; 0; 1; 1; 1; 0; 1; 0
10990; 36; 0; 0; 1; 1; 1; 0; 1; 0
11009; 38; 0; 0; 1; 1; 1; 0; 1; 0
11011; 2; 0; 0; 1; 1; 1; 0; 1; 0
11017; 3; 1; 0; 1; 0; 1; 0; 1; 0
11020; 30; 0; 0; 1; 1; 1; 0; 1; 0
11025; 40; 0; 0; 1; 1; 1; 0; 1; 0
11028; 2; 0; 0; 1; 1; 1; 0; 1; 0
11030; 170; 0; 0; 1; 1; 1; 0; 1; 0
11032; 2; 1; 0; 1; 0; 1; 0; 1; 0
11034; 10; 0; 0; 1; 1; 1; 0; 1; 0
11044; 2; 0; 0; 1; 1; 1; 0; 1; 0
11046; 10; 0; 0; 1; 1; 1; 0; 1; 0
11050; 3; 2; 0; 1; 0; 1; 0; 1; 0
11059; 19; 0; 0; 1; 1; 1; 0; 1; 0
11071; 10; 0; 0; 1; 1; 1; 0; 1; 0
11090; 2; 0; 0; 1; 1; 1; 0; 1; 0
11097; 10; 0; 0; 1; 1; 1; 0; 1; 0
11103; 2; 0; 1; 1; 0; 0; 1; 0; 1
11106; 24; 0; 0; 1; 1; 1; 0; 1; 0
11116; 2; 0; 0; 1; 1; 1; 0; 1; 0
11119; 2; 0; 0; 1; 1; 1; 0; 1; 0
11120; 2; 0; 0; 1; 1; 1; 0; 1; 0
11130; 2; 1; 0; 1; 0; 1; 0; 1; 0
11138; 38; 0; 0; 1; 1; 1; 0; 1; 0
11148; 16; 0; 0; 1; 1; 1; 0; 1; 0
11151; 10; 0; 0; 1; 1; 1; 0; 1; 0
11157; 2; 0; 0; 1; 1; 1; 0; 1; 0
11158; 190; 0; 0; 1; 1; 1; 0; 1; 0
11182; 2; 0; 0; 1; 1; 1; 0; 1; 0
11188; 10; 1; 0; 1; 0; 1; 0; 1; 0
11200; 3; 0; 0; 1; 1; 1; 0; 1; 0
11202; 16; 0; 0; 1; 1; 1; 0; 1; 0
11220; 2; 1; 1; 1; 1; 0; 1; 0; 1
11226; 10; 0; 0; 1; 1; 1; 0; 1; 0
11229; 17; 0; 0; 1; 1; 1; 0; 1; 0
11232; 10; 0; 0; 1; 1; 1; 0; 1; 0
11233; 120; 0; 0; 1; 1; 1; 0; 1; 0
11234; 100; 0; 0; 1; 1; 1; 0; 1; 0
11237; 3; 0; 0; 1; 1; 1; 0; 1; 0
11251; 20; 0; 0; 1; 1; 1; 0; 1; 0
11255; 24; 0; 0; 1; 1; 1; 0; 1; 0
11258; 4; 1; 1; 1; 1; 0; 0; 0,332651268006151; 0,667348731993848
11290; 3; 0; 0; 1; 1; 1; 0; 1; 0
11298; 13; 0; 0; 1; 1; 1; 0; 1; 0
11306; 4; 0; 2; 1; 0; 0; 0; 0,373360885879541; 0,626639114120459
11307; 2; 0; 0; 1; 1; 1; 0; 1; 0
11309; 3; 1; 1; 1; 1; 0; 0; 0,427455470223897; 0,572544529776103
11317; 2; 1; 0; 0,5; 0,5; 1; 0; 1; 0
11320; 10; 0; 0; 1; 1; 1; 0; 1; 0
11329; 378; 0; 0; 1; 1; 1; 0; 1; 0
11352; 10; 0; 0; 1; 1; 1; 0; 1; 0
11354; 25; 0; 0; 1; 1; 1; 0; 1; 0
11356; 10; 0; 0; 1; 1; 1; 0; 1; 0
11365; 2; 1; 1; 1; 1; 0; 0; 0,555164323560495; 0,444835676439505
11366; 10; 0; 0; 1; 1; 1; 0; 1; 0
11371; 16; 0; 0; 1; 1; 1; 0; 1; 0
11373; 20; 0; 0; 1; 1; 1; 0; 1; 0
11381; 20; 0; 0; 1; 1; 1; 0; 1; 0
11382; 2; 0; 0; 1; 1; 1; 0; 1; 0
11396; 2; 1; 1; 1; 1; 0; 0; 0,167557985463015; 0,832442014536985
11406; 21; 0; 0; 1; 1; 1; 0; 1; 0
11412; 10; 0; 0; 1; 1; 1; 0; 1; 0
11414; 2; 1; 0; 1; 0; 1; 0; 1; 0
11415; 10; 0; 0; 1; 1; 1; 0; 1; 0
11428; 20; 0; 0; 1; 1; 1; 0; 1; 0
11453; 21; 0; 0; 1; 1; 1; 0; 1; 0
11479; 10; 0; 0; 1; 1; 1; 0; 1; 0
11503; 10; 1; 2; 1; 0; 0; 0; 0,142183494865268; 0,857816505134732
11508; 2; 0; 0; 1; 1; 1; 0; 1; 0
11512; 20; 0; 0; 1; 1; 1; 0; 1; 0
11513; 2; 0; 0; 1; 1; 1; 0; 1; 0
11522; 18; 0; 0; 1; 1; 1; 0; 1; 0
11528; 34; 0; 0; 1; 1; 1; 0; 1; 0
11534; 13; 0; 0; 1; 1; 1; 0; 1; 0
11537; 2; 0; 0; 1; 1; 1; 0; 1; 0
11547; 13; 0; 0; 1; 1; 1; 0; 1; 0
11552; 2; 0; 0; 1; 1; 1; 0; 1; 0
11555; 20; 0; 0; 1; 1; 1; 0; 1; 0
11556; 10; 0; 0; 1; 1; 1; 0; 1; 0
11569; 2; 0; 0; 1; 1; 1; 0; 1; 0
11570; 3; 0; 0; 1; 1; 1; 0; 1; 0
11573; 4; 0; 0; 1; 1; 1; 0; 1; 0
11591; 18; 0; 0; 1; 1; 1; 0; 1; 0
11595; 2; 0; 0; 1; 1; 1; 0; 1; 0
11597; 3; 1; 0; 1; 0; 1; 0; 1; 0
11599; 10; 0; 0; 1; 1; 1; 0; 1; 0
11604; 19; 0; 0; 1; 1; 1; 0; 1; 0
11607; 4; 0; 0; 1; 1; 1; 0; 1; 0
11613; 100; 0; 0; 1; 1; 1; 0; 1; 0
11628; 24; 0; 0; 1; 1; 1; 0; 1; 0
11631; 2; 0; 0; 1; 1; 1; 0; 1; 0
11633; 2; 0; 0; 1; 1; 1; 0; 1; 0
11635; 2; 0; 0; 1; 1; 1; 0; 1; 0
11637; 2; 1; 1; 1; 1; 0; 1; 0; 1
11650; 13; 0; 0; 1; 1; 1; 0; 1; 0
11655; 2; 1; 1; 1; 1; 0; 1; 0; 1
11657; 3; 0; 0; 1; 1; 1; 0; 1; 0
11658; 20; 0; 0; 1; 1; 1; 0; 1; 0
11663; 2; 0; 0; 1; 1; 1; 0; 1; 0
11680; 14; 0; 0; 1; 1; 1; 0; 1; 0
11685; 20; 1; 1; 1; 1; 0; 0; 0,500369451615935; 0,499630548384065
11687; 10; 0; 0; 1; 1; 1; 0; 1; 0
11694; 20; 0; 0; 1; 1; 1; 0; 1; 0
11697; 10; 0; 0; 1; 1; 1; 0; 1; 0
11703; 2; 0; 0; 1; 1; 1; 0; 1; 0
11711; 10; 5; 2; 0,1; 0,1; 0; 0; 0,666515487901234; 0,333484512098766
11712; 2; 0; 0; 1; 1; 1; 0; 1; 0
11723; 36; 0; 0; 1; 1; 1; 0; 1; 0
11724; 20; 0; 0; 1; 1; 1; 0; 1; 0
11727; 2; 0; 0; 1; 1; 1; 0; 1; 0
11734; 2; 0; 0; 1; 1; 1; 0; 1; 0
11737; 4; 2; 1; 0,5; 0; 0; 0; 0,500296553284424; 0,499703446715576
11749; 2; 0; 0; 1; 1; 1; 0; 1; 0
11754; 10; 0; 0; 1; 1; 1; 0; 1; 0
11760; 2; 0; 1; 1; 0; 0; 0; 0,555715636858553; 0,444284363141447
11775; 3; 0; 0; 1; 1; 1; 0; 1; 0
11788; 13; 0; 0; 1; 1; 1; 0; 1; 0
11806; 2; 0; 1; 1; 0; 0; 0; 0,500296553284424; 0,499703446715576
11810; 13; 0; 0; 1; 1; 1; 0; 1; 0
11816; 13; 0; 0; 1; 1; 1; 0; 1; 0
11826; 2; 0; 0; 1; 1; 1; 0; 1; 0
11841; 17; 0; 0; 1; 1; 1; 0; 1; 0
11842; 2; 0; 0; 1; 1; 1; 0; 1; 0
11848; 2; 1; 1; 1; 1; 0; 0; 0,445010127234436; 0,554989872765564
11853; 10; 0; 0; 1; 1; 1; 0; 1; 0
11860; 2; 0; 0; 1; 1; 1; 0; 1; 0
11886; 2; 1; 0; 1; 0; 1; 0; 1; 0
11888; 34; 0; 0; 1; 1; 1; 0; 1; 0
11904; 10; 0; 0; 1; 1; 1; 0; 1; 0
11910; 2; 1; 1; 1; 1; 0; 0; 0,286688520378863; 0,713311479621137
11921; 3; 0; 0; 1; 1; 1; 0; 1; 0
11935; 21; 0; 0; 1; 1; 1; 0; 1; 0
11942; 2; 0; 0; 1; 1; 1; 0; 1; 0
11944; 2; 0; 0; 1; 1; 1; 0; 1; 0
11950; 3; 0; 0; 1; 1; 1; 0; 1; 0
11960; 10; 0; 0; 1; 1; 1; 0; 1; 0
11964; 20; 0; 0; 1; 1; 1; 0; 1; 0
11967; 20; 0; 0; 1; 1; 1; 0; 1; 0
11968; 10; 0; 0; 1; 1; 1; 0; 1; 0
11973; 3; 1; 2; 0,333333333333333; 0,333333333333333; 0; 0; 0,500296553284424; 0,499703446715576
11980; 20; 0; 0; 1; 1; 1; 0; 1; 0
11987; 2; 0; 0; 1; 1; 1; 0; 1; 0
11996; 52; 0; 0; 1; 1; 1; 0; 1; 0
12014; 10; 0; 0; 1; 1; 1; 0; 1; 0
12020; 22; 2; 0; 1; 0; 1; 0; 1; 0
12024; 10; 0; 0; 1; 1; 1; 0; 1; 0
12027; 2; 0; 0; 1; 1; 1; 0; 1; 0
12037; 2; 1; 1; 1; 1; 0; 0; 0,201039223774681; 0,798960776225319
12045; 10; 0; 0; 1; 1; 1; 0; 1; 0
12051; 2; 0; 0; 1; 1; 1; 0; 1; 0
12082; 2; 1; 1; 1; 1; 0; 0; 0,332035938147038; 0,667964061852961
12093; 13; 0; 0; 1; 1; 1; 0; 1; 0
12101; 2; 0; 0; 1; 1; 1; 0; 1; 0
12105; 10; 0; 0; 1; 1; 1; 0; 1; 0
12113; 3; 0; 0; 1; 1; 1; 0; 1; 0
12122; 2; 0; 0; 1; 1; 1; 0; 1; 0
12137; 10; 0; 0; 1; 1; 1; 0; 1; 0
12146; 2; 0; 0; 1; 1; 1; 0; 1; 0
12150; 10; 0; 0; 1; 1; 1; 0; 1; 0
12160; 21; 0; 0; 1; 1; 1; 0; 1; 0
12162; 2; 1; 1; 1; 1; 0; 0; 0,375557317983357; 0,624442682016643
12163; 13; 0; 0; 1; 1; 1; 0; 1; 0
12181; 3; 2; 2; 1; 1; 0; 0; 0,250378783145453; 0,749621216854547
12192; 5; 0; 0; 1; 1; 1; 0; 1; 0
12193; 2; 0; 0; 1; 1; 1; 0; 1; 0
12195; 10; 0; 0; 1; 1; 1; 0; 1; 0
12199; 13; 0; 0; 1; 1; 1; 0; 1; 0
12210; 3; 2; 0; 1; 0; 1; 0; 1; 0
12213; 2; 0; 1; 1; 0; 0; 0; 0,428699230058299; 0,571300769941701
12216; 20; 1; 1; 0,5; 0,5; 0; 0; 0,625311859376306; 0,374688140623694
12221; 22; 0; 0; 1; 1; 1; 0; 1; 0
12223; 20; 1; 1; 1; 1; 0; 0; 0,50057903542205; 0,49942096457795
12226; 2; 0; 0; 1; 1; 1; 0; 1; 0
12227; 2; 0; 0; 1; 1; 1; 0; 1; 0
12228; 17; 0; 0; 1; 1; 1; 0; 1; 0
12236; 19; 0; 0; 1; 1; 1; 0; 1; 0
12237; 19; 11; 0; 0,0526315789473684; 0,0526315789473684; 1; 0; 1; 0
12245; 10; 0; 0; 1; 1; 1; 0; 1; 0
12248; 20; 0; 0; 1; 1; 1; 0; 1; 0
12252; 2; 0; 0; 1; 1; 1; 0; 1; 0
12255; 21; 0; 0; 1; 1; 1; 0; 1; 0
12258; 21; 0; 0; 1; 1; 1; 0; 1; 0
12268; 2; 0; 0; 1; 1; 1; 0; 1; 0
12273; 10; 0; 0; 1; 1; 1; 0; 1; 0
12280; 2; 0; 0; 1; 1; 1; 0; 1; 0
12288; 2; 0; 1; 1; 0; 0; 0; 0,500079203464254; 0,499920796535746
12292; 3; 0; 0; 1; 1; 1; 0; 1; 0
12294; 10; 0; 0; 1; 1; 1; 0; 1; 0
12299; 10; 0; 0; 1; 1; 1; 0; 1; 0
12301; 10; 0; 0; 1; 1; 1; 0; 1; 0
12305; 10; 0; 0; 1; 1; 1; 0; 1; 0
12307; 16; 0; 0; 1; 1; 1; 0; 1; 0
12315; 10; 0; 0; 1; 1; 1; 0; 1; 0
12325; 21; 0; 0; 1; 1; 1; 0; 1; 0
12345; 2; 1; 1; 0,5; 0,5; 0; 0; 0,375500770298765; 0,624499229701235
12360; 20; 0; 0; 1; 1; 1; 0; 1; 0
12365; 200; 0; 0; 1; 1; 1; 0; 1; 0
12368; 2; 0; 1; 1; 0; 0; 1; 0; 1
12370; 2; 0; 0; 1; 1; 1; 0; 1; 0
12372; 10; 0; 0; 1; 1; 1; 0; 1; 0
12393; 18; 0; 0; 1; 1; 1; 0; 1; 0
12399; 2; 0; 0; 1; 1; 1; 0; 1; 0
12400; 2; 0; 0; 1; 1; 1; 0; 1; 0
12404; 3; 0; 0; 1; 1; 1; 0; 1; 0
12411; 10; 0; 0; 1; 1; 1; 0; 1; 0
12413; 2; 0; 0; 1; 1; 1; 0; 1; 0
12427; 5; 0; 0; 1; 1; 1; 0; 1; 0
12431; 10; 0; 0; 1; 1; 1; 0; 1; 0
12434; 10; 2; 2; 1; 1; 0; 1; 0; 1
12445; 10; 0; 0; 1; 1; 1; 0; 1; 0
12446; 20; 0; 0; 1; 1; 1; 0; 1; 0
12460; 10; 0; 0; 1; 1; 1; 0; 1; 0
12462; 2; 0; 0; 1; 1; 1; 0; 1; 0
12465; 2; 0; 0; 1; 1; 1; 0; 1; 0
12471; 17; 0; 0; 1; 1; 1; 0; 1; 0
12476; 16; 0; 0; 1; 1; 1; 0; 1; 0
12486; 10; 0; 0; 1; 1; 1; 0; 1; 0
12489; 40; 0; 0; 1; 1; 1; 0; 1; 0
12497; 2; 1; 1; 1; 1; 0; 0; 0,199175821663917; 0,800824178336083
12503; 13; 0; 0; 1; 1; 1; 0; 1; 0
12505; 2; 0; 0; 1; 1; 1; 0; 1; 0
12512; 2; 0; 0; 1; 1; 1; 0; 1; 0
12514; 2; 1; 1; 0,5; 0,5; 0; 0; 0,427853418956402; 0,572146581043598
12515; 10; 0; 0; 1; 1; 1; 0; 1; 0
12521; 2; 1; 1; 1; 1; 0; 0; 0,201039223774681; 0,798960776225319
12535; 2; 0; 1; 1; 0; 0; 0; 0,500541875860553; 0,499458124139447
12541; 18; 0; 0; 1; 1; 1; 0; 1; 0
12552; 10; 0; 0; 1; 1; 1; 0; 1; 0
12555; 2; 0; 0; 1; 1; 1; 0; 1; 0
12556; 34; 1; 0; 1; 0; 1; 0; 1; 0
12568; 10; 0; 0; 1; 1; 1; 0; 1; 0
12572; 13; 0; 0; 1; 1; 1; 0; 1; 0
12574; 2; 1; 1; 1; 1; 0; 0; 0,200841092605046; 0,799158907394954
12583; 18; 0; 0; 1; 1; 1; 0; 1; 0
12589; 2; 0; 0; 1; 1; 1; 0; 1; 0
12593; 21; 0; 0; 1; 1; 1; 0; 1; 0
12618; 2; 0; 0; 1; 1; 1; 0; 1; 0
12625; 40; 1; 0; 0,5; 0,5; 1; 0; 1; 0
12636; 10; 0; 0; 1; 1; 1; 0; 1; 0
12639; 2; 0; 0; 1; 1; 1; 0; 1; 0
12641; 2; 0; 0; 1; 1; 1; 0; 1; 0
12642; 21; 0; 0; 1; 1; 1; 0; 1; 0
12648; 5; 0; 0; 1; 1; 1; 0; 1; 0
12652; 100; 0; 0; 1; 1; 1; 0; 1; 0
12661; 10; 1; 0; 0,5; 0,5; 1; 0; 1; 0
12670; 10; 2; 2; 1; 1; 0; 1; 0; 1
12675; 2; 0; 0; 1; 1; 1; 0; 1; 0
12689; 2; 0; 0; 1; 1; 1; 0; 1; 0
12700; 2; 1; 1; 1; 1; 0; 0; 0,331680067397855; 0,668319932602145
12711; 2; 1; 0; 1; 0; 1; 0; 1; 0
12724; 20; 0; 0; 1; 1; 1; 0; 1; 0
12741; 3; 0; 0; 1; 1; 1; 0; 1; 0
12743; 4; 0; 0; 1; 1; 1; 0; 1; 0
12745; 21; 0; 0; 1; 1; 1; 0; 1; 0
12750; 20; 0; 0; 1; 1; 1; 0; 1; 0
12758; 26; 0; 0; 1; 1; 1; 0; 1; 0
12762; 10; 0; 0; 1; 1; 1; 0; 1; 0
12765; 18; 0; 0; 1; 1; 1; 0; 1; 0
12780; 200; 0; 0; 1; 1; 1; 0; 1; 0
12794; 10; 1; 2; 1; 0; 0; 0; 0,142183494865268; 0,857816505134732
12804; 4; 2; 2; 1; 1; 0; 0; 0,498575762700507; 0,501424237299493
12809; 2; 0; 1; 1; 0; 0; 1; 0; 1
12829; 2; 1; 1; 1; 1; 0; 1; 0; 1
12833; 2; 0; 0; 1; 1; 1; 0; 1; 0
12834; 2; 0; 0; 1; 1; 1; 0; 1; 0
12840; 130; 0; 0; 1; 1; 1; 0; 1; 0
12845; 17; 0; 0; 1; 1; 1; 0; 1; 0
12850; 2; 1; 1; 0,5; 0,5; 0; 0; 0,285877867126466; 0,714122132873534
12874; 2; 0; 0; 1; 1; 1; 0; 1; 0
12879; 19; 0; 0; 1; 1; 1; 0; 1; 0
12901; 18; 0; 0; 1; 1; 1; 0; 1; 0
12911; 2; 0; 1; 1; 0; 0; 0; 0,334527279994034; 0,665472720005966
12916; 10; 0; 0; 1; 1; 1; 0; 1; 0
12920; 10; 0; 0; 1; 1; 1; 0; 1; 0
12941; 24; 0; 0; 1; 1; 1; 0; 1; 0
12942; 5; 0; 0; 1; 1; 1; 0; 1; 0
12945; 4; 2; 2; 1; 1; 0; 0; 0,428412105366119; 0,571587894633881
12957; 19; 0; 0; 1; 1; 1; 0; 1; 0
12963; 4; 1; 1; 0,5; 0,5; 0; 0; 0,832474504296259; 0,167525495703741
12965; 5; 0; 0; 1; 1; 1; 0; 1; 0
12982; 10; 0; 0; 1; 1; 1; 0; 1; 0
12986; 26; 0; 0; 1; 1; 1; 0; 1; 0
12991; 19; 0; 0; 1; 1; 1; 0; 1; 0
12993; 2; 1; 1; 1; 1; 0; 0; 0,555164323560495; 0,444835676439505
13011; 10; 0; 0; 1; 1; 1; 0; 1; 0
13022; 2; 0; 0; 1; 1; 1; 0; 1; 0
13026; 10; 0; 0; 1; 1; 1; 0; 1; 0
13029; 10; 0; 0; 1; 1; 1; 0; 1; 0
13030; 2; 0; 1; 1; 0; 0; 0; 0,285005246889132; 0,714994753110868
13047; 2; 0; 0; 1; 1; 1; 0; 1; 0
13049; 4; 0; 0; 1; 1; 1; 0; 1; 0
13051; 10; 0; 0; 1; 1; 1; 0; 1; 0
13062; 2; 0; 0; 1; 1; 1; 0; 1; 0
13069; 2; 0; 0; 1; 1; 1; 0; 1; 0
13070; 18; 0; 0; 1; 1; 1; 0; 1; 0
13075; 36; 0; 0; 1; 1; 1; 0; 1; 0
13082; 2; 0; 0; 1; 1; 1; 0; 1; 0
13086; 10; 0; 0; 1; 1; 1; 0; 1; 0
13091; 13; 0; 0; 1; 1; 1; 0; 1; 0
13095; 10; 0; 0; 1; 1; 1; 0; 1; 0
13100; 10; 0; 0; 1; 1; 1; 0; 1; 0
13103; 10; 5; 0; 0,1; 0,1; 1; 0; 1; 0
13106; 2; 0; 0; 1; 1; 1; 0; 1; 0
13108; 2; 0; 1; 1; 0; 0; 0; 0,201184594764252; 0,798815405235748
13112; 190; 0; 0; 1; 1; 1; 0; 1; 0
13121; 21; 0; 0; 1; 1; 1; 0; 1; 0
13122; 3; 1; 1; 1; 1; 0; 0; 0,375384136868645; 0,624615863131356
13128; 10; 0; 0; 1; 1; 1; 0; 1; 0
13130; 2; 0; 0; 1; 1; 1; 0; 1; 0
13146; 2; 0; 0; 1; 1; 1; 0; 1; 0
13150; 4; 0; 0; 1; 1; 1; 0; 1; 0
13151; 20; 10; 0; 1; 0; 1; 0; 1; 0
13154; 36; 0; 0; 1; 1; 1; 0; 1; 0
13170; 120; 0; 0; 1; 1; 1; 0; 1; 0
13175; 2; 0; 0; 1; 1; 1; 0; 1; 0
13179; 20; 0; 0; 1; 1; 1; 0; 1; 0
13192; 17; 0; 0; 1; 1; 1; 0; 1; 0
13195; 2; 1; 1; 1; 1; 0; 1; 0; 1
13209; 10; 0; 0; 1; 1; 1; 0; 1; 0
13212; 20; 0; 0; 1; 1; 1; 0; 1; 0
13216; 3; 1; 0; 1; 0; 1; 0; 1; 0
13221; 16; 0; 0; 1; 1; 1; 0; 1; 0
13226; 2; 0; 0; 1; 1; 1; 0; 1; 0
13236; 10; 0; 0; 1; 1; 1; 0; 1; 0
13237; 19; 0; 0; 1; 1; 1; 0; 1; 0
13249; 10; 0; 0; 1; 1; 1; 0; 1; 0
13262; 10; 0; 0; 1; 1; 1; 0; 1; 0
13267; 304; 0; 0; 1; 1; 1; 0; 1; 0
13283; 2; 1; 1; 0,5; 0,5; 0; 0; 0,200879422189546; 0,799120577810454
13301; 2; 0; 0; 1; 1; 1; 0; 1; 0
13303; 17; 0; 0; 1; 1; 1; 0; 1; 0
13312; 3; 0; 0; 1; 1; 1; 0; 1; 0
13319; 2; 1; 1; 0,5; 0,5; 0; 1; 0; 1
13325; 100; 0; 0; 1; 1; 1; 0; 1; 0
13328; 6; 0; 2; 1; 0; 0; 0; 0,555715636858553; 0,444284363141447
13346; 2; 1; 1; 1; 1; 0; 1; 0; 1
13363; 2; 0; 0; 1; 1; 1; 0; 1; 0
13364; 10; 1; 2; 1; 0; 0; 0; 0,142183494865268; 0,857816505134732
13370; 2; 0; 0; 1; 1; 1; 0; 1; 0
13373; 2; 0; 0; 1; 1; 1; 0; 1; 0
13395; 20; 0; 0; 1; 1; 1; 0; 1; 0
13405; 20; 0; 0; 1; 1; 1; 0; 1; 0
13418; 20; 0; 0; 1; 1; 1; 0; 1; 0
13422; 2; 1; 1; 1; 1; 0; 0; 0,167778740196937; 0,832221259803063
13424; 6; 3; 3; 1; 1; 0; 0; 0,500050156200951; 0,499949843799049
13433; 12; 0; 0; 1; 1; 1; 0; 1; 0
13441; 17; 0; 0; 1; 1; 1; 0; 1; 0
13445; 13; 0; 0; 1; 1; 1; 0; 1; 0
13458; 3; 1; 0; 1; 0; 1; 0; 1; 0
13463; 16; 0; 0; 1; 1; 1; 0; 1; 0
13466; 32; 0; 0; 1; 1; 1; 0; 1; 0
13469; 2; 0; 0; 1; 1; 1; 0; 1; 0
13470; 20; 0; 0; 1; 1; 1; 0; 1; 0
13472; 20; 0; 0; 1; 1; 1; 0; 1; 0
13494; 19; 0; 0; 1; 1; 1; 0; 1; 0
13504; 3; 2; 0; 1; 0; 1; 0; 1; 0
13510; 13; 0; 0; 1; 1; 1; 0; 1; 0
13515; 3; 1; 2; 1; 0; 0; 0; 0,143805721779382; 0,856194278220618
13523; 2; 0; 0; 1; 1; 1; 0; 1; 0
13526; 10; 0; 0; 1; 1; 1; 0; 1; 0
13534; 16; 0; 0; 1; 1; 1; 0; 1; 0
13540; 2; 1; 1; 1; 1; 0; 0; 0,331599996738756; 0,668400003261244
13564; 16; 0; 0; 1; 1; 1; 0; 1; 0
13571; 2; 0; 0; 1; 1; 1; 0; 1; 0
13572; 18; 0; 0; 1; 1; 1; 0; 1; 0
13583; 2; 1; 0; 1; 0; 1; 0; 1; 0
13597; 13; 0; 0; 1; 1; 1; 0; 1; 0
13603; 19; 0; 0; 1; 1; 1; 0; 1; 0
13612; 12; 0; 0; 1; 1; 1; 0; 1; 0
13614; 2; 0; 0; 1; 1; 1; 0; 1; 0
13626; 19; 0; 0; 1; 1; 1; 0; 1; 0
13634; 10; 0; 0; 1; 1; 1; 0; 1; 0
13638; 19; 1; 0; 1; 0; 1; 0; 1; 0
13645; 2; 0; 0; 1; 1; 1; 0; 1; 0
13660; 20; 10; 10; 1; 1; 0; 0; 0,428067108881268; 0,571932891118732
13680; 2; 0; 0; 1; 1; 1; 0; 1; 0
13684; 19; 0; 0; 1; 1; 1; 0; 1; 0
13685; 10; 1; 2; 1; 0; 0; 0; 0,142183494865268; 0,857816505134732
13689; 10; 0; 0; 1; 1; 1; 0; 1; 0
13691; 4; 0; 0; 1; 1; 1; 0; 1; 0
13708; 16; 0; 0; 1; 1; 1; 0; 1; 0
13720; 21; 0; 0; 1; 1; 1; 0; 1; 0
13723; 2; 0; 0; 1; 1; 1; 0; 1; 0
13737; 2; 0; 0; 1; 1; 1; 0; 1; 0
13739; 16; 0; 0; 1; 1; 1; 0; 1; 0
13744; 2; 1; 1; 1; 1; 0; 1; 0; 1
13745; 3; 0; 0; 1; 1; 1; 0; 1; 0
13746; 190; 0; 0; 1; 1; 1; 0; 1; 0
13747; 2; 1; 0; 1; 0; 1; 0; 1; 0
13750; 20; 0; 0; 1; 1; 1; 0; 1; 0
13751; 2; 0; 0; 1; 1; 1; 0; 1; 0
13762; 2; 0; 0; 1; 1; 1; 0; 1; 0
13768; 10; 2; 0; 1; 0; 1; 0; 1; 0
13777; 20; 0; 0; 1; 1; 1; 0; 1; 0
13786; 2; 0; 0; 1; 1; 1; 0; 1; 0
13797; 10; 1; 2; 1; 0; 0; 1; 0; 1
13803; 340; 0; 0; 1; 1; 1; 0; 1; 0
13823; 16; 0; 0; 1; 1; 1; 0; 1; 0
13830; 2; 0; 0; 1; 1; 1; 0; 1; 0
13846; 3; 2; 0; 1; 0; 1; 0; 1; 0
13848; 2; 0; 0; 1; 1; 1; 0; 1; 0
13858; 10; 0; 0; 1; 1; 1; 0; 1; 0
13862; 19; 0; 0; 1; 1; 1; 0; 1; 0
13874; 2; 0; 0; 1; 1; 1; 0; 1; 0
13880; 20; 0; 0; 1; 1; 1; 0; 1; 0
13886; 2; 1; 0; 0,5; 0,5; 1; 0; 1; 0
13894; 18; 0; 0; 1; 1; 1; 0; 1; 0
13897; 2; 0; 0; 1; 1; 1; 0; 1; 0
13898; 36; 0; 0; 1; 1; 1; 0; 1; 0
13905; 10; 0; 0; 1; 1; 1; 0; 1; 0
13907; 2; 0; 0; 1; 1; 1; 0; 1; 0
13923; 10; 0; 0; 1; 1; 1; 0; 1; 0
13927; 378; 0; 0; 1; 1; 1; 0; 1; 0
13943; 10; 0; 0; 1; 1; 1; 0; 1; 0
13947; 18; 0; 0; 1; 1; 1; 0; 1; 0
13950; 10; 5; 0; 0,1; 0,1; 1; 0; 1; 0
13951; 10; 0; 0; 1; 1; 1; 0; 1; 0
13952; 2; 0; 0; 1; 1; 1; 0; 1; 0
13954; 22; 0; 0; 1; 1; 1; 0; 1; 0
13970; 2; 0; 0; 1; 1; 1; 0; 1; 0
13985; 10; 0; 0; 1; 1; 1; 0; 1; 0
13987; 3; 0; 0; 1; 1; 1; 0; 1; 0
13993; 2; 0; 0; 1; 1; 1; 0; 1; 0
13996; 2; 0; 0; 1; 1; 1; 0; 1; 0
14029; 20; 0; 0; 1; 1; 1; 0; 1; 0
14032; 19; 0; 0; 1; 1; 1; 0; 1; 0
14037; 2; 0; 0; 1; 1; 1; 0; 1; 0
14059; 3; 0; 0; 1; 1; 1; 0; 1; 0
14072; 17; 0; 0; 1; 1; 1; 0; 1; 0
14073; 10; 0; 0; 1; 1; 1; 0; 1; 0
14080; 10; 0; 0; 1; 1; 1; 0; 1; 0
14085; 20; 0; 0; 1; 1; 1; 0; 1; 0
14089; 10; 1; 2; 1; 0; 0; 1; 0; 1
14104; 44; 0; 0; 1; 1; 1; 0; 1; 0
14110; 2; 0; 0; 1; 1; 1; 0; 1; 0
14126; 18; 0; 0; 1; 1; 1; 0; 1; 0
14139; 20; 0; 0; 1; 1; 1; 0; 1; 0
14143; 10; 0; 0; 1; 1; 1; 0; 1; 0
14148; 2; 0; 0; 1; 1; 1; 0; 1; 0
14152; 20; 0; 0; 1; 1; 1; 0; 1; 0
14153; 2; 0; 0; 1; 1; 1; 0; 1; 0
14159; 2; 0; 1; 1; 0; 0; 1; 0; 1
14161; 19; 0; 0; 1; 1; 1; 0; 1; 0
14182; 4; 0; 0; 1; 1; 1; 0; 1; 0
14185; 304; 0; 0; 1; 1; 1; 0; 1; 0
14195; 14; 0; 0; 1; 1; 1; 0; 1; 0
14196; 3; 0; 0; 1; 1; 1; 0; 1; 0
14201; 2; 1; 1; 1; 1; 0; 0; 0,200412394553236; 0,799587605446764
14206; 2; 0; 0; 1; 1; 1; 0; 1; 0
14210; 2; 0; 0; 1; 1; 1; 0; 1; 0
14212; 13; 0; 0; 1; 1; 1; 0; 1; 0
14214; 2; 0; 0; 1; 1; 1; 0; 1; 0
14218; 15; 0; 0; 1; 1; 1; 0; 1; 0
14219; 2; 0; 0; 1; 1; 1; 0; 1; 0
14222; 3; 0; 0; 1; 1; 1; 0; 1; 0
14224; 14; 0; 0; 1; 1; 1; 0; 1; 0
14225; 10; 0; 0; 1; 1; 1; 0; 1; 0
14231; 19; 11; 2; 0,0526315789473684; 0,0526315789473684; 0; 0; 0,501660005865419; 0,498339994134581
14236; 20; 0; 0; 1; 1; 1; 0; 1; 0
14242; 3; 0; 0; 1; 1; 1; 0; 1; 0
14247; 28; 0; 0; 1; 1; 1; 0; 1; 0
14248; 2; 0; 0; 1; 1; 1; 0; 1; 0
14256; 20; 0; 0; 1; 1; 1; 0; 1; 0
14264; 18; 0; 0; 1; 1; 1; 0; 1; 0
14283; 10; 0; 0; 1; 1; 1; 0; 1; 0
14287; 2; 0; 0; 1; 1; 1; 0; 1; 0
14291; 21; 0; 0; 1; 1; 1; 0; 1; 0
14292; 2; 1; 1; 1; 1; 0; 1; 0; 1
14303; 10; 0; 0; 1; 1; 1; 0; 1; 0
14305; 10; 0; 0; 1; 1; 1; 0; 1; 0
14316; 3; 0; 0; 1; 1; 1; 0; 1; 0
14324; 30; 0; 0; 1; 1; 1; 0; 1; 0
14326; 4; 2; 2; 0,5; 0,5; 0; 0; 0,750319328729914; 0,249680671270086
14330; 2; 0; 0; 1; 1; 1; 0; 1; 0
14332; 3; 1; 2; 1; 0; 0; 0; 0,251893145886257; 0,748106854113743
14333; 20; 0; 0; 1; 1; 1; 0; 1; 0
14347; 4; 0; 0; 1; 1; 1; 0; 1; 0
14350; 2; 1; 0; 1; 0; 1; 0; 1; 0
14359; 20; 0; 0; 1; 1; 1; 0; 1; 0
14361; 4; 0; 0; 1; 1; 1; 0; 1; 0
14364; 2; 0; 0; 1; 1; 1; 0; 1; 0
14365; 40; 0; 0; 1; 1; 1; 0; 1; 0
14370; 20; 0; 0; 1; 1; 1; 0; 1; 0
14371; 13; 2; 0; 1; 0; 1; 0; 1; 0
14372; 20; 0; 0; 1; 1; 1; 0; 1; 0
14388; 10; 0; 0; 1; 1; 1; 0; 1; 0
14390; 10; 0; 0; 1; 1; 1; 0; 1; 0
14411; 10; 0; 0; 1; 1; 1; 0; 1; 0
14431; 17; 0; 0; 1; 1; 1; 0; 1; 0
14444; 21; 0; 0; 1; 1; 1; 0; 1; 0
14445; 3; 2; 1; 1; 0; 0; 0; 0,124064872384778; 0,875935127615222
14451; 2; 0; 0; 1; 1; 1; 0; 1; 0
14455; 2; 0; 0; 1; 1; 1; 0; 1; 0
14463; 12; 0; 0; 1; 1; 1; 0; 1; 0
14468; 3; 2; 1; 1; 0; 0; 0; 0,166844929235057; 0,833155070764943
14477; 2; 0; 1; 1; 0; 0; 0; 0,444414473458133; 0,555585526541867
14488; 19; 0; 0; 1; 1; 1; 0; 1; 0
14491; 2; 0; 0; 1; 1; 1; 0; 1; 0
14495; 100; 0; 0; 1; 1; 1; 0; 1; 0
14501; 20; 2; 4; 1; 0; 0; 0; 0,3340232507444; 0,6659767492556
14508; 100; 0; 0; 1; 1; 1; 0; 1; 0
14524; 21; 0; 0; 1; 1; 1; 0; 1; 0
14548; 13; 0; 0; 1; 1; 1; 0; 1; 0
14555; 17; 0; 0; 1; 1; 1; 0; 1; 0
14569; 10; 0; 0; 1; 1; 1; 0; 1; 0
14573; 3; 0; 0; 1; 1; 1; 0; 1; 0
14576; 190; 0; 0; 1; 1; 1; 0; 1; 0
14586; 19; 0; 0; 1; 1; 1; 0; 1; 0
14591; 3; 2; 0; 1; 0; 1; 0; 1; 0
14618; 20; 0; 0; 1; 1; 1; 0; 1; 0
14625; 19; 0; 0; 1; 1; 1; 0; 1; 0
14626; 2; 0; 0; 1; 1; 1; 0; 1; 0
14632; 18; 0; 0; 1; 1; 1; 0; 1; 0
14634; 10; 0; 0; 1; 1; 1; 0; 1; 0
14643; 2; 0; 0; 1; 1; 1; 0; 1; 0
14650; 10; 0; 0; 1; 1; 1; 0; 1; 0
14656; 10; 0; 0; 1; 1; 1; 0; 1; 0
14664; 22; 0; 0; 1; 1; 1; 0; 1; 0
14665; 10; 0; 0; 1; 1; 1; 0; 1; 0
14674; 18; 0; 0; 1; 1; 1; 0; 1; 0
14677; 10; 0; 0; 1; 1; 1; 0; 1; 0
14681; 19; 0; 0; 1; 1; 1; 0; 1; 0
14682; 15; 0; 0; 1; 1; 1; 0; 1; 0
14700; 44; 0; 0; 1; 1; 1; 0; 1; 0
14702; 26; 5; 3; 1; 0; 0; 0; 0,3340232507444; 0,6659767492556
14706; 10; 0; 0; 1; 1; 1; 0; 1; 0
14711; 10; 0; 0; 1; 1; 1; 0; 1; 0
14719; 2; 0; 0; 1; 1; 1; 0; 1; 0
14721; 54; 0; 0; 1; 1; 1; 0; 1; 0
14724; 3; 2; 1; 1; 0; 0; 0; 0,124080736305665; 0,875919263694335
14762; 4; 0; 0; 1; 1; 1; 0; 1; 0
14764; 10; 0; 0; 1; 1; 1; 0; 1; 0
14782; 21; 0; 0; 1; 1; 1; 0; 1; 0
14795; 2; 1; 1; 1; 1; 0; 0; 0,444451119043062; 0,555548880956938
14803; 10; 0; 0; 1; 1; 1; 0; 1; 0
14811; 54; 0; 0; 1; 1; 1; 0; 1; 0
14825; 2; 0; 0; 1; 1; 1; 0; 1; 0
14826; 3; 1; 0; 1; 0; 1; 0; 1; 0
14827; 3; 1; 2; 1; 0; 0; 0; 0,251893145886257; 0,748106854113743
14829; 2; 0; 0; 1; 1; 1; 0; 1; 0
14831; 10; 0; 0; 1; 1; 1; 0; 1; 0
14833; 20; 0; 0; 1; 1; 1; 0; 1; 0
14834; 2; 0; 0; 1; 1; 1; 0; 1; 0
14838; 18; 10; 0; 0,0555555555555555; 0,0555555555555555; 1; 0; 1; 0
14851; 2; 0; 0; 1; 1; 1; 0; 1; 0
14852; 20; 0; 0; 1; 1; 1; 0; 1; 0
14853; 32; 0; 0; 1; 1; 1; 0; 1; 0
14858; 340; 187; 0; 0,05; 0,05; 1; 0; 1; 0
14862; 2; 0; 0; 1; 1; 1; 0; 1; 0
14867; 6; 0; 0; 1; 1; 1; 0; 1; 0
14872; 20; 0; 0; 1; 1; 1; 0; 1; 0
14874; 3; 2; 2; 1; 1; 0; 0; 0,375463052198349; 0,624536947801651
14908; 4; 0; 0; 1; 1; 1; 0; 1; 0
14919; 19; 0; 0; 1; 1; 1; 0; 1; 0
14921; 36; 0; 0; 1; 1; 1; 0; 1; 0
14922; 10; 0; 0; 1; 1; 1; 0; 1; 0
14931; 10; 0; 0; 1; 1; 1; 0; 1; 0
14934; 19; 0; 0; 1; 1; 1; 0; 1; 0
14939; 20; 0; 0; 1; 1; 1; 0; 1; 0
14942; 18; 0; 0; 1; 1; 1; 0; 1; 0
14953; 20; 0; 0; 1; 1; 1; 0; 1; 0
14954; 10; 0; 0; 1; 1; 1; 0; 1; 0
14955; 2; 0; 0; 1; 1; 1; 0; 1; 0
14958; 2; 0; 0; 1; 1; 1; 0; 1; 0
14961; 2; 0; 0; 1; 1; 1; 0; 1; 0
14971; 51; 0; 0; 1; 1; 1; 0; 1; 0
14972; 3; 2; 2; 1; 1; 0; 0; 0,251473781903541; 0,748526218096459
14978; 18; 0; 2; 1; 0; 0; 0; 0,399397443709669; 0,600602556290331
14979; 2; 0; 0; 1; 1; 1; 0; 1; 0
14980; 2; 0; 0; 1; 1; 1; 0; 1; 0
14987; 2; 0; 0; 1; 1; 1; 0; 1; 0
14988; 2; 0; 0; 1; 1; 1; 0; 1; 0
14991; 2; 0; 0; 1; 1; 1; 0; 1; 0
14995; 24; 0; 0; 1; 1; 1; 0; 1; 0
14998; 4; 1; 0; 1; 0; 1; 0; 1; 0
15004; 3; 0; 0; 1; 1; 1; 0; 1; 0
15018; 2; 0; 0; 1; 1; 1; 0; 1; 0
15019; 100; 0; 0; 1; 1; 1; 0; 1; 0
15032; 14; 0; 0; 1; 1; 1; 0; 1; 0
15033; 18; 0; 0; 1; 1; 1; 0; 1; 0
15037; 44; 0; 0; 1; 1; 1; 0; 1; 0
15041; 10; 0; 0; 1; 1; 1; 0; 1; 0
15042; 20; 0; 0; 1; 1; 1; 0; 1; 0
15050; 2; 1; 1; 1; 1; 0; 0; 0,500599967389935; 0,499400032610065
15056; 2; 0; 0; 1; 1; 1; 0; 1; 0
15057; 30; 0; 0; 1; 1; 1; 0; 1; 0
15060; 704; 0; 0; 1; 1; 1; 0; 1; 0
15063; 10; 0; 0; 1; 1; 1; 0; 1; 0
15067; 100; 0; 0; 1; 1; 1; 0; 1; 0
15075; 2; 0; 0; 1; 1; 1; 0; 1; 0
15078; 18; 0; 0; 1; 1; 1; 0; 1; 0
15083; 3; 1; 0; 1; 0; 1; 0; 1; 0
15086; 10; 0; 0; 1; 1; 1; 0; 1; 0
15090; 2; 0; 0; 1; 1; 1; 0; 1; 0
15094; 20; 0; 0; 1; 1; 1; 0; 1; 0
15095; 20; 11; 0; 0,05; 0,05; 1; 0; 1; 0
15102; 20; 0; 0; 1; 1; 1; 0; 1; 0
15103; 10; 0; 0; 1; 1; 1; 0; 1; 0
15107; 18; 0; 0; 1; 1; 1; 0; 1; 0
15111; 18; 0; 0; 1; 1; 1; 0; 1; 0
15115; 4; 2; 0; 1; 0; 1; 0; 1; 0
15127; 17; 0; 0; 1; 1; 1; 0; 1; 0
15142; 13; 0; 0; 1; 1; 1; 0; 1; 0
15144; 2; 0; 0; 1; 1; 1; 0; 1; 0
15147; 20; 0; 0; 1; 1; 1; 0; 1; 0
15166; 2; 1; 1; 1; 1; 0; 0; 0,201184594764252; 0,798815405235748
15167; 3; 1; 1; 1; 1; 0; 0; 0,500290371048507; 0,499709628951493
15179; 3; 1; 0; 0,333333333333333; 0,333333333333333; 1; 0; 1; 0
15182; 10; 0; 0; 1; 1; 1; 0; 1; 0
15185; 21; 0; 0; 1; 1; 1; 0; 1; 0
15187; 2; 0; 0; 1; 1; 1; 0; 1; 0
15194; 17; 0; 0; 1; 1; 1; 0; 1; 0
15204; 21; 0; 0; 1; 1; 1; 0; 1; 0
15208; 2; 1; 1; 1; 1; 0; 0; 0,499975874235971; 0,500024125764029
15213; 20; 0; 0; 1; 1; 1; 0; 1; 0
15216; 16; 0; 0; 1; 1; 1; 0; 1; 0
15224; 17; 0; 0; 1; 1; 1; 0; 1; 0
15226; 12; 0; 0; 1; 1; 1; 0; 1; 0
15239; 10; 0; 0; 1; 1; 1; 0; 1; 0
15242; 18; 0; 0; 1; 1; 1; 0; 1; 0
15261; 10; 1; 2; 1; 0; 0; 0; 0,334096601996542; 0,665903398003458
15267; 2; 0; 1; 1; 0; 0; 0; 0,201184594764252; 0,798815405235748
15272; 21; 0; 0; 1; 1; 1; 0; 1; 0
15281; 20; 1; 1; 1; 1; 0; 0; 0,429117560232381; 0,570882439767619
15284; 20; 11; 0; 0,05; 0,05; 1; 0; 1; 0
15286; 4; 0; 0; 1; 1; 1; 0; 1; 0
15287; 17; 0; 0; 1; 1; 1; 0; 1; 0
15288; 15; 0; 0; 1; 1; 1; 0; 1; 0
15295; 10; 5; 0; 0,1; 0,1; 1; 0; 1; 0
15299; 20; 11; 0; 0,05; 0,05; 1; 0; 1; 0
15300; 2; 0; 0; 1; 1; 1; 0; 1; 0
15301; 18; 0; 0; 1; 1; 1; 0; 1; 0
15302; 3; 1; 2; 0,333333333333333; 0,333333333333333; 0; 0; 0,251893145886257; 0,748106854113743
15307; 2; 0; 0; 1; 1; 1; 0; 1; 0
15308; 2; 0; 0; 1; 1; 1; 0; 1; 0
15317; 2; 0; 0; 1; 1; 1; 0; 1; 0
15325; 17; 0; 0; 1; 1; 1; 0; 1; 0
15331; 2; 1; 0; 0,5; 0,5; 1; 0; 1; 0
15339; 24; 14; 0; 0,0416666666666667; 0,0416666666666667; 1; 0; 1; 0
15347; 2; 0; 0; 1; 1; 1; 0; 1; 0
15350; 20; 0; 0; 1; 1; 1; 0; 1; 0
15360; 2; 1; 1; 1; 1; 0; 0; 0,333563697350795; 0,666436302649205
15361; 2; 0; 0; 1; 1; 1; 0; 1; 0
15372; 2; 1; 1; 1; 1; 0; 0; 0,2016024431017; 0,798397556898301
15374; 18; 10; 0; 0,0555555555555555; 0,0555555555555555; 1; 0; 1; 0
15385; 2; 0; 0; 1; 1; 1; 0; 1; 0
15393; 20; 0; 0; 1; 1; 1; 0; 1; 0
15394; 2; 0; 0; 1; 1; 1; 0; 1; 0
15416; 10; 0; 0; 1; 1; 1; 0; 1; 0
15419; 150; 0; 0; 1; 1; 1; 0; 1; 0
15423; 2; 0; 0; 1; 1; 1; 0; 1; 0
15424; 3; 0; 0; 1; 1; 1; 0; 1; 0
15426; 2; 0; 0; 1; 1; 1; 0; 1; 0
15430; 2; 0; 0; 1; 1; 1; 0; 1; 0
15431; 2; 0; 0; 1; 1; 1; 0; 1; 0
15432; 20; 0; 0; 1; 1; 1; 0; 1; 0
15454; 10; 0; 0; 1; 1; 1; 0; 1; 0
15456; 20; 0; 0; 1; 1; 1; 0; 1; 0
15458; 40; 0; 0; 1; 1; 1; 0; 1; 0
15462; 2; 1; 0; 1; 0; 1; 0; 1; 0
15463; 10; 1; 2; 1; 0; 0; 0; 0,142183494865268; 0,857816505134732
15466; 2; 0; 0; 1; 1; 1; 0; 1; 0
15468; 10; 0; 0; 1; 1; 1; 0; 1; 0
15470; 2; 1; 1; 1; 1; 0; 0; 0,429144910859318; 0,570855089140682
15472; 18; 0; 0; 1; 1; 1; 0; 1; 0
15482; 20; 0; 0; 1; 1; 1; 0; 1; 0
15485; 20; 11; 0; 0,05; 0,05; 1; 0; 1; 0
15496; 4; 0; 3; 1; 0; 0; 1; 0; 1
15497; 19; 0; 0; 1; 1; 1; 0; 1; 0
15505; 20; 0; 0; 1; 1; 1; 0; 1; 0
15507; 3; 0; 0; 1; 1; 1; 0; 1; 0
15511; 10; 0; 0; 1; 1; 1; 0; 1; 0
15512; 30; 1; 0; 0,333333333333333; 0,333333333333333; 1; 0; 1; 0
15513; 2; 0; 0; 1; 1; 1; 0; 1; 0
15514; 14; 0; 0; 1; 1; 1; 0; 1; 0
15518; 20; 0; 0; 1; 1; 1; 0; 1; 0
15522; 10; 0; 0; 1; 1; 1; 0; 1; 0
15530; 2; 1; 1; 1; 1; 0; 0; 0,200412394553236; 0,799587605446764
15531; 20; 0; 0; 1; 1; 1; 0; 1; 0
15541; 10; 0; 0; 1; 1; 1; 0; 1; 0
15545; 21; 0; 0; 1; 1; 1; 0; 1; 0
15549; 26; 5; 3; 1; 0; 0; 0; 0,334762845685201; 0,665237154314799
15550; 2; 0; 0; 1; 1; 1; 0; 1; 0
15562; 340; 187; 0; 0,05; 0,05; 1; 0; 1; 0
15580; 2; 0; 0; 1; 1; 1; 0; 1; 0
15587; 20; 0; 0; 1; 1; 1; 0; 1; 0
15602; 13; 0; 0; 1; 1; 1; 0; 1; 0
15609; 2; 0; 0; 1; 1; 1; 0; 1; 0
15620; 15; 0; 0; 1; 1; 1; 0; 1; 0
15622; 10; 0; 0; 1; 1; 1; 0; 1; 0
15625; 20; 0; 0; 1; 1; 1; 0; 1; 0
15627; 18; 0; 0; 1; 1; 1; 0; 1; 0
15630; 19; 0; 0; 1; 1; 1; 0; 1; 0
15641; 2; 1; 1; 1; 1; 0; 0; 0,200412394553236; 0,799587605446764
15650; 10; 0; 0; 1; 1; 1; 0; 1; 0
15655; 3; 0; 0; 1; 1; 1; 0; 1; 0
15659; 10; 0; 0; 1; 1; 1; 0; 1; 0
15669; 10; 0; 0; 1; 1; 1; 0; 1; 0
15671; 20; 0; 0; 1; 1; 1; 0; 1; 0
15686; 14; 0; 0; 1; 1; 1; 0; 1; 0
15699; 2; 0; 0; 1; 1; 1; 0; 1; 0
15703; 21; 0; 0; 1; 1; 1; 0; 1; 0
15707; 14; 0; 0; 1; 1; 1; 0; 1; 0
15718; 3; 1; 0; 0,333333333333333; 0,333333333333333; 1; 0; 1; 0
15725; 3; 0; 0; 1; 1; 1; 0; 1; 0
15726; 10; 0; 0; 1; 1; 1; 0; 1; 0
15735; 30; 0; 1; 1; 0; 0; 0; 0,454723968991696; 0,545276031008304
15736; 3; 1; 0; 0,333333333333333; 0,333333333333333; 1; 0; 1; 0
15740; 2; 1; 1; 1; 1; 0; 0; 0,428950995718092; 0,571049004281908
15746; 20; 0; 0; 1; 1; 1; 0; 1; 0
15748; 2; 0; 0; 1; 1; 1; 0; 1; 0
15750; 19; 0; 0; 1; 1; 1; 0; 1; 0
15754; 10; 0; 0; 1; 1; 1; 0; 1; 0
15765; 2; 0; 0; 1; 1; 1; 0; 1; 0
15772; 2; 0; 0; 1; 1; 1; 0; 1; 0
15775; 20; 2; 4; 1; 0; 0; 0; 0,334762845685201; 0,665237154314799
15776; 20; 0; 0; 1; 1; 1; 0; 1; 0
15788; 2; 0; 0; 1; 1; 1; 0; 1; 0
15798; 4; 0; 0; 1; 1; 1; 0; 1; 0
15810; 10; 0; 0; 1; 1; 1; 0; 1; 0
15815; 10; 0; 0; 1; 1; 1; 0; 1; 0
15823; 2; 0; 0; 1; 1; 1; 0; 1; 0
15829; 2; 1; 0; 1; 0; 1; 0; 1; 0
15830; 10; 5; 0; 0,1; 0,1; 1; 0; 1; 0
15831; 3; 0; 0; 1; 1; 1; 0; 1; 0
15834; 10; 0; 0; 1; 1; 1; 0; 1; 0
15840; 2; 0; 0; 1; 1; 1; 0; 1; 0
15850; 10; 0; 0; 1; 1; 1; 0; 1; 0
15856; 2; 0; 0; 1; 1; 1; 0; 1; 0
15858; 3; 0; 0; 1; 1; 1; 0; 1; 0
15859; 4; 0; 0; 1; 1; 1; 0; 1; 0
15863; 20; 0; 0; 1; 1; 1; 0; 1; 0
15865; 20; 0; 0; 1; 1; 1; 0; 1; 0
15866; 2; 0; 0; 1; 1; 1; 0; 1; 0
15867; 20; 0; 0; 1; 1; 1; 0; 1; 0
15871; 2; 0; 0; 1; 1; 1; 0; 1; 0
15900; 2; 0; 0; 1; 1; 1; 0; 1; 0
