MAC; alternativas; MasProb; Elección; MaxProb; ElecProb; velocidad
21; 2; 0; 0; 1; 1; 18,6524590883961
21; 16; 0; 0; 1; 1; 7,89104795891986
32; 20; 0; 0; 1; 1; 11,06485871692
35; 2; 0; 0; 1; 1; 8,08261264722958
40; 10; 0; 0; 1; 1; 12,4271173700152
46; 14; 7; 0; 1; 0; 13,1122555466833
54; 2; 0; 0; 1; 1; 17,8579651420215
68; 21; 0; 0; 1; 1; 9,83621879917119
69; 18; 0; 0; 1; 1; 17,3567712913399
74; 13; 0; 0; 1; 1; 19,9613498634013
77; 2; 0; 0; 1; 1; 3,78201088960019
78; 16; 0; 0; 1; 1; 6,65323651438341
89; 18; 0; 0; 0,999998789100862; 0,999998789100862; 11,9846500584565
92; 20; 0; 0; 0,973885995013093; 0,973885995013093; 6,99069187577033
92; 10; 0; 0; 0,991312028278458; 0,991312028278458; 8,93007757049678
106; 2; 0; 0; 1; 1; 14,136083146105
108; 20; 0; 0; 1; 1; 7,98693549391325
113; 20; 0; 0; 1; 1; 9,90013674671792
138; 24; 0; 0; 1; 1; 9,3148634341411
148; 19; 0; 0; 1; 1; 16,1128850570299
158; 13; 0; 0; 1; 1; 12,0929501493199
164; 10; 0; 0; 1; 1; 7,9261119364287
170; 2; 0; 0; 1; 1; 15,9542597898611
172; 10; 0; 0; 0,9224639344534; 0,9224639344534; 8,67884750756961
172; 10; 0; 0; 1; 1; 15,2514622268369
176; 13; 0; 0; 1; 1; 18,8523859821013
180; 18; 0; 0; 0,999966776101173; 0,999966776101173; 19,2794448499719
191; 19; 0; 0; 1; 1; 16,4825398344232
197; 20; 0; 0; 1; 1; 6,03301305863038
199; 18; 0; 0; 0,999998690961607; 0,999998690961607; 11,9846500584565
203; 2; 0; 0; 0,999997552119169; 0,999997552119169; 17,3703954948481
207; 20; 0; 0; 1; 1; 13,9771371143482
223; 2; 0; 0; 0,999997602283137; 0,999997602283137; 17,3703954948481
230; 20; 0; 0; 0,950237373562432; 0,950237373562432; 6,04600378445001
231; 2; 0; 0; 1; 1; 16,157206557067
235; 18; 0; 0; 1; 1; 15,0425351191612
242; 2; 0; 0; 1; 1; 15,9542597898611
244; 2; 0; 0; 1; 1; 21,2063336061505
244; 18; 0; 0; 1; 1; 17,6615895598307
263; 10; 0; 0; 0,920962396572695; 0,920962396572695; 6,05969549426567
273; 2; 0; 0; 1; 1; 18,8481108614733
321; 20; 0; 0; 1; 1; 9,1017386219826
324; 22; 0; 0; 1; 1; 11,6711050936897
329; 10; 0; 0; 0,996133801571585; 0,996133801571585; 10,7624800135723
332; 2; 0; 0; 1; 1; 18,8481108614733
332; 2; 0; 0; 1; 1; 14,9201089239514
333; 21; 0; 0; 1; 1; 8,22665572294318
336; 2; 0; 0; 1; 1; 22,617733033768
341; 21; 0; 0; 0,980598244623929; 0,980598244623929; 7,06941947961194
350; 21; 0; 0; 0,983203221222322; 0,983203221222322; 8,48330337553433
351; 21; 0; 0; 0,983665498517667; 0,983665498517667; 8,48330337553433
352; 13; 0; 0; 1; 1; 15,424679439901
358; 2; 0; 0; 1; 1; 15,9858309899479
363; 15; 0; 0; 1; 1; 15,4017448246964
365; 12; 0; 0; 1; 1; 12,9015957246977
368; 10; 0; 0; 1; 1; 11,7504124075597
372; 20; 0; 0; 1; 1; 12,7790967902612
377; 2; 0; 0; 0,999997602283137; 0,999997602283137; 17,3703954948481
379; 2; 0; 0; 1; 1; 15,9542597898611
379; 18; 0; 0; 1; 1; 8,20501915590611
380; 3; 0; 0; 1; 1; 4,73821628764506
386; 19; 0; 0; 1; 1; 7,00507942962987
400; 2; 0; 0; 1; 1; 17,2048118041493
402; 2; 0; 0; 1; 1; 21,1838404652817
402; 10; 0; 0; 1; 1; 13,4731192257973
412; 2; 0; 0; 1; 1; 15,9858309899479
416; 18; 0; 0; 1; 1; 9,20971537907829
428; 2; 0; 0; 1; 1; 3,75049413218685
434; 20; 0; 0; 1; 1; 12,4241218794206
443; 2; 0; 0; 0,999992611875991; 0,999992611875991; 16,1296529595018
443; 16; 0; 0; 1; 1; 8,27597712764765
445; 2; 0; 0; 1; 1; 14,0049567649821
473; 2; 0; 0; 1; 1; 12,9432790153156
482; 2; 0; 0; 1; 1; 15,256501366415
482; 2; 0; 0; 1; 1; 16,0250121142002
484; 20; 0; 0; 1; 1; 13,5139492513321
528; 10; 0; 0; 0,887727224338446; 0,887727224338446; 7,62413497951286
543; 2; 0; 0; 1; 1; 17,8579651420215
546; 20; 0; 0; 1; 1; 7,09949821681177
556; 19; 0; 0; 1; 1; 11,9235394546891
558; 21; 0; 0; 0,977210124879011; 0,977210124879011; 6,52561798118025
570; 18; 0; 0; 1; 1; 16,7139279101791
574; 2; 0; 0; 1; 1; 18,6356303997358
583; 20; 0; 0; 0,974333082057488; 0,974333082057488; 6,88314276998924
610; 10; 0; 0; 0,999921098179136; 0,999921098179136; 16,1088899186674
615; 16; 0; 0; 1; 1; 8,27597712764765
616; 2; 0; 0; 0,999997744682408; 0,999997744682408; 18,8179284527521
620; 20; 0; 0; 1; 1; 16,1230798446549
621; 2; 0; 0; 0,999997744682408; 0,999997744682408; 18,8179284527521
630; 20; 0; 0; 1; 1; 9,25094745185117
647; 10; 0; 0; 1; 1; 12,511509470888
652; 10; 1; 0; 0,542479406576312; 0,457520593423688; 8,21391252605284
665; 2; 0; 0; 1; 1; 15,9542597898611
666; 2; 0; 0; 1; 1; 11,5738975883148
673; 20; 0; 0; 1; 1; 13,5535875048225
673; 2; 0; 0; 1; 1; 7,80390186629063
679; 2; 0; 0; 1; 1; 13,9876021162045
684; 10; 0; 0; 1; 1; 19,9607138247511
689; 2; 0; 0; 1; 1; 5,79941872660718
718; 10; 0; 0; 0,985615996879632; 0,985615996879632; 11,7538747600823
730; 10; 0; 0; 1; 1; 7,67313569476502
739; 2; 0; 0; 0,999983741374077; 0,999983741374077; 15,0543427622017
787; 2; 0; 0; 1; 1; 18,8500743165782
817; 2; 0; 0; 1; 1; 17,8579651420215
825; 18; 0; 0; 0,999987989815809; 0,999987989815809; 11,1856733878928
826; 3; 1; 0; 0,945001535603173; 0,054998464396827; 13,7432435289813
827; 10; 0; 0; 1; 1; 15,4241879554895
828; 21; 0; 0; 1; 1; 15,1081801924104
836; 2; 0; 0; 1; 1; 17,4087041632637
846; 10; 0; 0; 1; 1; 14,7535710878595
863; 2; 0; 0; 1; 1; 20,5615754852437
874; 13; 0; 0; 1; 1; 19,9613498634013
875; 21; 0; 0; 1; 1; 16,4412549152702
876; 2; 0; 0; 0,999997744682408; 0,999997744682408; 18,8179284527521
881; 20; 0; 0; 1; 1; 16,1230798446549
886; 2; 0; 0; 1; 1; 10,6361731932408
893; 2; 0; 0; 1; 1; 20,5615754852437
894; 14; 7; 0; 1; 0; 9,55638963571834
919; 2; 0; 0; 1; 1; 11,1813782398415
928; 18; 0; 0; 0,99999526942645; 0,99999526942645; 13,9800923054129
935; 10; 0; 0; 0,860947555480256; 0,860947555480256; 6,79742154799942
956; 2; 0; 0; 1; 1; 16,1555235955486
956; 2; 0; 0; 1; 1; 14,9201089239514
960; 20; 0; 0; 0,999604234120992; 0,999604234120992; 14,9134760016434
969; 10; 0; 0; 1; 1; 11,2160918047034
969; 14; 7; 0; 1; 0; 10,2513997910433
975; 16; 0; 0; 1; 1; 7,7117059598535
985; 10; 0; 0; 1; 1; 6,61996020724825
991; 21; 0; 0; 1; 1; 9,626937548125
1015; 13; 0; 0; 1; 1; 21,2089342298639
1051; 2; 0; 0; 1; 1; 18,6468350033961
1054; 2; 0; 0; 1; 1; 18,6356303997358
1060; 3; 0; 0; 1; 1; 14,0640733413876
1061; 20; 0; 0; 0,970946165923115; 0,970946165923115; 6,77885272801971
1063; 20; 0; 0; 0,973658235349132; 0,973658235349132; 6,99069187577033
1070; 3; 1; 0; 0,962841512562687; 0,0371584874373129; 12,8938664025848
1072; 16; 0; 0; 1; 1; 16,7558289183315
1075; 21; 0; 0; 0,982789656486962; 0,982789656486962; 8,700823974907
1093; 13; 0; 0; 1; 1; 7,89169645762379
1097; 2; 0; 0; 1; 1; 13,9599773161285
1098; 20; 0; 0; 1; 1; 9,56453889089697
1102; 2; 0; 0; 1; 1; 13,4257212024452
1102; 13; 0; 0; 1; 1; 7,71233971995052
1115; 3; 0; 0; 1; 1; 12,9822215458963
1126; 2; 0; 0; 1; 1; 18,6385461211617
1144; 10; 0; 0; 1; 1; 14,276009826951
1145; 20; 0; 0; 0,979289805794634; 0,979289805794634; 8,77263294214315
1158; 10; 0; 0; 1; 1; 11,652977829613
1185; 2; 0; 0; 0,999997744682408; 0,999997744682408; 18,8179284527521
1187; 2; 0; 0; 1; 1; 14,9201089239514
1193; 10; 0; 0; 1; 1; 5,19708854944578
1209; 2; 0; 0; 1; 1; 13,9599773161285
1224; 13; 0; 0; 1; 1; 10,9465466992846
1227; 21; 0; 0; 0,980280988073362; 0,980280988073362; 7,06941947961194
1236; 20; 0; 0; 1; 1; 15,6752165156367
1249; 20; 0; 0; 0,971203482503016; 0,971203482503016; 6,88314276998924
1267; 10; 0; 0; 0,995461901389585; 0,995461901389585; 10,2831196266327
1271; 2; 0; 0; 1; 1; 13,2575376706982
1273; 21; 0; 0; 1; 1; 9,42637634920573
1294; 14; 7; 0; 1; 0; 11,0554311472036
1306; 18; 0; 0; 0,999956951633441; 0,999956951633441; 18,6555128867664
1315; 15; 0; 0; 1; 1; 14,118266089305
1316; 14; 0; 0; 0,99978811588104; 0,99978811588104; 17,0856663184055
1331; 20; 0; 0; 1; 1; 14,9089462553047
1331; 2; 0; 0; 1; 1; 12,8787508801069
1338; 2; 0; 0; 1; 1; 17,4087041632637
1341; 10; 0; 0; 1; 1; 19,9613498634634
1342; 2; 0; 0; 1; 1; 15,4064294292958
1347; 20; 0; 0; 1; 1; 6,88105211783295
1355; 2; 0; 0; 1; 1; 15,4227880772004
1363; 2; 0; 0; 1; 1; 19,9589022175534
1364; 2; 0; 0; 1; 1; 3,75049413218685
1368; 2; 0; 0; 0,999942836502176; 0,999942836502176; 15,0543427622017
1370; 10; 0; 0; 1; 1; 14,6790421986809
1376; 10; 0; 0; 0,887884486881352; 0,887884486881352; 7,94628152794298
1380; 2; 0; 0; 1; 1; 13,9851262525471
1384; 2; 0; 0; 1; 1; 13,304548843393
1384; 2; 0; 0; 1; 1; 18,6385461211617
1392; 10; 0; 0; 0,918136887571067; 0,918136887571067; 6,05969549426567
1395; 2; 0; 0; 1; 1; 19,9377322026181
1415; 2; 0; 0; 1; 1; 22,3359637058056
1437; 18; 0; 0; 1; 1; 15,2531909834901
1454; 21; 0; 0; 0,982871684668926; 0,982871684668926; 8,27639353710666
1471; 10; 0; 0; 0,904326100316497; 0,904326100316497; 8,17660852875293
1474; 2; 0; 0; 1; 1; 15,0784886891787
1478; 2; 0; 0; 1; 1; 18,6133030881713
1502; 10; 0; 0; 1; 1; 18,8523859821599
1504; 2; 0; 0; 1; 1; 16,9470723722254
1504; 10; 0; 0; 1; 1; 10,5258743951541
1522; 10; 0; 0; 0,993583434512665; 0,993583434512665; 9,69551279082507
1544; 21; 0; 0; 0,984674429696685; 0,984674429696685; 8,27639353710666
1553; 20; 0; 0; 1; 1; 11,5164856033249
1573; 2; 0; 0; 1; 1; 12,9093473100435
1576; 2; 0; 0; 1; 1; 11,9872510736118
1587; 2; 0; 0; 1; 1; 18,8594295102024
1587; 2; 0; 0; 1; 1; 6,82964061823848
1588; 10; 0; 0; 0,874730450530671; 0,874730450530671; 8,05892982845749
1607; 10; 0; 0; 1; 1; 12,9853065603716
1610; 2; 0; 0; 1; 1; 20,5615754852437
1620; 2; 0; 0; 1; 1; 14,1225603101878
1624; 2; 0; 0; 1; 1; 10,1854231018052
1633; 10; 0; 0; 0,66013454619962; 0,66013454619962; 6,37079268342157
1634; 2; 0; 0; 1; 1; 17,3982561798216
1640; 2; 0; 0; 1; 1; 12,4312233355974
1649; 20; 0; 0; 1; 1; 12,0065488204877
1657; 2; 0; 0; 1; 1; 13,304548843393
1667; 12; 0; 0; 1; 1; 18,6356382690078
1668; 2; 0; 0; 1; 1; 17,2048118041493
1675; 3; 0; 0; 1; 1; 14,652855140812
1687; 2; 0; 0; 1; 1; 5,63445351004675
1689; 12; 0; 0; 1; 1; 12,9015957246977
1692; 2; 0; 0; 1; 1; 5,20013320224495
1698; 2; 0; 0; 1; 1; 13,9851262525471
1703; 17; 0; 0; 1; 1; 4,80618292771266
1703; 18; 0; 0; 1; 1; 10,0283567461075
1716; 20; 0; 0; 1; 1; 11,7564123867275
1718; 13; 0; 0; 1; 1; 18,8523859821013
1726; 13; 0; 0; 1; 1; 16,9671473838911
1729; 10; 0; 0; 1; 1; 11,652977829613
1742; 20; 0; 0; 1; 1; 12,5401732125094
1743; 2; 0; 0; 1; 1; 18,8481108614733
1758; 2; 0; 0; 1; 1; 17,6707507153226
1770; 2; 0; 0; 1; 1; 17,2048118041493
1771; 2; 0; 0; 1; 1; 12,4638983110446
1776; 18; 0; 0; 0,999973379510156; 0,999973379510156; 10,8248452140898
1779; 14; 0; 0; 0,999754049182732; 0,999754049182732; 16,5831467208053
1785; 10; 0; 0; 0,681706449995963; 0,681706449995963; 6,40347098813722
1793; 10; 0; 0; 1; 1; 14,6790421986809
1800; 13; 0; 0; 1; 1; 15,424679439901
1803; 12; 0; 0; 1; 1; 13,4176595536856
1808; 20; 0; 0; 1; 1; 15,2515620152141
1810; 19; 0; 0; 1; 1; 6,76741172395255
1811; 20; 0; 0; 1; 1; 16,59728807538
1812; 10; 0; 0; 1; 1; 11,2709013206505
1813; 2; 0; 0; 1; 1; 13,1648019917218
1826; 2; 0; 0; 0,999997602283137; 0,999997602283137; 17,3703954948481
1842; 2; 0; 0; 0,999997602283137; 0,999997602283137; 17,3703954948481
1845; 13; 0; 0; 1; 1; 13,5737179071129
1883; 10; 0; 0; 1; 1; 14,6262190289252
1884; 20; 0; 0; 1; 1; 10,9089850648571
1898; 20; 0; 0; 1; 1; 13,5535875048225
1944; 10; 0; 0; 0,999995514349892; 0,999995514349892; 18,0842825914142
1945; 10; 0; 0; 1; 1; 6,89016266468696
1951; 16; 0; 0; 1; 1; 10,281985927158
1956; 2; 0; 0; 1; 1; 20,9776893788206
1974; 2; 0; 0; 1; 1; 16,9650668849204
1980; 10; 0; 0; 0,99999578719246; 0,99999578719246; 18,8377943660565
1996; 10; 0; 0; 1; 1; 12,4370163769949
1996; 10; 0; 0; 1; 1; 12,9975521945683
2008; 20; 0; 0; 1; 1; 11,5164856033249
2029; 2; 0; 0; 1; 1; 12,4088687254475
2031; 10; 0; 0; 1; 1; 8,2569443283679
2032; 2; 0; 0; 0,975341118745398; 0,975341118745398; 4,42774787123579
2058; 2; 0; 0; 1; 1; 12,4638983110446
2059; 10; 0; 0; 1; 1; 4,44234171802185
2075; 2; 0; 0; 0,974088057402802; 0,974088057402802; 4,42774787123579
2086; 2; 0; 0; 1; 1; 9,32341750169805
2105; 2; 0; 0; 0,999966925689853; 0,999966925689853; 15,0543427622017
2115; 2; 0; 0; 0,999991429501313; 0,999991429501313; 16,1296529595018
2122; 19; 0; 0; 0,877764651849096; 0,877764651849096; 9,49841278593881
2136; 13; 0; 0; 1; 1; 21,2089342298639
2142; 2; 0; 0; 1; 1; 10,6572206599653
2175; 2; 0; 0; 1; 1; 16,157206557067
2177; 2; 0; 0; 1; 1; 14,7522320738438
2181; 2; 0; 0; 1; 1; 15,9858309899479
2227; 10; 0; 0; 1; 1; 10,1940314444024
2233; 10; 0; 0; 1; 1; 14,0674154404025
2234; 10; 0; 0; 1; 1; 6,1420137402541
2246; 20; 0; 0; 0,972567042055407; 0,972567042055407; 6,88314276998924
2248; 18; 0; 0; 1; 1; 17,6615895598307
2259; 14; 7; 0; 1; 0; 9,09398368560293
2275; 2; 0; 0; 1; 1; 16,9470723722254
2278; 2; 0; 0; 1; 1; 15,9542597898611
2281; 19; 0; 0; 1; 1; 10,6736612384465
2283; 2; 0; 0; 1; 1; 11,7557703714766
2299; 2; 0; 0; 1; 1; 13,1388021798856
2300; 2; 0; 0; 0,990706982573344; 0,990706982573344; 5,2515149170471
2313; 13; 0; 0; 1; 1; 19,9613498634013
2316; 20; 0; 0; 1; 1; 12,0883348015984
2329; 20; 0; 0; 1; 1; 10,6473168785457
2337; 13; 0; 0; 1; 1; 21,2089342298639
2350; 18; 0; 0; 1; 1; 10,0283567461075
2365; 2; 0; 0; 1; 1; 18,8481108614733
2378; 2; 0; 0; 1; 1; 14,5405251872174
2390; 10; 0; 0; 1; 1; 12,9050834227081
2405; 2; 0; 0; 1; 1; 17,2048118041493
2413; 18; 0; 0; 1; 1; 15,0425351191612
2416; 10; 0; 0; 1; 1; 7,64552358330183
2417; 18; 0; 0; 1; 1; 16,117001913387
2418; 13; 0; 0; 1; 1; 11,7014809544077
2421; 2; 0; 0; 1; 1; 17,215510296867
2421; 18; 0; 0; 1; 1; 6,63641255257112
2423; 20; 0; 0; 0,897002478421277; 0,897002478421277; 6,30146873308875
2440; 21; 0; 0; 0,994428159937774; 0,994428159937774; 7,66891635189618
2442; 10; 0; 0; 1; 1; 16,1591879847085
2458; 2; 0; 0; 1; 1; 13,9789095908713
2476; 2; 0; 0; 1; 1; 18,8594295102024
2478; 2; 1; 0; 0,567146672571762; 0,432853327428238; 8,39838465788701
2496; 2; 0; 0; 1; 1; 11,9822598617024
2498; 2; 0; 0; 0,99999925279417; 0,99999925279417; 16,1296529595018
2499; 3; 2; 0; 0,564637851040697; 0; 12,7060176022657
2507; 14; 0; 0; 0,998768668910478; 0,998768668910478; 10,842826702065
2519; 10; 0; 0; 1; 1; 11,2134345888427
2525; 2; 0; 0; 1; 1; 10,4888446894103
2528; 18; 0; 0; 1; 1; 13,6750319265102
2532; 20; 0; 0; 1; 1; 12,4241218794206
2532; 2; 0; 0; 1; 1; 5,77892667697102
2553; 2; 0; 0; 1; 1; 14,6960286150401
2554; 18; 0; 0; 1; 1; 16,5718127888063
2567; 2; 0; 0; 1; 1; 15,9858309899479
2567; 2; 0; 0; 1; 1; 11,7717133396811
2571; 21; 0; 0; 0,998446617109197; 0,998446617109197; 10,0548014391528
2586; 10; 0; 0; 1; 1; 5,63017926189959
2604; 21; 0; 0; 0,989244424598229; 0,989244424598229; 8,92979302687824
2616; 20; 0; 0; 1; 1; 14,107694864073
2634; 24; 0; 0; 1; 1; 7,16527956472392
2666; 21; 0; 0; 0,998084960329487; 0,998084960329487; 9,23400132167091
2671; 2; 0; 0; 0,999902081681671; 0,999902081681671; 16,0056648742653
2691; 2; 0; 0; 1; 1; 8,4825334424602
2695; 20; 0; 0; 1; 1; 7,58082012981596
2701; 2; 0; 0; 0,987477280442615; 0,987477280442615; 4,5163028286605
2702; 2; 0; 0; 1; 1; 12,9132409073511
2702; 16; 0; 0; 1; 1; 9,17067735766362
2706; 3; 0; 0; 1; 1; 6,88852571823067
2715; 13; 0; 0; 1; 1; 6,92536627913924
2717; 18; 0; 0; 0,999959831104543; 0,999959831104543; 11,1856733878928
2737; 2; 0; 0; 1; 1; 12,4088687254475
2748; 10; 0; 0; 0,99976971461122; 0,99976971461122; 16,5888175165549
2750; 10; 0; 0; 1; 1; 7,35163896889415
2753; 2; 0; 0; 1; 1; 13,9599773161285
2762; 10; 0; 0; 0,999600952379548; 0,999600952379548; 10,9465466993186
2766; 20; 0; 0; 1; 1; 13,5535875048225
2766; 2; 0; 0; 1; 1; 8,38196867120105
2766; 2; 0; 0; 1; 1; 11,8620073895721
2780; 2; 0; 0; 1; 1; 18,8594295102024
2798; 14; 0; 0; 0,999717061887605; 0,999717061887605; 12,5294886334974
2807; 18; 0; 0; 1; 1; 13,4228080654713
2810; 2; 0; 0; 1; 1; 4,45603263230121
2814; 10; 0; 0; 1; 1; 7,04532067852356
2822; 2; 0; 0; 1; 1; 13,9876021162045
2822; 18; 0; 0; 1; 1; 8,67838564566993
2824; 20; 0; 0; 0,989366656628936; 0,989366656628936; 12,0920075689
2824; 10; 0; 0; 0,999797477059713; 0,999797477059713; 9,98067493173169
2832; 14; 0; 0; 0,999940499491552; 0,999940499491552; 15,2385672569563
2845; 2; 0; 0; 1; 1; 15,9858309899479
2856; 10; 0; 0; 0,982418332500582; 0,982418332500582; 11,7538747600823
2858; 2; 0; 0; 1; 1; 20,3054215507324
2861; 13; 0; 0; 1; 1; 7,06964474328797
2861; 2; 0; 0; 1; 1; 14,9108368969294
2865; 10; 0; 0; 0,998060354347808; 0,998060354347808; 9,69551279082507
2877; 20; 0; 0; 0,881295699974911; 0,881295699974911; 6,04600378445001
2898; 21; 0; 0; 0,994994190715957; 0,994994190715957; 7,41747647150615
2903; 15; 0; 0; 1; 1; 17,8335992707011
2921; 10; 0; 0; 1; 1; 13,4561215066112
2929; 10; 0; 0; 1; 1; 14,6262190289252
2930; 18; 0; 0; 1; 1; 8,67838564566993
2931; 2; 0; 0; 1; 1; 8,60775514843351
2936; 2; 0; 0; 1; 1; 17,8579651420215
2940; 12; 0; 0; 1; 1; 13,9767287017558
2940; 10; 0; 0; 1; 1; 10,8654187304817
2952; 13; 0; 0; 1; 1; 21,2089342298639
2957; 10; 0; 0; 1; 1; 14,0674154404025
2959; 13; 0; 0; 1; 1; 19,9613498634013
2961; 2; 0; 0; 1; 1; 17,3703954948481
2990; 14; 0; 0; 0,998279461598852; 0,998279461598852; 10,2513997910433
2992; 2; 0; 0; 1; 1; 9,32341750169805
2994; 2; 0; 0; 0,999998760671028; 0,999998760671028; 15,0543427622017
3028; 2; 0; 0; 1; 1; 15,0784886891787
3032; 12; 0; 0; 1; 1; 13,4176595536856
3045; 2; 0; 0; 0,997479703477175; 0,997479703477175; 5,94250372192171
3053; 10; 0; 0; 1; 1; 14,0674154404025
3060; 2; 0; 0; 1; 1; 13,659281236477
3066; 2; 0; 0; 1; 1; 15,9542597898611
3066; 2; 0; 0; 1; 1; 20,3329594049037
3066; 2; 0; 0; 1; 1; 9,69432393424023
3081; 10; 0; 0; 1; 1; 12,9853065603716
3082; 21; 0; 0; 0,950280977851613; 0,950280977851613; 5,06465873166229
3092; 24; 0; 0; 1; 1; 5,88307164261543
3116; 13; 0; 0; 1; 1; 19,9613498634013
3129; 2; 0; 0; 1; 1; 18,8594295102024
3132; 18; 0; 0; 1; 1; 23,9693001169131
3148; 10; 0; 0; 1; 1; 20,550321126607
3152; 21; 0; 0; 0,996873933700401; 0,996873933700401; 9,0493212952375
3158; 2; 0; 0; 1; 1; 18,8300804135837
3174; 10; 0; 0; 1; 1; 9,06843699974083
3185; 20; 0; 0; 1; 1; 13,5535875048225
3201; 2; 0; 0; 1; 1; 10,6361731932408
3206; 2; 0; 0; 1; 1; 13,9599773161285
3212; 20; 0; 0; 1; 1; 13,4358998705457
3220; 10; 0; 0; 1; 1; 12,4584390253577
3229; 20; 0; 0; 1; 1; 13,1549525782101
3246; 16; 0; 0; 1; 1; 11,3101845198738
3312; 15; 0; 0; 1; 1; 16,941919307166
3320; 2; 0; 0; 1; 1; 18,8594295102024
3321; 2; 0; 0; 1; 1; 3,71949831291258
3323; 10; 0; 0; 1; 1; 5,17665775601695
3323; 10; 0; 0; 1; 1; 7,67313569476502
3325; 14; 0; 0; 0,998569131135673; 0,998569131135673; 10,842826702065
3332; 18; 0; 0; 1; 1; 10,744667942258
3336; 3; 0; 0; 1; 1; 5,17660514159879
3340; 2; 0; 0; 1; 1; 14,1445721326518
3345; 13; 0; 0; 1; 1; 16,1595023128882
3347; 10; 0; 0; 1; 1; 17,8595860537246
3354; 10; 0; 0; 1; 1; 16,1586730962271
3366; 19; 0; 0; 0,962997850220926; 0,962997850220926; 11,2081270874078
3369; 20; 0; 0; 0,944703101048618; 0,944703101048618; 6,88314276998924
3414; 10; 0; 0; 1; 1; 18,8517852789316
3435; 19; 0; 0; 1; 1; 16,1128850570299
3440; 2; 0; 0; 1; 1; 13,304548843393
3440; 2; 0; 0; 1; 1; 11,7790333610143
3454; 18; 0; 0; 1; 1; 13,4228080654713
3455; 2; 0; 0; 1; 1; 21,2063336061505
3456; 24; 0; 0; 1; 1; 14,7076791065386
3465; 2; 0; 0; 1; 1; 17,5989441718753
3471; 2; 0; 0; 1; 1; 20,5286492211841
3472; 20; 0; 0; 1; 1; 11,1817096914785
3477; 13; 0; 0; 1; 1; 20,5666393073123
3484; 2; 0; 0; 0,994684332618723; 0,994684332618723; 5,2515149170471
3492; 14; 0; 0; 0,976754770502907; 0,976754770502907; 7,83093039593586
3512; 2; 0; 0; 0,99192655909338; 0,99192655909338; 5,01811425406722
3515; 10; 0; 0; 0,984059523349233; 0,984059523349233; 7,71233971997449
3516; 2; 0; 0; 0,999962415469724; 0,999962415469724; 17,2368698645934
3539; 21; 0; 0; 0,996212831245297; 0,996212831245297; 9,23400132167091
3539; 2; 0; 0; 1; 1; 13,1648019917218
3552; 2; 0; 0; 1; 1; 18,6133030881713
3555; 18; 0; 0; 0,99999894393628; 0,99999894393628; 14,4310630249423
3557; 10; 0; 0; 0,999509414510154; 0,999509414510154; 9,98067493173169
3558; 24; 0; 0; 1; 1; 6,89989884010452
3567; 2; 0; 0; 1; 1; 16,1652252944592
3567; 22; 0; 0; 1; 1; 13,3384058213597
3573; 2; 0; 0; 1; 1; 7,77166001385758
3580; 10; 0; 0; 0,997908437816388; 0,997908437816388; 9,69551279082507
3589; 20; 0; 0; 0,957812241356815; 0,957812241356815; 6,99069187577033
3594; 21; 0; 0; 0,996990882104652; 0,996990882104652; 9,23400132167091
3600; 21; 0; 0; 0,998508064164418; 0,998508064164418; 9,83621879917119
3629; 3; 0; 0; 1; 1; 14,0640733413876
3652; 2; 0; 0; 1; 1; 15,9542597898611
3652; 2; 0; 0; 1; 1; 14,9108368969294
3654; 2; 0; 0; 1; 1; 13,1648019917218
3670; 15; 0; 0; 1; 1; 18,82435478574
3676; 20; 0; 0; 1; 1; 12,4241218794206
3682; 2; 0; 0; 0,999965756628491; 0,999965756628491; 17,2368698645934
3697; 12; 0; 0; 1; 1; 14,5844125583539
3701; 2; 0; 0; 1; 1; 15,9542597898611
3714; 2; 0; 0; 1; 1; 13,1388021798856
3723; 3; 0; 0; 1; 1; 15,3426254633319
3734; 2; 0; 0; 1; 1; 4,34956404495539
3740; 2; 0; 0; 1; 1; 15,9542597898611
3743; 2; 1; 0; 0,820633129349259; 0,179366870650741; 13,2226074998642
3756; 10; 0; 0; 1; 1; 18,6406760550228
3762; 12; 0; 0; 1; 1; 12,9015957246977
3762; 10; 0; 0; 1; 1; 14,692885089512
3764; 4; 0; 0; 1; 1; 7,12182176268595
3799; 2; 0; 0; 1; 1; 14,0767783849104
3846; 10; 0; 0; 0,881613892159052; 0,881613892159052; 8,35740871099295
3847; 21; 0; 0; 0,990463515378409; 0,990463515378409; 9,17113878436144
3851; 2; 0; 0; 1; 1; 16,1652252944592
3875; 26; 0; 0; 0,999991728891107; 0,999991728891107; 16,117859656915
3879; 24; 0; 0; 1; 1; 7,87171557814741
3892; 15; 0; 0; 1; 1; 17,8335992707011
3895; 10; 0; 0; 0,995961507960224; 0,995961507960224; 9,42619299107993
3902; 10; 0; 0; 0,947775240850107; 0,947775240850107; 5,95382736853765
3921; 2; 0; 0; 1; 1; 18,6501361549393
3921; 2; 0; 0; 1; 1; 14,9108368969294
3926; 2; 0; 0; 1; 1; 10,2426866104825
3937; 3; 0; 0; 1; 1; 15,3426254633319
3945; 3; 0; 0; 1; 1; 9,12264216738656
3954; 2; 0; 0; 0,99192655909338; 0,99192655909338; 5,01811425406722
3962; 12; 0; 0; 1; 1; 12,4237588460052
3964; 13; 0; 0; 1; 1; 8,70110122250828
3968; 20; 0; 0; 1; 1; 13,5535875048225
3970; 10; 0; 0; 1; 1; 13,4561215066112
3970; 10; 0; 0; 1; 1; 12,9853065603716
3972; 18; 0; 0; 1; 1; 15,5612432267185
3981; 2; 0; 0; 0,999806539944948; 0,999806539944948; 14,9386205493142
3984; 2; 0; 0; 1; 1; 19,9589022175534
3989; 21; 0; 0; 1; 1; 15,9715047748339
3997; 10; 0; 0; 1; 1; 15,34627138953
4003; 21; 0; 0; 1; 1; 16,9394747611874
4013; 10; 0; 0; 1; 1; 6,02889233160109
4029; 2; 0; 0; 1; 1; 14,0218855999252
4049; 22; 0; 0; 1; 1; 9,65884559477768
4055; 15; 0; 0; 1; 1; 18,82435478574
4064; 10; 0; 0; 1; 1; 12,9927213736144
4068; 24; 0; 0; 1; 1; 8,21899714777156
4069; 10; 0; 0; 1; 1; 17,8171456987092
4083; 10; 0; 0; 1; 1; 8,35888191266874
4095; 10; 0; 0; 1; 1; 17,7054230350148
4106; 15; 0; 0; 1; 1; 16,941919307166
4112; 10; 0; 0; 1; 1; 16,0862264625703
4124; 20; 0; 0; 1; 1; 11,1817096914785
4128; 14; 0; 0; 0,99993576225473; 0,99993576225473; 14,45710226942
4129; 10; 0; 0; 1; 1; 8,35888191266874
4133; 24; 0; 0; 1; 1; 8,468057667401
4136; 2; 0; 0; 1; 1; 16,1555235955486
4136; 18; 0; 0; 0,999405898667147; 0,999405898667147; 15,2636014528089
4144; 14; 0; 0; 0,997381364483764; 0,997381364483764; 10,638245066177
4166; 2; 0; 0; 1; 1; 4,91689848560174
4166; 18; 0; 0; 0,999763696291234; 0,999763696291234; 16,7899615980898
4181; 3; 2; 0; 0,655597511203097; 0; 12,4735550316896
4186; 2; 0; 0; 1; 1; 15,9758966752814
4193; 2; 0; 0; 1; 1; 13,9876021162045
4193; 18; 0; 0; 1; 1; 8,35696395508956
4195; 19; 0; 0; 0,994702466622769; 0,994702466622769; 13,0327059155905
4200; 2; 0; 0; 0,999784928886732; 0,999784928886732; 14,9386205493142
4205; 24; 0; 0; 1; 1; 11,4059552254789
4208; 2; 1; 0; 0,776485609178959; 0,223514390821041; 4,94391514301717
4208; 10; 0; 0; 1; 1; 14,0344991935389
4214; 20; 0; 0; 1; 1; 11,4684201963883
4225; 10; 0; 0; 1; 1; 8,05179506116978
4234; 2; 0; 0; 1; 1; 11,2669552715307
4242; 2; 0; 0; 1; 1; 5,95203500888632
4242; 2; 0; 0; 0,999818652852594; 0,999818652852594; 14,9386205493142
4258; 10; 0; 0; 1; 1; 10,1757406720868
4278; 2; 0; 0; 1; 1; 17,8579651420215
4293; 2; 0; 0; 1; 1; 19,7318439526615
4301; 21; 0; 0; 0,992298303382311; 0,992298303382311; 9,42589263948259
4311; 10; 0; 0; 1; 1; 12,9853065603716
4316; 20; 0; 0; 1; 1; 13,4358998705457
4331; 10; 0; 0; 1; 1; 8,79310954449569
4335; 2; 0; 0; 1; 1; 14,9201089239514
4346; 10; 0; 0; 1; 1; 14,5883551734961
4354; 10; 0; 0; 0,877705826248363; 0,877705826248363; 7,72857518471167
4355; 18; 0; 0; 1; 1; 16,7139279101791
4371; 2; 0; 0; 1; 1; 16,1555235955486
4375; 10; 0; 0; 1; 1; 10,51259492704
4381; 10; 0; 0; 1; 1; 6,11641886664146
4392; 17; 0; 0; 1; 1; 5,17588930676748
4415; 10; 0; 0; 1; 1; 7,18336107595023
4434; 10; 0; 0; 1; 1; 6,22968588269038
4434; 10; 0; 0; 1; 1; 7,03370772020127
4457; 10; 0; 0; 0,878094373604778; 0,878094373604778; 7,42349984847305
4465; 21; 0; 0; 1; 1; 17,4688333474745
4466; 10; 0; 0; 0,999633682965435; 0,999633682965435; 9,69551279082507
4486; 2; 0; 0; 1; 1; 15,4227880772004
4488; 12; 0; 0; 1; 1; 16,772074442107
4503; 18; 0; 0; 1; 1; 10,744667942258
4510; 12; 0; 0; 1; 1; 18,6356382690078
4512; 2; 0; 0; 1; 1; 16,9650668849204
4515; 2; 0; 0; 0,670402621299136; 0,670402621299136; 12,4685735440338
4543; 2; 0; 0; 1; 1; 18,8500743165782
4550; 2; 1; 0; 0,614879104397567; 0,385120895602434; 8,64555105760351
4554; 2; 0; 0; 1; 1; 15,0784886891787
4554; 2; 0; 0; 0,999912092813775; 0,999912092813775; 16,0056648742653
4555; 19; 0; 0; 1; 1; 10,2155154586615
4562; 13; 0; 0; 1; 1; 17,860155140938
4565; 3; 0; 0; 1; 1; 4,44128631833293
4577; 10; 0; 0; 1; 1; 8,44044926424152
4590; 17; 0; 0; 1; 1; 5,12013547954709
4595; 14; 0; 0; 1; 1; 16,1093425287823
4598; 2; 0; 0; 1; 1; 10,4825420998514
4598; 2; 0; 0; 1; 1; 20,3329594049037
4601; 14; 0; 0; 0,999355103091067; 0,999355103091067; 11,2765397701476
4612; 2; 1; 0; 0,589216727642811; 0,410783272357189; 8,48242745274307
4614; 4; 0; 0; 1; 1; 6,90268878537254
4619; 2; 0; 0; 1; 1; 11,1881010020377
4622; 14; 0; 0; 1; 1; 14,0956747126845
4627; 13; 0; 0; 1; 1; 19,9613498634013
4628; 14; 0; 0; 1; 1; 14,8375523291416
4637; 2; 0; 0; 1; 1; 12,4088687254475
4645; 2; 0; 0; 1; 1; 17,1815105429274
4645; 18; 0; 0; 1; 1; 8,05850095669351
4665; 10; 0; 0; 1; 1; 10,8517108924284
4666; 2; 0; 0; 1; 1; 17,3703954948481
4670; 2; 0; 0; 1; 1; 13,9851262525471
4681; 10; 0; 0; 1; 1; 10,4853802809503
4704; 20; 0; 0; 1; 1; 15,4230478503152
4706; 2; 0; 0; 1; 1; 15,0252093601247
4734; 2; 0; 0; 1; 1; 18,6133030881713
4749; 2; 0; 0; 1; 1; 20,5615754852437
4749; 2; 0; 0; 1; 1; 9,72445884582349
4750; 21; 0; 0; 0,996244903229659; 0,996244903229659; 7,89144500049705
4755; 10; 0; 0; 1; 1; 5,42714119582423
4755; 13; 0; 0; 1; 1; 11,7014809544077
4763; 2; 0; 0; 0,999996566594508; 0,999996566594508; 18,8179284527521
4763; 16; 0; 0; 0,999746715534893; 0,999746715534893; 7,3764143963816
4769; 2; 0; 0; 1; 1; 18,8481108614733
4769; 2; 0; 0; 0,999921779786341; 0,999921779786341; 18,6732756866428
4776; 10; 0; 0; 1; 1; 6,25575473544399
4779; 2; 0; 0; 1; 1; 13,4610101759282
4783; 2; 0; 0; 1; 1; 12,8787508801069
4791; 2; 1; 0; 0,764931846363357; 0,235068153636643; 12,4880181943162
4793; 2; 0; 0; 1; 1; 10,1977349817638
4811; 3; 0; 0; 1; 1; 5,92171509111058
4812; 2; 0; 0; 0,573933943255514; 0,573933943255514; 10,9770559966445
4816; 13; 0; 0; 1; 1; 8,07959399232911
4825; 21; 0; 0; 1; 1; 6,28092884403579
4844; 2; 0; 0; 1; 1; 15,9542597898611
4845; 12; 0; 0; 1; 1; 10,164893601277
4848; 13; 0; 0; 1; 1; 12,9276018503106
4859; 20; 0; 0; 1; 1; 7,45447312765236
4863; 17; 0; 0; 1; 1; 12,9972669865426
4877; 3; 2; 0; 0,705012008086948; 0,22009050754853; 5,30371631268691
4878; 10; 0; 0; 1; 1; 5,59220281650685
4882; 10; 0; 0; 1; 1; 12,9050834227081
4895; 10; 0; 0; 0,999491984546342; 0,999491984546342; 9,69551279082507
4900; 2; 0; 0; 1; 1; 16,1652252944592
4911; 2; 0; 0; 1; 1; 19,9589022175534
4916; 14; 0; 0; 0,999950363340294; 0,999950363340294; 12,5294886334974
4924; 2; 0; 0; 1; 1; 14,7365846715003
4927; 10; 0; 0; 1; 1; 4,24199991341317
4927; 10; 0; 0; 1; 1; 10,4853802809503
4929; 16; 0; 0; 1; 1; 8,27597712764765
4930; 24; 0; 0; 1; 1; 11,8913150223078
4932; 3; 0; 0; 1; 1; 3,51377327384275
4936; 18; 0; 0; 0,998872803139513; 0,998872803139513; 13,4319692784718
4943; 10; 0; 0; 1; 1; 9,61151536186516
4948; 2; 0; 0; 1; 1; 15,0784886891787
4952; 2; 0; 0; 1; 1; 17,8579651420215
4965; 18; 0; 0; 0,999935853231781; 0,999935853231781; 10,1687939889934
4968; 12; 0; 0; 1; 1; 15,2473404019154
4968; 10; 0; 0; 1; 1; 13,4731192257973
4970; 14; 0; 0; 0,999350276594366; 0,999350276594366; 10,2513997910433
4990; 2; 0; 0; 0,999995170696056; 0,999995170696056; 15,0543427622017
5018; 18; 0; 0; 1; 1; 12,7817986792346
5062; 2; 0; 0; 1; 1; 13,1566207914083
5066; 2; 0; 0; 0,988361762324888; 0,988361762324888; 3,42144153686402
5073; 19; 0; 0; 1; 1; 5,12682706360041
5077; 20; 0; 0; 1; 1; 11,06485871692
5090; 13; 0; 0; 1; 1; 18,8523859821013
5094; 2; 0; 0; 0,864410542411207; 0,864410542411207; 7,03217649785035
5142; 18; 0; 0; 0,998653901048934; 0,998653901048934; 6,33151323842986
5157; 2; 0; 0; 1; 1; 5,70577570637645
5165; 18; 0; 0; 1; 1; 19,2794448499719
5192; 14; 0; 0; 0,999640120342674; 0,999640120342674; 10,638245066177
5197; 18; 0; 0; 0,998663979280904; 0,998663979280904; 6,71140403273566
5204; 21; 0; 0; 0,996389722087674; 0,996389722087674; 8,07933654812793
5220; 21; 0; 0; 0,996009957635902; 0,996009957635902; 7,71209397775848
5227; 2; 0; 0; 1; 1; 3,6883849457267
5255; 24; 0; 0; 1; 1; 8,468057667401
5275; 10; 0; 0; 1; 1; 6,2521846401789
5277; 20; 0; 0; 1; 1; 8,60131514729119
5281; 26; 0; 0; 1; 1; 7,12579058516241
5290; 2; 0; 0; 1; 1; 7,01512627589249
5298; 18; 0; 0; 1; 1; 11,0067330140204
5302; 21; 0; 0; 0,999673361438896; 0,999673361438896; 9,626937548125
5302; 18; 0; 0; 0,986093539620084; 0,986093539620084; 9,59426377033702
5306; 2; 0; 0; 1; 1; 8,28379827607186
5335; 2; 0; 0; 1; 1; 9,32506807746963
5338; 2; 1; 0; 0,777797537194142; 0,222202462805858; 11,527401410138
5343; 2; 0; 0; 1; 1; 20,5739231020389
5344; 20; 0; 0; 1; 1; 9,127926278758
5357; 18; 0; 0; 0,999631857650637; 0,999631857650637; 7,29500438340832
5360; 2; 0; 0; 1; 1; 15,0784886891787
5360; 2; 0; 0; 0,999590241801039; 0,999590241801039; 13,1811357788067
5370; 10; 0; 0; 1; 1; 9,35633279569257
5375; 2; 0; 0; 1; 1; 8,95206535437085
5397; 2; 0; 0; 1; 1; 9,73050581996831
5401; 10; 0; 0; 1; 1; 14,075448154749
5401; 17; 0; 0; 1; 1; 5,7276091805103
5402; 13; 0; 0; 1; 1; 18,0986425904348
5403; 3; 0; 0; 1; 1; 13,5015104077321
5413; 2; 0; 0; 1; 1; 8,275642382888
5436; 2; 0; 0; 1; 1; 12,1050516944467
5440; 10; 0; 0; 0,999997576787428; 0,999997576787428; 16,7589214818097
5456; 10; 0; 0; 1; 1; 6,25575473544399
5457; 2; 0; 0; 1; 1; 4,97027896564312
5457; 16; 0; 0; 1; 1; 9,42515376656146
5458; 2; 1; 0; 0,561198026205478; 0,438801973794522; 5,23513842701762
5491; 2; 0; 0; 1; 1; 13,1388021798856
5512; 2; 0; 0; 0,986804452527641; 0,986804452527641; 3,09335810182226
5512; 3; 2; 0; 0,668018661323677; 0,269848793064846; 5,75702539924135
5518; 2; 0; 0; 1; 1; 10,650597783521
5524; 19; 0; 0; 1; 1; 6,90552216729852
5526; 5; 0; 0; 1; 1; 6,36311576975996
5533; 2; 1; 0; 0,663935163050232; 0,336064836949768; 9,56529053181665
5548; 21; 0; 0; 0,999470648389359; 0,999470648389359; 8,22665572294318
5564; 20; 0; 0; 0,994249799878068; 0,994249799878068; 11,4719046166487
5569; 14; 0; 0; 0,997113450603466; 0,997113450603466; 8,80979669542784
5589; 18; 0; 0; 1; 1; 7,09336116864438
5591; 2; 0; 0; 1; 1; 3,57743080002968
5603; 13; 0; 0; 1; 1; 9,42619299105063
5611; 16; 0; 0; 1; 1; 5,73180261512678
5629; 10; 0; 0; 1; 1; 5,8264889148065
5636; 2; 0; 0; 1; 1; 18,6133030881713
5643; 10; 0; 0; 1; 1; 12,9975521945683
5659; 21; 0; 0; 0,999283222097703; 0,999283222097703; 8,37900119929398
5662; 10; 0; 0; 0,999487913292505; 0,999487913292505; 8,61024210715035
5673; 10; 0; 0; 1; 1; 12,9050834227081
5677; 2; 0; 0; 0,990353024596197; 0,990353024596197; 4,36950772681964
5712; 10; 0; 0; 0,999330263747584; 0,999330263747584; 8,19023029704545
5718; 2; 0; 0; 0,999389359214245; 0,999389359214245; 11,7936478020902
5720; 10; 0; 0; 1; 1; 13,9805070412671
5725; 10; 0; 0; 1; 1; 5,03737489717814
5728; 2; 0; 0; 1; 1; 17,4087041632637
5728; 10; 0; 0; 1; 1; 4,1720537908491
5735; 10; 0; 0; 1; 1; 13,4731192257973
5736; 10; 1; 0; 0,758666337343194; 0,241333662656806; 16,8385206784083
5747; 20; 0; 0; 1; 1; 6,88105211783295
5747; 10; 0; 0; 0,99885351525931; 0,99885351525931; 9,69668463917922
5758; 13; 0; 0; 1; 1; 9,69551279079494
5760; 13; 0; 0; 1; 1; 14,7540412033836
5783; 17; 0; 0; 1; 1; 7,18997748191718
5795; 18; 0; 0; 0,999769279911274; 0,999769279911274; 8,18463906431177
5797; 24; 0; 0; 1; 1; 10,7479193470859
5798; 2; 0; 0; 1; 1; 9,32506807746963
5804; 2; 0; 0; 1; 1; 5,06467731240157
5805; 2; 0; 0; 1; 1; 8,93438548232223
5827; 18; 0; 0; 0,997069637299127; 0,997069637299127; 10,8322332890902
5834; 21; 0; 0; 1; 1; 6,01078136687296
5841; 24; 0; 0; 1; 1; 8,73268446950728
5872; 19; 0; 0; 1; 1; 10,3778954513035
5874; 2; 0; 0; 1; 1; 5,59156383634851
5876; 2; 0; 0; 1; 1; 5,08323985122592
5885; 2; 0; 0; 1; 1; 9,32506807746963
5888; 10; 0; 0; 0,969279016549347; 0,969279016549347; 8,12506892958113
5889; 19; 0; 0; 1; 1; 4,97603803231805
5925; 14; 0; 0; 0,997977358380397; 0,997977358380397; 9,55638963571834
5930; 2; 0; 0; 0,999996984497518; 0,999996984497518; 17,3703954948481
5932; 2; 0; 0; 1; 1; 9,69432393424023
5937; 10; 0; 0; 1; 1; 6,79541922364898
5947; 2; 0; 0; 1; 1; 3,16644367982198
5960; 17; 0; 0; 1; 1; 7,34628134021973
5979; 2; 0; 0; 0,999804995885949; 0,999804995885949; 6,65227442169648
5980; 20; 0; 0; 1; 1; 5,20079520533886
6007; 10; 0; 0; 1; 1; 14,6446948106492
6032; 20; 0; 0; 1; 1; 7,3931583774394
6037; 2; 0; 0; 1; 1; 14,9201089239514
6038; 10; 0; 0; 0,999277229185294; 0,999277229185294; 8,19023029704545
6042; 2; 0; 0; 1; 1; 17,215510296867
6042; 2; 0; 0; 1; 1; 14,6415161745799
6048; 10; 0; 0; 1; 1; 9,40032992604776
6054; 10; 0; 0; 1; 1; 14,0344991935389
6059; 2; 0; 0; 0,983996945055599; 0,983996945055599; 7,72687269792116
6060; 10; 0; 0; 1; 1; 6,06651600520378
6061; 2; 0; 0; 1; 1; 4,97071556096944
6062; 21; 0; 0; 0,999554935705918; 0,999554935705918; 10,283319653679
6076; 2; 0; 0; 1; 1; 4,75877773306256
6076; 2; 0; 0; 1; 1; 8,07860327853352
6079; 10; 0; 0; 1; 1; 19,7371864112006
6094; 2; 0; 0; 1; 1; 12,9432790153156
6101; 21; 0; 0; 1; 1; 16,4412549152702
6108; 14; 0; 0; 0,975519967458562; 0,975519967458562; 7,13705048743521
6119; 12; 0; 0; 1; 1; 7,29220627917695
6130; 20; 0; 0; 1; 1; 11,5164856033249
6143; 10; 0; 0; 1; 1; 15,9777223328767
6144; 2; 0; 0; 1; 1; 20,3054215507324
6171; 10; 0; 0; 1; 1; 17,6736548515191
6194; 10; 0; 0; 0,999127737451224; 0,999127737451224; 8,19023029704545
6206; 2; 0; 0; 1; 1; 13,9599773161285
6218; 2; 0; 0; 0,989329122123555; 0,989329122123555; 4,5235466067536
6224; 20; 0; 0; 1; 1; 8,43902618224796
6226; 10; 0; 0; 1; 1; 5,4258554462142
6227; 13; 0; 0; 1; 1; 18,8523859821013
6231; 2; 0; 0; 0,99755472642834; 0,99755472642834; 4,80457747729841
6231; 18; 0; 0; 0,998339568827943; 0,998339568827943; 6,71140403273566
6236; 2; 0; 0; 1; 1; 11,7557703714766
6236; 18; 0; 0; 1; 1; 5,43706088644381
6240; 2; 0; 0; 0,999986622122603; 0,999986622122603; 8,99995954485073
6243; 13; 0; 0; 1; 1; 18,8527526983696
6245; 5; 0; 0; 1; 1; 7,02594032910996
6246; 2; 0; 0; 1; 1; 7,21940754384746
6247; 13; 0; 0; 1; 1; 13,3078254341432
6257; 13; 0; 0; 0,999408972507069; 0,999408972507069; 8,94878311049675
6280; 21; 0; 0; 1; 1; 5,82294444915818
6283; 2; 0; 0; 1; 1; 20,3054215507324
6286; 2; 0; 0; 0,996246627885957; 0,996246627885957; 5,02616289639289
6288; 2; 0; 0; 1; 1; 10,6572206599653
6295; 2; 0; 0; 1; 1; 15,0784886891787
6305; 2; 0; 0; 0,99846590493347; 0,99846590493347; 10,1854231018052
6307; 2; 0; 0; 0,91244344721051; 0,91244344721051; 2,75826012606927
6318; 10; 0; 0; 1; 1; 4,15312392179359
6323; 2; 0; 0; 1; 1; 20,5615754852437
6327; 13; 0; 0; 1; 1; 16,1591879846582
6334; 2; 0; 0; 1; 1; 11,7717133396811
6341; 20; 0; 0; 1; 1; 10,2601417193258
6343; 20; 0; 0; 1; 1; 9,25094745185117
6344; 10; 0; 0; 0,999931418010208; 0,999931418010208; 19,9607138247511
6346; 20; 0; 0; 0,986954967267822; 0,986954967267822; 10,404750698821
6370; 2; 0; 0; 1; 1; 3,38008658145922
6373; 10; 0; 0; 1; 1; 7,00839661802668
6379; 21; 0; 0; 1; 1; 4,55984502843446
6381; 3; 2; 0; 0,631510907797413; 0,327437110719924; 9,62245673873196
6389; 10; 0; 0; 0,999561522354056; 0,999561522354056; 8,83682742575956
6389; 2; 0; 0; 1; 1; 3,29019183068423
6398; 2; 1; 0; 0,893212345604933; 0,106787654395067; 14,9856218331794
6408; 12; 0; 0; 1; 1; 13,4176595536856
6408; 10; 0; 0; 1; 1; 11,6147579532735
6419; 2; 0; 0; 1; 1; 7,76605654749279
6419; 2; 0; 0; 1; 1; 12,4256974141078
6444; 14; 0; 0; 0,999464966127562; 0,999464966127562; 10,068339080489
6460; 24; 0; 0; 1; 1; 6,20990895609406
6472; 19; 0; 0; 1; 1; 6,09137341706946
6493; 20; 0; 0; 1; 1; 5,92717072426845
6495; 2; 0; 0; 1; 1; 7,30042432652994
6503; 26; 0; 0; 1; 1; 5,93815882096867
6507; 20; 0; 0; 1; 1; 12,0065488204877
6511; 2; 0; 0; 0,998720390313804; 0,998720390313804; 5,79013183161603
6511; 18; 0; 0; 0,999905074238775; 0,999905074238775; 8,60436414453289
6515; 2; 0; 0; 1; 1; 8,70435208163186
6527; 2; 0; 0; 1; 1; 5,12134330524124
6534; 19; 0; 0; 1; 1; 14,0101588592597
6559; 2; 0; 0; 1; 1; 17,1815105429274
6577; 20; 0; 0; 1; 1; 7,38969383879355
6594; 10; 0; 0; 1; 1; 8,44044926424152
6637; 17; 0; 0; 1; 1; 7,34628134021973
6646; 21; 0; 0; 1; 1; 17,4688333474745
6672; 2; 0; 0; 0,970722125774493; 0,970722125774493; 3,77788785710406
6675; 2; 0; 0; 0,984754766291348; 0,984754766291348; 3,37037524526903
6675; 21; 0; 0; 1; 1; 7,76392593221091
6676; 2; 0; 0; 0,988645084208309; 0,988645084208309; 4,43484961446432
6676; 2; 0; 0; 0,984988446976562; 0,984988446976562; 8,61843493229668
6678; 20; 0; 0; 1; 1; 4,91503722702354
6678; 10; 0; 0; 0,999791060867138; 0,999791060867138; 9,62746553210343
6692; 2; 0; 0; 0,994072181657952; 0,994072181657952; 4,71202771536834
6698; 22; 0; 0; 1; 1; 8,23842712495744
6718; 10; 0; 0; 1; 1; 14,6446948106492
6722; 19; 0; 0; 1; 1; 5,20570132611734
6727; 10; 0; 0; 1; 1; 6,14429740106867
6732; 10; 0; 0; 1; 1; 14,6874241614772
6739; 14; 0; 0; 0,964403055294347; 0,964403055294347; 6,79309624707689
6747; 10; 0; 0; 0,999316713645959; 0,999316713645959; 14,1388389591987
6752; 10; 0; 0; 1; 1; 7,50262156821468
6753; 10; 0; 0; 1; 1; 17,6595878416006
6757; 3; 0; 0; 1; 1; 2,51893850890525
6767; 18; 0; 0; 1; 1; 5,52297267428896
6772; 2; 0; 0; 0,999881809582695; 0,999881809582695; 16,0056648742653
6774; 10; 0; 0; 1; 1; 7,67313569476502
6783; 13; 0; 0; 1; 1; 17,860155140938
6826; 10; 0; 0; 1; 1; 4,51348790787161
6826; 10; 0; 0; 1; 1; 8,82979392080028
6831; 10; 0; 0; 1; 1; 14,075448154749
6836; 2; 0; 0; 1; 1; 17,8579651420215
6837; 18; 0; 0; 1; 1; 6,4468007653548
6867; 2; 0; 0; 0,985505648246224; 0,985505648246224; 3,09335810182226
6871; 10; 0; 0; 1; 1; 17,6595878416006
6877; 10; 0; 0; 0,999680734984274; 0,999680734984274; 9,98067493173169
6878; 19; 0; 0; 1; 1; 4,33808443843112
6889; 10; 0; 0; 0,999788296090699; 0,999788296090699; 18,8517852789316
6900; 3; 2; 0; 0,717023235333082; 0,200100095484461; 5,14177077642166
6907; 20; 0; 0; 1; 1; 7,09949821681177
6909; 20; 0; 0; 1; 1; 6,14270420515093
6912; 19; 0; 0; 1; 1; 4,97603803231805
6916; 10; 0; 0; 1; 1; 3,92579035546117
6920; 24; 0; 0; 1; 1; 12,4198179121881
6923; 20; 0; 0; 1; 1; 4,42839987781328
6931; 18; 0; 0; 1; 1; 20,3392812415096
6936; 10; 0; 0; 0,937668649666982; 0,937668649666982; 4,99017845618777
6936; 2; 0; 0; 0,961133755366371; 0,961133755366371; 4,76764485616412
6947; 10; 0; 0; 0,93907426748725; 0,93907426748725; 4,99017845618777
6961; 2; 0; 0; 1; 1; 4,52626308244857
6963; 21; 0; 0; 0,994496107396193; 0,994496107396193; 4,9721545578228
6966; 21; 0; 0; 1; 1; 6,35230303544529
6967; 15; 0; 0; 1; 1; 8,91679963535054
6970; 13; 0; 0; 1; 1; 9,42619299105063
6976; 2; 0; 0; 1; 1; 4,87717759997398
6989; 21; 0; 0; 1; 1; 13,9750666779796
6990; 2; 0; 0; 0,95445030234312; 0,95445030234312; 5,55628760323978
7019; 19; 0; 0; 1; 1; 6,1521924763205
7034; 2; 0; 0; 0,980450867718834; 0,980450867718834; 6,05619751999226
7039; 19; 0; 0; 1; 1; 6,3843506829741
7040; 18; 0; 0; 1; 1; 5,93784281019521
7046; 10; 0; 0; 0,994346076020618; 0,994346076020618; 8,37081778833401
7047; 2; 0; 0; 0,782891072657508; 0,782891072657508; 4,83695235265542
7049; 10; 0; 0; 1; 1; 6,19801973146006
7050; 25; 0; 0; 1; 1; 8,89484459992834
7059; 21; 0; 0; 0,997116497968192; 0,997116497968192; 5,72741854128956
7068; 2; 0; 0; 1; 1; 16,1652252944592
7075; 10; 0; 0; 1; 1; 9,13002042470204
7075; 17; 0; 0; 1; 1; 6,75857883300215
7090; 2; 1; 0; 0,675733338575251; 0,324266661424749; 4,71571758631959
7092; 13; 0; 0; 1; 1; 11,0357576770944
7095; 10; 0; 0; 1; 1; 7,33952109934045
7096; 2; 0; 0; 1; 1; 15,9858309899479
7100; 2; 0; 0; 1; 1; 17,4087041632637
7104; 24; 0; 0; 1; 1; 7,98416865783523
7106; 3; 0; 0; 1; 1; 4,27262987586459
7111; 10; 0; 0; 0,990321074466511; 0,990321074466511; 5,0841671911108
7114; 3; 0; 0; 1; 1; 3,48485196454124
7128; 2; 0; 0; 1; 1; 14,9201089239514
7130; 18; 0; 0; 0,930213493894247; 0,930213493894247; 3,49552293371649
7141; 20; 0; 0; 1; 1; 10,4501443437578
7143; 2; 0; 0; 0,926799410733712; 0,926799410733712; 4,29897872900772
7151; 19; 0; 0; 1; 1; 6,69095182111569
7152; 2; 0; 0; 1; 1; 20,5739231020389
7158; 2; 0; 0; 0,94733302553185; 0,94733302553185; 4,39371192626889
7163; 2; 0; 0; 0,998789248963304; 0,998789248963304; 6,45186118380072
7163; 16; 0; 0; 0,999991370339924; 0,999991370339924; 8,07893005317985
7168; 10; 0; 0; 1; 1; 6,89666034813831
7175; 18; 0; 0; 1; 1; 4,10250957795306
7182; 16; 0; 0; 0,999983976859835; 0,999983976859835; 8,07893005317985
7186; 2; 0; 0; 1; 1; 10,1527107753662
7196; 24; 0; 0; 1; 1; 5,94565751115389
7211; 13; 0; 0; 1; 1; 17,860155140938
7213; 13; 0; 0; 1; 1; 18,0986425904348
7218; 3; 1; 0; 1; 0; 7,00201320557756
7248; 21; 0; 0; 1; 1; 7,07598312809095
7262; 20; 0; 0; 0,986996063691621; 0,986996063691621; 9,94231733442891
7265; 10; 0; 0; 0,999484877726856; 0,999484877726856; 10,2843624960992
7278; 20; 0; 0; 1; 1; 12,0883348015984
7279; 12; 0; 0; 1; 1; 13,9767287017558
7280; 21; 0; 0; 1; 1; 6,21114074576873
7283; 2; 0; 0; 1; 1; 6,11864098905826
7287; 2; 0; 0; 1; 1; 3,52153344377922
7303; 10; 0; 0; 0,999926053779109; 0,999926053779109; 10,1757406720868
7318; 2; 0; 0; 0,995546046740507; 0,995546046740507; 5,02616289639289
7318; 2; 0; 0; 1; 1; 4,76173689062279
7332; 19; 0; 0; 1; 1; 15,5668431769553
7334; 10; 0; 0; 1; 1; 5,63227261764628
7335; 2; 0; 0; 1; 1; 3,81237458088099
7335; 18; 0; 0; 0,999889063442801; 0,999889063442801; 9,86971181284655
7336; 15; 0; 0; 1; 1; 4,77237163582142
7337; 22; 0; 0; 1; 1; 6,74955475297718
7344; 10; 0; 0; 1; 1; 4,00014039406288
7345; 21; 0; 0; 0,999250934260591; 0,999250934260591; 8,07975115646205
7348; 2; 0; 0; 0,999806254444078; 0,999806254444078; 6,85385849508122
7352; 21; 0; 0; 0,992998805064267; 0,992998805064267; 6,40249311361081
7359; 2; 0; 0; 1; 1; 8,93438548232223
7359; 18; 0; 0; 1; 1; 8,84855007009483
7366; 2; 0; 0; 1; 1; 3,57743080002968
7370; 10; 0; 0; 1; 1; 9,61151536186516
7371; 19; 0; 0; 1; 1; 4,90392153909605
7380; 2; 0; 0; 0,522698992615809; 0,522698992615809; 6,70997992530422
7397; 2; 0; 0; 1; 1; 2,98216737938587
7418; 13; 0; 0; 1; 1; 9,17143101831953
7418; 2; 0; 0; 1; 1; 9,32622954419804
7437; 19; 0; 0; 1; 1; 6,91859696753568
7442; 19; 0; 0; 1; 1; 6,3843506829741
7471; 20; 0; 0; 1; 1; 9,1017386219826
7475; 20; 0; 0; 1; 1; 6,77679375241124
7476; 20; 0; 0; 1; 1; 3,52179832802474
7478; 10; 0; 0; 1; 1; 6,49636068680722
7483; 2; 0; 0; 1; 1; 7,46005446197571
7488; 18; 0; 0; 0,668286355217978; 0,668286355217978; 2,64228505225813
7489; 10; 0; 0; 1; 1; 5,36207548752342
7492; 2; 0; 0; 1; 1; 3,63513129680435
7495; 10; 0; 0; 1; 1; 13,512430228559
7497; 21; 0; 0; 0,999288869040098; 0,999288869040098; 8,37900119929398
7502; 16; 0; 0; 1; 1; 11,7005193873639
7520; 16; 0; 0; 0,988598094878413; 0,988598094878413; 4,71270919768825
7522; 2; 0; 0; 1; 1; 3,65901866554815
7533; 10; 0; 0; 0,949419081543385; 0,949419081543385; 6,40347098813722
7540; 24; 0; 0; 1; 1; 4,94594518626961
7552; 18; 0; 0; 1; 1; 3,92413959630292
7557; 10; 0; 0; 1; 1; 6,81561118235161
7571; 20; 0; 0; 1; 1; 7,45447312765236
7576; 10; 0; 0; 1; 1; 7,50262156821468
7578; 20; 0; 0; 1; 1; 8,81730929004565
7580; 10; 0; 0; 1; 1; 5,5044840369996
7584; 2; 0; 0; 1; 1; 4,69456469647114
7584; 10; 0; 0; 1; 1; 8,18371143879051
7590; 24; 0; 0; 1; 1; 8,59833547766871
7605; 2; 0; 0; 0,836281802808555; 0,836281802808555; 2,83644693974321
7614; 16; 0; 0; 0,981305569848548; 0,981305569848548; 4,08813327992234
7615; 2; 0; 0; 0,993408859298614; 0,993408859298614; 4,61586388444245
7625; 10; 0; 0; 1; 1; 5,76705561583597
7634; 17; 0; 0; 1; 1; 7,34628134021973
7646; 5; 0; 0; 1; 1; 6,36311576975996
7649; 17; 0; 0; 1; 1; 7,18997748191718
7650; 12; 0; 0; 1; 1; 7,98670211528904
7650; 2; 0; 0; 0,805574648237939; 0,805574648237939; 5,62295710996193
7651; 10; 0; 0; 1; 1; 5,63227261764628
7657; 13; 0; 0; 1; 1; 17,4025409523411
7662; 2; 0; 0; 1; 1; 4,86525290998416
7662; 2; 0; 0; 1; 1; 9,9794511087767
7668; 15; 0; 0; 1; 1; 14,7321037453618
7680; 2; 0; 0; 1; 1; 6,78186769270519
7684; 20; 0; 0; 1; 1; 7,34453763659351
7689; 2; 0; 0; 1; 1; 2,8692517161445
7692; 10; 0; 0; 1; 1; 2,28899832749049
7692; 13; 0; 0; 1; 1; 4,13832863021735
7701; 19; 0; 0; 1; 1; 8,2529411267714
7703; 2; 0; 0; 1; 1; 3,68901062182313
7714; 2; 0; 0; 0,999906674144041; 0,999906674144041; 17,2368698645934
7720; 2; 0; 0; 1; 1; 14,1445721326518
7738; 10; 0; 0; 0,999998640959352; 0,999998640959352; 9,32776228274621
7739; 20; 0; 0; 0,967648018127108; 0,967648018127108; 7,21619806531131
7739; 3; 0; 0; 1; 1; 4,75405296046905
7748; 2; 0; 0; 0,984770867576584; 0,984770867576584; 3,27268320917428
7752; 15; 0; 0; 1; 1; 12,10137093369
7766; 14; 0; 0; 0,993597655360132; 0,993597655360132; 8,29157336040267
7784; 2; 0; 0; 1; 1; 3,02434640350367
7787; 14; 0; 0; 0,999748559965961; 0,999748559965961; 11,0554311472036
7790; 19; 0; 0; 1; 1; 8,67616887686224
7798; 12; 0; 0; 1; 1; 7,98670211528904
7803; 16; 0; 0; 0,999610320317775; 0,999610320317775; 7,3764143963816
7812; 19; 0; 0; 1; 1; 8,00580506243414
7820; 21; 0; 0; 0,998424078885238; 0,998424078885238; 7,80113904761853
7841; 2; 0; 0; 0,70486497383857; 0,70486497383857; 9,87712202414129
7843; 19; 0; 0; 1; 1; 8,11444184255164
7845; 10; 0; 0; 1; 1; 3,63372426944921
7861; 10; 0; 0; 0,999754443622495; 0,999754443622495; 10,1757406720868
7870; 20; 0; 0; 1; 1; 9,65282089380861
7886; 2; 0; 0; 1; 1; 6,09130109194243
7891; 21; 0; 0; 1; 1; 9,31671111865309
7904; 20; 0; 0; 1; 1; 3,12775096265134
7921; 13; 0; 0; 1; 1; 15,424679439901
7935; 10; 0; 0; 0,718761412605307; 0,718761412605307; 4,78005580804609
7937; 21; 0; 0; 0,999418771743192; 0,999418771743192; 8,7012704761899
7939; 3; 1; 0; 0,56129424227584; 0; 3,3800443866603
7974; 16; 0; 0; 1; 1; 7,66792170838899
7983; 10; 0; 0; 0,988354615232195; 0,988354615232195; 5,26152186056815
7994; 24; 0; 0; 1; 1; 6,65347388152936
8002; 24; 0; 0; 1; 1; 3,99208432891761
8007; 13; 0; 0; 1; 1; 13,5737179071129
8013; 10; 0; 0; 0,715061269442877; 0,715061269442877; 4,84834231958961
8018; 2; 0; 0; 0,917690405192733; 0,917690405192733; 3,50123919124552
8018; 16; 0; 0; 1; 1; 14,7528287927632
8037; 16; 0; 0; 0,998374594508794; 0,998374594508794; 6,28361226358433
8041; 19; 0; 0; 1; 1; 7,04938721245057
8045; 2; 0; 0; 1; 1; 6,28647650340079
8047; 21; 0; 0; 0,997390225570294; 0,997390225570294; 8,27639353710666
8050; 21; 0; 0; 0,996796704990248; 0,996796704990248; 5,451398370625
8072; 17; 0; 0; 1; 1; 5,82636106293289
8084; 15; 0; 0; 1; 1; 18,82435478574
8096; 2; 0; 0; 1; 1; 6,28335810552607
8116; 2; 0; 0; 0,996145494085528; 0,996145494085528; 4,18176187838935
8130; 5; 0; 0; 1; 1; 6,88255379178119
8136; 10; 0; 0; 0,99999780826493; 0,99999780826493; 9,59426977653896
8139; 2; 0; 0; 0,9949867649249; 0,9949867649249; 5,21114670324915
8151; 16; 0; 0; 0,989195209575229; 0,989195209575229; 4,71270919768825
8156; 10; 0; 0; 1; 1; 7,18746288753139
8163; 18; 0; 0; 0,998903321773505; 0,998903321773505; 6,71140403273566
8197; 2; 0; 0; 1; 1; 4,24584241379644
8197; 17; 0; 0; 1; 1; 7,34628134021973
8214; 20; 0; 0; 1; 1; 3,54974910840589
8215; 19; 0; 0; 1; 1; 4,22963232747034
8217; 10; 1; 0; 0,727581977505132; 0,272418022494868; 7,56787446220599
8227; 2; 0; 0; 0,986200639765308; 0,986200639765308; 3,18049494976092
8230; 10; 0; 0; 1; 1; 7,98886116643835
8242; 2; 0; 0; 1; 1; 3,99178044351068
8249; 2; 0; 0; 1; 1; 17,8390235497109
8249; 10; 0; 0; 1; 1; 9,86859320560032
8253; 2; 0; 0; 1; 1; 18,8481108614733
8273; 10; 0; 0; 0,767326523085184; 0,767326523085184; 4,58626976177396
8275; 24; 0; 0; 0,999999656318892; 0,999999656318892; 16,4379942955431
8286; 2; 0; 0; 0,993594565617521; 0,993594565617521; 3,70188756447582
8290; 20; 0; 0; 0,9891201538881; 0,9891201538881; 10,6524828583167
8290; 3; 0; 0; 1; 1; 5,53340590480824
8291; 2; 0; 0; 1; 1; 13,0362095170964
8308; 24; 0; 0; 0,999999649401269; 0,999999649401269; 16,4379942955431
8326; 2; 1; 0; 0,807950078036509; 0,192049921963491; 12,8448187141538
8336; 2; 0; 0; 1; 1; 20,5615754852437
8347; 2; 0; 0; 1; 1; 17,3982561798216
8359; 21; 0; 0; 0,999888215076257; 0,999888215076257; 11,9070017042599
8362; 2; 0; 0; 0,797229736872614; 0,797229736872614; 2,63622715576134
8375; 20; 0; 0; 1; 1; 3,86512188056796
8389; 2; 1; 0; 1; 0; 7,75728494466927
8400; 2; 0; 0; 1; 1; 3,60605024642992
8403; 2; 0; 0; 1; 1; 3,63513129680435
8413; 10; 0; 0; 1; 1; 5,81463706765841
8419; 2; 0; 0; 1; 1; 5,63445351004675
8431; 3; 0; 0; 1; 1; 5,81961655505695
8436; 18; 0; 0; 1; 1; 18,6427889798213
8441; 21; 0; 0; 1; 1; 6,65479365618078
8446; 20; 0; 0; 1; 1; 6,89487206700615
8448; 13; 0; 0; 1; 1; 16,1591879846582
8451; 10; 2; 0; 0,42627801203325; 0,218468030056037; 3,1424440960303
8452; 2; 0; 0; 1; 1; 6,34868001132028
8456; 2; 0; 0; 1; 1; 20,3456030781156
8462; 2; 0; 0; 1; 1; 17,8390235497109
8463; 2; 0; 0; 1; 1; 10,732292400089
8489; 10; 0; 0; 1; 1; 6,26688661736517
8496; 2; 0; 0; 1; 1; 11,8620073895721
8508; 17; 0; 0; 1; 1; 6,25794336389088
8518; 24; 0; 0; 0,999913031688322; 0,999913031688322; 9,3148634341411
8530; 21; 0; 0; 0,998668366014141; 0,998668366014141; 7,54071411158607
8533; 2; 0; 0; 1; 1; 18,8300804135837
8533; 25; 0; 0; 1; 1; 9,18647884910631
8540; 20; 0; 0; 1; 1; 5,88511036393608
8565; 17; 0; 0; 1; 1; 4,15349141901094
8565; 20; 0; 0; 1; 1; 5,81760612951465
8568; 2; 0; 0; 1; 1; 16,1652252944592
8596; 10; 0; 0; 1; 1; 6,37015038810681
8599; 3; 0; 0; 1; 1; 7,23766691326655
8600; 20; 0; 0; 0,97354143202568; 0,97354143202568; 7,98936214373752
8605; 19; 0; 0; 1; 1; 9,49841278593881
8606; 2; 1; 0; 0,766371957666989; 0,233628042333011; 11,8307540788259
8614; 10; 0; 0; 1; 1; 15,9904496275649
8620; 2; 0; 0; 0,998904711213977; 0,998904711213977; 5,79941872660718
8627; 10; 0; 0; 1; 1; 4,03006866994614
8637; 2; 0; 0; 1; 1; 22,6313154122428
8641; 13; 0; 0; 1; 1; 13,5737179071129
8642; 2; 0; 0; 1; 1; 6,01709277789803
8650; 20; 0; 0; 1; 1; 6,00327441024385
8655; 2; 0; 0; 1; 1; 4,13628957514918
8661; 13; 0; 0; 1; 1; 8,70110122250828
8674; 21; 0; 0; 0,992889393005608; 0,992889393005608; 5,06465873166229
8680; 2; 0; 0; 0,988174384099403; 0,988174384099403; 3,27268320917428
8691; 19; 0; 0; 1; 1; 13,0142533152934
8694; 10; 0; 0; 1; 1; 7,18746288753139
8703; 10; 0; 0; 1; 1; 5,37319989032335
8707; 10; 0; 0; 0,996425903579694; 0,996425903579694; 6,19850520560084
8713; 2; 0; 0; 1; 1; 5,77892667697102
8737; 20; 0; 0; 1; 1; 6,2120609397103
8762; 12; 0; 0; 1; 1; 7,29220627917695
8771; 13; 0; 0; 1; 1; 6,78685895355646
8772; 10; 0; 0; 1; 1; 9,61151536186516
8796; 3; 2; 0; 0,534561423327688; 0; 4,51016943401933
8801; 17; 0; 0; 1; 1; 5,7276091805103
8802; 10; 1; 0; 0,737103745430406; 0,262896254569594; 12,0797006228047
8803; 10; 0; 0; 0,999998835694874; 0,999998835694874; 10,2831196266327
8804; 20; 0; 0; 1; 1; 14,4280125051336
8804; 10; 0; 0; 1; 1; 4,17750012806355
8810; 10; 0; 0; 1; 1; 5,52960583885162
8815; 10; 0; 0; 0,999998646340273; 0,999998646340273; 9,07566059942874
8822; 14; 0; 0; 0,999910579516083; 0,999910579516083; 6,87593888423636
8824; 20; 0; 0; 1; 1; 8,5501180994382
8831; 20; 0; 0; 1; 1; 5,14101595010508
8842; 21; 0; 0; 0,996495704726265; 0,996495704726265; 8,92979302687824
8850; 24; 0; 0; 1; 1; 9,47274247539773
8856; 13; 0; 0; 1; 1; 18,8523859821013
8865; 2; 0; 0; 1; 1; 17,8390235497109
8865; 10; 0; 0; 1; 1; 9,83560975686137
8886; 2; 0; 0; 1; 1; 3,18876092590492
8895; 16; 0; 0; 1; 1; 4,00360513977832
8903; 13; 0; 0; 1; 1; 7,06964474328797
8904; 13; 0; 0; 1; 1; 21,3066264535637
8904; 2; 0; 0; 1; 1; 4,899524791345
8909; 10; 0; 0; 1; 1; 5,32094146757421
8921; 13; 0; 0; 1; 1; 12,2288125611046
8922; 2; 0; 0; 1; 1; 6,92451709588588
8926; 2; 0; 0; 1; 1; 3,23144131141341
8935; 20; 0; 0; 1; 1; 5,5872058867616
8936; 18; 0; 0; 1; 1; 15,2531909834901
8948; 2; 0; 0; 1; 1; 5,36614620004452
8949; 2; 0; 0; 1; 1; 22,617733033768
8956; 2; 0; 0; 0,999928871716067; 0,999928871716067; 6,85385849508122
8962; 18; 0; 0; 1; 1; 6,60590849277699
8965; 3; 1; 0; 1; 0; 6,46339680514852
8975; 20; 0; 0; 1; 1; 10,6492473252177
8976; 19; 0; 0; 1; 1; 9,14515097831425
8978; 2; 1; 0; 0,79357256055185; 0,20642743944815; 10,9650891462288
8980; 21; 0; 0; 0,997209629500269; 0,997209629500269; 8,700823974907
8982; 10; 0; 0; 1; 1; 3,08483759109789
9005; 10; 0; 0; 1; 1; 13,4731192257973
9010; 12; 0; 0; 1; 1; 4,65890956725194
9021; 20; 0; 0; 1; 1; 12,0660261172608
9040; 2; 0; 0; 0,92581169868224; 0,92581169868224; 4,33204779615393
9043; 20; 0; 0; 1; 1; 6,53042711335244
9044; 2; 0; 0; 0,982858333885692; 0,982858333885692; 2,98216737938587
9060; 21; 0; 0; 1; 1; 12,4222814915375
9076; 25; 0; 0; 1; 1; 7,27760012721409
9085; 10; 0; 0; 1; 1; 10,4853802809503
9089; 2; 0; 0; 1; 1; 5,24135210236907
9091; 5; 0; 0; 1; 1; 6,49802411652708
9133; 10; 0; 0; 0,999999138091811; 0,999999138091811; 9,59426977653896
9140; 2; 0; 0; 0,99999691752834; 0,99999691752834; 17,3703954948481
9161; 2; 0; 0; 0,999998159814634; 0,999998159814634; 20,5286492211841
9173; 10; 0; 0; 1; 1; 6,2521846401789
9178; 10; 0; 0; 1; 1; 5,64185988483952
9180; 20; 0; 0; 1; 1; 8,89075608640267
9185; 20; 0; 0; 1; 1; 10,9089850648571
9185; 2; 0; 0; 1; 1; 6,1165717330386
9188; 2; 0; 0; 0,548998024895257; 0,548998024895257; 11,2459142199239
9192; 15; 0; 0; 1; 1; 5,55472764169378
9203; 10; 0; 0; 1; 1; 6,4024931135994
9205; 2; 0; 0; 1; 1; 16,9650668849204
9208; 20; 0; 0; 1; 1; 11,26162437611
9213; 2; 0; 0; 1; 1; 15,4227880772004
9220; 20; 0; 0; 1; 1; 9,80397089182181
9229; 18; 0; 0; 1; 1; 10,1687939889934
9253; 2; 0; 0; 0,806613562587615; 0,806613562587615; 6,52495514092051
9258; 21; 0; 0; 0,999652550314975; 0,999652550314975; 10,0548014391528
9260; 20; 0; 0; 1; 1; 5,4787164520672
9262; 10; 0; 0; 1; 1; 14,6446948106492
9275; 2; 0; 0; 1; 1; 15,0875436081619
9275; 17; 0; 0; 1; 1; 6,25794336389088
9279; 3; 0; 0; 1; 1; 6,02746000345184
9280; 19; 0; 0; 1; 1; 9,14515097831425
9285; 2; 0; 0; 1; 1; 18,8500743165782
9313; 13; 0; 0; 1; 1; 10,2833196536561
9314; 2; 0; 0; 1; 1; 4,29291696003562
9331; 15; 0; 0; 1; 1; 16,941919307166
9345; 2; 0; 0; 1; 1; 11,2980482481502
9355; 10; 0; 0; 1; 1; 14,0344991935389
9364; 3; 0; 0; 1; 1; 3,48455434302516
9364; 18; 0; 0; 1; 1; 17,6615895598307
9378; 2; 0; 0; 1; 1; 12,1050516944467
9381; 17; 0; 0; 1; 1; 9,1332146391921
9394; 2; 0; 0; 0,992992578013424; 0,992992578013424; 4,48158616479427
9403; 13; 0; 0; 1; 1; 10,604467114932
9410; 24; 0; 0; 1; 1; 17,4653689390146
9421; 15; 0; 0; 1; 1; 17,8335992707011
9423; 2; 0; 0; 1; 1; 4,13537872297009
9440; 2; 0; 0; 1; 1; 17,4087041632637
9455; 10; 0; 0; 1; 1; 22,3688112660274
9456; 13; 0; 0; 1; 1; 5,08388836809966
9456; 2; 0; 0; 0,993805124308736; 0,993805124308736; 4,97954018310475
9462; 3; 1; 0; 0,568577627629682; 0,164842494761215; 5,24350567038448
9464; 3; 0; 0; 1; 1; 2,82733272594855
9468; 2; 0; 0; 1; 1; 6,14561196628949
9472; 2; 0; 0; 1; 1; 14,136083146105
9477; 10; 0; 0; 1; 1; 4,58556939217254
9490; 10; 0; 0; 1; 1; 15,2514622268369
9495; 13; 0; 0; 1; 1; 14,7540412033836
9509; 10; 0; 0; 1; 1; 14,6446948106492
9519; 10; 0; 0; 1; 1; 6,48298615589501
9522; 3; 0; 0; 0,471759571639404; 0,471759571639404; 10,7290668722579
9529; 24; 0; 0; 0,999402535317156; 0,999402535317156; 6,20990895609406
9533; 10; 0; 0; 1; 1; 13,512430228559
9533; 17; 0; 0; 1; 1; 5,7276091805103
9550; 2; 0; 0; 0,999973791052028; 0,999973791052028; 17,2368698645934
9554; 10; 0; 0; 0,999914774261555; 0,999914774261555; 5,69151596913328
9560; 2; 0; 0; 1; 1; 7,71139403860018
9569; 10; 0; 0; 0,985933680981943; 0,985933680981943; 4,64909537494894
9593; 10; 0; 0; 1; 1; 5,22049438493489
9594; 15; 0; 0; 1; 1; 16,13516124492
9619; 13; 0; 0; 1; 1; 19,9613498634013
9631; 21; 0; 0; 0,99829004868142; 0,99829004868142; 8,27639353710666
9636; 3; 0; 0; 1; 1; 6,75075520386606
9653; 2; 0; 0; 0,999978344893072; 0,999978344893072; 20,3708462036103
9657; 10; 0; 0; 1; 1; 11,5700747927728
9662; 2; 1; 0; 0,796798908416811; 0,203201091583189; 8,02801169634612
9669; 10; 0; 0; 1; 1; 14,5883551734961
9671; 19; 0; 0; 1; 1; 3,67794115432204
9671; 2; 0; 0; 1; 1; 3,88583000692879
9726; 20; 0; 0; 1; 1; 8,66278798162311
9762; 21; 0; 0; 1; 1; 6,35230303544529
9773; 2; 0; 0; 1; 1; 8,70003429995918
9774; 2; 0; 0; 1; 1; 11,9112186380225
9777; 2; 0; 0; 1; 1; 13,3125384777899
9787; 10; 0; 0; 1; 1; 12,4370163769949
9798; 3; 0; 0; 1; 1; 4,43441668735099
9802; 20; 0; 0; 1; 1; 11,4684201963883
9802; 2; 0; 0; 1; 1; 9,83970235314906
9808; 2; 0; 0; 1; 1; 5,29596011632043
9813; 2; 0; 0; 0,997301666508032; 0,997301666508032; 3,01837347375751
9826; 10; 0; 0; 1; 1; 9,87645418173128
9834; 2; 0; 0; 1; 1; 16,1400689259289
9841; 2; 1; 0; 0,916194324928518; 0,0838056750714816; 13,7244532862411
9842; 2; 0; 0; 1; 1; 5,29596011632043
9848; 2; 0; 0; 1; 1; 4,79182212504874
9881; 10; 0; 0; 1; 1; 10,8654187304817
9895; 16; 0; 0; 0,99965774228172; 0,99965774228172; 4,84735803190791
9907; 10; 0; 0; 1; 1; 7,04034077205785
9913; 19; 0; 0; 1; 1; 5,12682706360041
9918; 18; 0; 0; 1; 1; 16,0107294949402
9920; 2; 0; 0; 1; 1; 18,8594295102024
9923; 10; 0; 0; 1; 1; 3,85604698887236
9928; 13; 0; 0; 1; 1; 8,70110122250828
9933; 24; 0; 0; 1; 1; 19,2721312430505
9935; 13; 0; 0; 1; 1; 12,5682573214008
9940; 2; 0; 0; 0,993695130241058; 0,993695130241058; 4,97954018310475
9947; 2; 0; 0; 1; 1; 18,8481108614733
9948; 2; 0; 0; 1; 1; 4,02460965003339
9957; 21; 0; 0; 1; 1; 18,0323441006189
9959; 2; 0; 0; 0,997356897345144; 0,997356897345144; 3,42144153686402
9960; 20; 0; 0; 1; 1; 5,82497812557416
9961; 19; 0; 0; 0,983346468473352; 0,983346468473352; 5,48149609976961
9962; 2; 0; 0; 0,997278749342546; 0,997278749342546; 3,27268320917428
9965; 10; 0; 0; 1; 1; 4,89580805382573
9965; 17; 0; 0; 1; 1; 5,53981871557554
9967; 12; 0; 0; 1; 1; 5,32446807685936
9976; 10; 0; 0; 1; 1; 4,25829833286898
9980; 10; 0; 0; 1; 1; 12,4891850381568
9982; 2; 0; 0; 0,999792039088779; 0,999792039088779; 11,2039654119857
9985; 10; 0; 0; 0,999986876650217; 0,999986876650217; 5,0079428207524
10002; 2; 0; 0; 0,999919074588275; 0,999919074588275; 5,92102601634917
10012; 18; 0; 0; 1; 1; 6,47887179099282
10022; 2; 0; 0; 1; 1; 5,25771198122746
10032; 17; 0; 0; 1; 1; 5,9285779236861
10048; 10; 0; 0; 0,999687087214404; 0,999687087214404; 5,22066073352119
10054; 24; 0; 0; 1; 1; 18,6297268682822
10084; 2; 0; 0; 1; 1; 4,79634662273042
10091; 21; 0; 0; 0,992274063698612; 0,992274063698612; 4,39287441516383
10094; 2; 0; 0; 1; 1; 17,6654226347963
10095; 5; 0; 0; 1; 1; 7,03952612623767
10109; 10; 0; 0; 0,999999536602176; 0,999999536602176; 9,59426977653896
10119; 13; 0; 0; 1; 1; 15,424679439901
10127; 16; 0; 0; 1; 1; 7,21946940922455
10128; 3; 2; 0; 0,522652200730534; 0; 6,28051631466243
10133; 10; 0; 0; 1; 1; 4,51348790787161
10144; 2; 0; 0; 0,994349609548363; 0,994349609548363; 5,46534898145643
10153; 3; 2; 0; 0,557789370635931; 0,421449064805161; 5,960813908949
10157; 10; 0; 0; 1; 1; 3,01444616580054
10161; 15; 0; 0; 1; 1; 6,77676772286641
10163; 3; 1; 0; 0,683714749417533; 0,0668769723211707; 6,80221144363721
10172; 13; 0; 0; 1; 1; 4,58571550915977
10187; 3; 0; 0; 1; 1; 4,68802444712921
10193; 13; 0; 0; 1; 1; 7,71233971995052
10193; 2; 0; 0; 0,994995739344104; 0,994995739344104; 5,74562328819778
10199; 18; 0; 0; 1; 1; 5,71235510854223
10200; 20; 0; 0; 0,964288212884782; 0,964288212884782; 4,22079509480473
10203; 10; 0; 0; 1; 1; 5,53994027965208
10206; 10; 0; 0; 1; 1; 6,34722712576001
10209; 20; 0; 0; 1; 1; 12,0883348015984
10210; 10; 0; 0; 1; 1; 3,83875858765881
10216; 21; 0; 0; 0,998877432088461; 0,998877432088461; 6,96101638095192
10227; 3; 1; 0; 0,533609277413632; 0,0399714517320795; 12,243980598547
10233; 2; 0; 0; 1; 1; 8,66839001545654
10236; 10; 0; 0; 0,999884071552317; 0,999884071552317; 6,40269712601656
10237; 2; 0; 0; 1; 1; 15,0875436081619
10242; 2; 0; 0; 1; 1; 4,84202067777868
10248; 20; 0; 0; 1; 1; 6,2120609397103
10249; 10; 0; 0; 1; 1; 6,89666034813831
10251; 10; 0; 0; 1; 1; 4,28409845747815
10254; 20; 0; 0; 1; 1; 8,42250439646151
10276; 12; 0; 0; 1; 1; 18,6356382690078
10294; 2; 0; 0; 1; 1; 17,4087041632637
10298; 15; 0; 0; 1; 1; 9,15779422008975
10301; 2; 0; 0; 0,989836425614797; 0,989836425614797; 2,75384318820762
10301; 21; 0; 0; 1; 1; 6,73497189300223
10309; 2; 0; 0; 1; 1; 9,17030642428129
10312; 20; 0; 0; 1; 1; 15,9738709878265
10312; 10; 0; 0; 1; 1; 4,1467832153572
10313; 21; 0; 0; 0,998899817561054; 0,998899817561054; 6,96101638095192
10330; 2; 0; 0; 1; 1; 14,1225603101878
10340; 10; 0; 0; 1; 1; 3,23173461924541
10351; 15; 0; 0; 1; 1; 4,03379031123001
10361; 2; 0; 0; 0,992311851764236; 0,992311851764236; 2,6882754932503
10363; 10; 0; 0; 1; 1; 17,6736548515191
10368; 2; 0; 0; 0,999966095567069; 0,999966095567069; 16,0056648742653
10370; 10; 0; 0; 1; 1; 9,90670531308625
10371; 2; 0; 0; 1; 1; 21,1838404652817
10374; 18; 0; 0; 1; 1; 5,34764020843852
10378; 19; 0; 0; 1; 1; 3,93454169997241
10378; 10; 0; 0; 0,999158994110747; 0,999158994110747; 6,38066778432322
10380; 2; 0; 0; 1; 1; 15,0875436081619
10384; 21; 0; 0; 0,997544057327295; 0,997544057327295; 6,28392842632172
10385; 3; 1; 0; 1; 0; 7,81620078762147
10386; 2; 0; 0; 0,999632523363411; 0,999632523363411; 9,3366378433214
10392; 2; 0; 0; 1; 1; 2,34000922550626
10411; 20; 0; 0; 1; 1; 14,9089462553047
10411; 2; 0; 0; 1; 1; 4,71485737755059
10414; 3; 0; 0; 1; 1; 5,60919185778158
10414; 17; 0; 0; 1; 1; 3,01722269330453
10419; 2; 0; 0; 0,993392726757557; 0,993392726757557; 2,62776043597713
10431; 21; 0; 0; 1; 1; 5,59002667119185
10432; 20; 0; 0; 1; 1; 3,16680339148068
10437; 13; 0; 0; 1; 1; 19,9613498634013
10442; 20; 0; 0; 1; 1; 7,38969383879355
10451; 21; 0; 0; 0,989851018023731; 0,989851018023731; 4,03966827406397
10453; 10; 0; 0; 1; 1; 13,4319776871545
10456; 13; 0; 0; 1; 1; 6,37276147550521
10457; 20; 0; 0; 1; 1; 4,86472236692174
10466; 20; 0; 0; 1; 1; 7,84681381858144
10478; 18; 0; 0; 1; 1; 12,9065462167993
10478; 20; 0; 0; 1; 1; 3,1282289933639
10494; 10; 0; 0; 0,998621630873973; 0,998621630873973; 5,14194181828251
10509; 2; 0; 0; 0,994996247571691; 0,994996247571691; 3,33824706647672
10513; 2; 0; 0; 1; 1; 16,1652252944592
10518; 18; 0; 0; 0,999902076051841; 0,999902076051841; 7,62659549174506
10527; 19; 0; 0; 1; 1; 8,24126991721162
10528; 10; 0; 0; 0,999699704907991; 0,999699704907991; 6,4586723540765
10530; 2; 0; 0; 0,975248009929431; 0,975248009929431; 2,8311715627081
10556; 18; 0; 0; 1; 1; 5,71019208697672
10557; 10; 0; 0; 1; 1; 5,92870801857504
10575; 21; 0; 0; 0,999152296860669; 0,999152296860669; 9,23400132167091
10579; 13; 0; 0; 1; 1; 12,5682573214008
10586; 19; 0; 0; 1; 1; 4,51160781596836
10589; 2; 0; 0; 0,999644958240479; 0,999644958240479; 3,87982151605537
10613; 13; 0; 0; 1; 1; 14,7540412033836
10618; 21; 0; 0; 0,998720283743914; 0,998720283743914; 8,27639353710666
10619; 2; 0; 0; 0,998398584294745; 0,998398584294745; 3,14591038109938
10620; 13; 0; 0; 1; 1; 7,06978226188859
10621; 18; 0; 0; 1; 1; 4,60485768953915
10626; 21; 0; 0; 0,998421820377518; 0,998421820377518; 7,37678554394289
10628; 19; 0; 0; 1; 1; 4,76578290419193
10635; 2; 0; 0; 0,999923189796859; 0,999923189796859; 6,64162180685368
10638; 10; 0; 0; 1; 1; 18,0842825914142
10652; 18; 0; 0; 0,969447538063797; 0,969447538063797; 6,77937795905711
10654; 19; 0; 0; 1; 1; 5,05030725668101
10660; 17; 0; 0; 1; 1; 5,12013547954709
10661; 2; 0; 0; 0,999331866517066; 0,999331866517066; 4,2143327746803
10661; 2; 0; 0; 0,999975699358571; 0,999975699358571; 17,2368698645934
10662; 2; 0; 0; 1; 1; 11,6043191171795
10664; 10; 0; 0; 1; 1; 4,69572653941651
10678; 19; 0; 0; 1; 1; 4,69959147496705
10679; 2; 0; 0; 1; 1; 10,2869615510195
10684; 10; 0; 0; 1; 1; 5,14139598516315
10687; 2; 0; 0; 1; 1; 12,1179049178003
10694; 2; 0; 0; 1; 1; 9,05252616489713
10709; 14; 0; 0; 0,999945693538912; 0,999945693538912; 7,04783735634227
10731; 13; 0; 0; 1; 1; 9,69551279079494
10733; 17; 0; 0; 1; 1; 3,41342365303139
10734; 20; 0; 0; 1; 1; 3,08004165472779
10736; 19; 0; 0; 1; 1; 6,1521924763205
10758; 19; 0; 0; 1; 1; 8,36427394582671
10760; 15; 0; 0; 1; 1; 9,68109674695202
10767; 3; 0; 0; 0,803288221984307; 0,803288221984307; 8,86278910146365
10771; 19; 0; 0; 1; 1; 8,24126991721162
10777; 2; 0; 0; 1; 1; 3,46735600618261
10785; 2; 0; 0; 1; 1; 12,5729530068016
10791; 2; 0; 0; 0,998635409939018; 0,998635409939018; 3,43630210858548
10803; 10; 0; 0; 1; 1; 9,87645418173128
10830; 2; 0; 0; 0,99637833377892; 0,99637833377892; 3,52836158489102
10830; 17; 0; 0; 1; 1; 2,74738976951307
10849; 3; 0; 0; 1; 1; 6,88852571823067
10852; 21; 0; 0; 0,994267798615936; 0,994267798615936; 5,06465873166229
10858; 19; 0; 0; 1; 1; 8,90448911046388
10871; 2; 0; 0; 1; 1; 16,1652252944592
10872; 10; 0; 0; 1; 1; 8,70082397489149
10876; 10; 0; 0; 0,993831165073882; 0,993831165073882; 4,99094062310695
10883; 13; 0; 0; 1; 1; 7,41747647148967
10934; 15; 0; 0; 1; 1; 4,18318995238667
10935; 10; 0; 0; 1; 1; 10,4853802809503
10945; 15; 0; 0; 1; 1; 4,18318995238667
10953; 10; 0; 0; 1; 1; 12,029570737319
10969; 2; 0; 0; 1; 1; 10,4920082372228
10971; 20; 0; 0; 1; 1; 5,19767278897387
10976; 19; 0; 0; 1; 1; 4,57257548915713
10983; 2; 0; 0; 0,999500181283407; 0,999500181283407; 5,95203500888632
10990; 2; 0; 0; 0,999720157681642; 0,999720157681642; 8,96317232958854
11001; 10; 0; 0; 1; 1; 14,5999757469071
11017; 2; 1; 0; 0,733034764414316; 0,266965235585684; 3,56800519837605
11020; 10; 0; 0; 0,999997736679688; 0,999997736679688; 15,4265437441488
11025; 2; 0; 0; 1; 1; 5,80290138775457
11030; 17; 0; 0; 1; 1; 7,04018628437724
11032; 20; 0; 0; 1; 1; 7,3931583774394
11034; 10; 0; 0; 0,999997533573133; 0,999997533573133; 9,98067493173169
11036; 10; 0; 0; 1; 1; 4,75518268407973
11037; 2; 0; 0; 1; 1; 4,79634662273042
11046; 10; 0; 0; 1; 1; 15,2636110081302
11071; 5; 0; 0; 1; 1; 8,4474313514852
11093; 19; 0; 0; 1; 1; 3,10431730456539
11106; 24; 0; 0; 1; 1; 18,6297268682822
11111; 20; 0; 0; 1; 1; 5,45449253242856
11111; 2; 0; 0; 1; 1; 5,95560931901127
11116; 2; 0; 0; 1; 1; 5,80290138775457
11126; 2; 0; 0; 1; 1; 6,46609011778366
11128; 10; 0; 0; 1; 1; 17,6595878416006
11138; 19; 0; 0; 1; 1; 4,83386551710896
11149; 18; 0; 0; 0,999544386738663; 0,999544386738663; 6,45327310839967
11149; 20; 0; 0; 1; 1; 9,65282089380861
11158; 2; 0; 0; 1; 1; 6,26050390005194
11163; 10; 0; 0; 1; 1; 11,5700747927728
11164; 2; 0; 0; 1; 1; 2,97029230142593
11164; 10; 0; 0; 1; 1; 6,49265328018579
11188; 10; 0; 0; 1; 1; 12,9050834227081
11196; 15; 0; 0; 1; 1; 7,52974191429601
11202; 16; 0; 0; 1; 1; 7,3764143963816
11203; 2; 0; 0; 0,99797825450605; 0,99797825450605; 6,59056788940334
11208; 2; 0; 0; 0,997028373580249; 0,997028373580249; 5,46534898145643
11229; 10; 0; 0; 1; 1; 6,60447020872417
11237; 2; 0; 0; 0,589532122175262; 0,589532122175262; 10,4613155534175
11251; 20; 0; 0; 1; 1; 9,40512990938202
11255; 12; 0; 0; 1; 1; 9,0659861849227
11255; 10; 0; 0; 1; 1; 12,4751103942568
11258; 10; 0; 0; 1; 1; 5,4258554462142
11260; 10; 0; 0; 0,998508149847269; 0,998508149847269; 4,52457263571837
11282; 10; 0; 0; 1; 1; 5,47309895194787
11289; 10; 0; 0; 0,998735042567651; 0,998735042567651; 4,52457263571837
11306; 18; 0; 0; 1; 1; 5,86072796850437
11313; 10; 0; 0; 1; 1; 12,4370163769949
11313; 10; 0; 0; 1; 1; 8,6650347963789
11315; 10; 0; 0; 1; 1; 7,04034077205785
11317; 2; 1; 0; 1; 0; 1,99449681771566
11319; 2; 0; 0; 0,990599439488131; 0,990599439488131; 4,20616164357404
11323; 20; 0; 0; 1; 1; 9,90013674671792
11326; 10; 0; 0; 1; 1; 12,9050834227081
11329; 21; 0; 0; 0,997960922432594; 0,997960922432594; 6,78664270042746
11352; 10; 0; 0; 0,99715237044426; 0,99715237044426; 6,40347098813722
11354; 10; 0; 0; 1; 1; 14,5883551734961
11366; 10; 0; 0; 0,999842884612961; 0,999842884612961; 8,24818030656416
11397; 2; 0; 0; 0,999350979128407; 0,999350979128407; 3,96166914794781
11406; 21; 0; 0; 0,996178674133838; 0,996178674133838; 5,85055405209264
11412; 2; 0; 0; 1; 1; 4,82869511637031
11453; 21; 0; 0; 0,999238869373866; 0,999238869373866; 8,7012704761899
11461; 15; 0; 0; 1; 1; 4,57889711004487
11461; 2; 0; 0; 0,731485999231597; 0,731485999231597; 8,82032487837165
11475; 2; 0; 0; 0,993453377086495; 0,993453377086495; 2,79752042324089
11479; 10; 0; 0; 1; 1; 11,6147579532735
11489; 13; 0; 0; 1; 1; 3,64884889976154
11499; 2; 0; 0; 0,999960984722294; 0,999960984722294; 13,1811357788067
11500; 2; 0; 0; 0,615413098610154; 0,615413098610154; 8,33443140485968
11503; 2; 0; 0; 0,533133326344463; 0,533133326344463; 10,971623629194
11506; 10; 0; 0; 0,929923757044945; 0,929923757044945; 7,37702060171473
11522; 18; 0; 0; 1; 1; 9,06946490910224
11534; 13; 0; 0; 1; 1; 8,70127047617057
11536; 18; 0; 0; 0,97886043687975; 0,97886043687975; 3,99488335281884
11547; 13; 0; 0; 1; 1; 18,8523859821013
11552; 18; 0; 0; 0,973043891544877; 0,973043891544877; 3,81329774587253
11553; 3; 1; 0; 0,453981109040031; 0,448419640534578; 10,0885255664514
11556; 15; 0; 0; 1; 1; 8,47095965358302
11591; 18; 0; 0; 1; 1; 13,4228080654713
11595; 2; 0; 0; 0,99572016763029; 0,99572016763029; 5,74562328819778
11597; 18; 0; 0; 1; 1; 13,4228080654713
11600; 2; 0; 0; 0,999773408664221; 0,999773408664221; 5,45857643559198
11604; 19; 0; 0; 1; 1; 3,45276108364926
11608; 10; 0; 0; 1; 1; 8,24235017216529
11613; 10; 0; 0; 1; 1; 3,04440043036188
11628; 24; 0; 0; 0,999999214631918; 0,999999214631918; 13,6315074645967
11633; 2; 0; 0; 1; 1; 5,06419907012549
11663; 2; 0; 0; 0,997664141431945; 0,997664141431945; 3,76358569055042
11672; 2; 0; 0; 1; 1; 13,1388021798856
11672; 2; 0; 0; 0,999967737646536; 0,999967737646536; 14,0049567649821
11685; 2; 0; 0; 0,998860663706546; 0,998860663706546; 3,84666064839677
11703; 2; 0; 0; 1; 1; 15,9542597898611
11703; 2; 0; 0; 0,999985403334068; 0,999985403334068; 20,3708462036103
11708; 2; 0; 0; 0,65553712731611; 0,65553712731611; 10,223558381749
11712; 18; 0; 0; 1; 1; 6,26772296631717
11713; 19; 0; 0; 0,998070983867928; 0,998070983867928; 8,0264764318055
11723; 2; 0; 0; 0,994590577202531; 0,994590577202531; 4,61586388444245
11723; 18; 0; 0; 0,923013788892095; 0,923013788892095; 5,08453346929284
11725; 2; 0; 0; 0,999644146552706; 0,999644146552706; 3,78201088960019
11749; 2; 0; 0; 1; 1; 5,30158340153762
11754; 10; 0; 0; 0,999982123756348; 0,999982123756348; 8,07959399235423
11775; 3; 0; 0; 1; 1; 2,86048949316358
11788; 13; 0; 0; 1; 1; 3,29459172502741
11806; 5; 0; 0; 1; 1; 2,76430439178097
11810; 13; 0; 0; 1; 1; 3,32689164390022
11820; 2; 0; 0; 0,999999029412861; 0,999999029412861; 9,71128856774156
11827; 15; 0; 0; 1; 1; 3,8504362061741
11837; 10; 0; 0; 1; 1; 7,0523248560494
11837; 10; 0; 0; 1; 1; 11,5700747927728
11839; 2; 0; 0; 0,999669324028142; 0,999669324028142; 5,654433258442
11856; 2; 1; 0; 0,944063918533906; 0,0559360814660934; 6,45806953101312
11860; 2; 0; 0; 0,998342000503835; 0,998342000503835; 5,14039387131091
11860; 2; 0; 0; 0,999048136141076; 0,999048136141076; 4,06108431014647
11879; 2; 0; 0; 1; 1; 12,4088687254475
11879; 2; 0; 0; 0,999980904625604; 0,999980904625604; 20,3708462036103
11886; 13; 0; 0; 1; 1; 3,99226997268027
11886; 2; 0; 0; 0,98953039994819; 0,98953039994819; 4,14961681925395
11897; 18; 0; 0; 1; 1; 6,09103839481419
11910; 2; 1; 0; 0,904408031389393; 0,0955919686106073; 5,79228916699115
11929; 21; 0; 0; 1; 1; 6,05528465639358
11935; 2; 0; 0; 1; 1; 17,3982561798216
11942; 2; 0; 0; 1; 1; 8,50483548686302
11953; 10; 0; 0; 1; 1; 3,01444616580054
11960; 10; 0; 0; 1; 1; 8,00959613488763
11964; 10; 0; 0; 1; 1; 7,47562305922846
11967; 20; 0; 0; 1; 1; 5,81760612951465
11980; 20; 0; 0; 1; 1; 5,5872058867616
11987; 2; 0; 0; 1; 1; 16,8262627199102
12014; 2; 0; 0; 1; 1; 15,0875436081619
12014; 2; 0; 0; 1; 1; 5,93100369478605
12020; 2; 0; 0; 0,994146027520757; 0,994146027520757; 3,89960914375311
12020; 2; 0; 0; 0,999999402869481; 0,999999402869481; 11,7790333610143
12027; 2; 0; 0; 0,982255090207942; 0,982255090207942; 2,50905712703361
12028; 21; 0; 0; 0,993813323069394; 0,993813323069394; 4,99017845619666
12037; 10; 0; 0; 1; 1; 3,46257280633437
12048; 2; 0; 0; 1; 1; 22,6313154122428
12063; 10; 0; 0; 1; 1; 13,9805070412671
12081; 17; 0; 0; 1; 1; 2,70343153320086
12082; 2; 1; 0; 0,75165881199004; 0,248341188009959; 3,62819579044002
12094; 2; 0; 0; 1; 1; 4,63025559104003
12097; 3; 0; 0; 1; 1; 3,541440779936
12101; 2; 0; 0; 1; 1; 17,215510296867
12137; 10; 0; 0; 0,998192364118998; 0,998192364118998; 12,1193909885313
12145; 2; 0; 0; 0,681492617500899; 0,681492617500899; 9,99636819548787
12163; 13; 0; 0; 1; 1; 4,13832863021735
12181; 2; 0; 0; 0,988518604945399; 0,988518604945399; 4,36950772681964
12195; 10; 0; 0; 1; 1; 6,0451030049192
12210; 3; 1; 0; 0,566457142275614; 0,0576592846207084; 7,92257568141275
12216; 2; 0; 0; 0,566590547577276; 0,566590547577276; 2,33785753950634
12216; 2; 0; 0; 0,996268044742573; 0,996268044742573; 7,22836478192624
12220; 10; 0; 0; 1; 1; 3,50862479838471
12222; 10; 0; 0; 1; 1; 3,9742441848703
12226; 18; 0; 0; 1; 1; 4,55272071799495
12236; 2; 0; 0; 0,999998186122883; 0,999998186122883; 8,27257915029837
12236; 18; 0; 0; 1; 1; 4,02925047834675
12242; 19; 0; 0; 1; 1; 2,41693275855448
12243; 2; 0; 0; 0,999998436931641; 0,999998436931641; 8,59075527146369
12248; 2; 0; 0; 0,999996984095349; 0,999996984095349; 7,97712989493057
12252; 2; 0; 0; 1; 1; 5,14348077550973
12273; 10; 0; 0; 1; 1; 5,22394433781437
12274; 13; 0; 0; 1; 1; 3,72904338107498
12292; 3; 0; 0; 1; 1; 4,10994717364238
12294; 2; 0; 0; 0,970481622786177; 0,970481622786177; 5,74562328819778
12297; 16; 0; 0; 1; 1; 7,54012301324917
12307; 16; 0; 0; 1; 1; 12,5672245271687
12325; 13; 0; 0; 1; 1; 2,30845542637975
12345; 17; 0; 0; 1; 1; 0,521601247968816
12359; 21; 0; 0; 0,998526341905062; 0,998526341905062; 7,89144500049705
12360; 20; 0; 0; 1; 1; 4,58786824847904
12365; 20; 0; 0; 1; 1; 5,96357850212189
12368; 10; 0; 0; 1; 1; 6,49877609728417
12370; 2; 0; 0; 0,686516717673627; 0,686516717673627; 5,0543434696287
12372; 10; 0; 0; 0,98553167221211; 0,98553167221211; 3,77075733340718
12382; 24; 0; 0; 0,999998240211342; 0,999998240211342; 13,3069477630587
12393; 18; 0; 0; 0,999603133155964; 0,999603133155964; 20,3381338771713
12400; 2; 0; 0; 1; 1; 19,7318439526615
12410; 2; 0; 0; 1; 1; 14,8906424705371
12413; 2; 0; 0; 0,99797825450605; 0,99797825450605; 6,59056788940334
12431; 10; 0; 0; 0,98141717847302; 0,98141717847302; 4,18992546137374
12434; 20; 0; 0; 1; 1; 17,6346185800913
12435; 20; 0; 0; 1; 1; 4,37447902761955
12464; 15; 3; 0; 1; 0; 2,73256763018807
12476; 16; 0; 0; 1; 1; 8,92934374298826
12489; 20; 0; 0; 1; 1; 4,47863329018192
12503; 13; 0; 0; 1; 1; 2,38973906815368
12506; 12; 0; 0; 1; 1; 16,772074442107
12512; 12; 0; 0; 1; 1; 14,5844125583539
12535; 2; 0; 0; 0,546210497494434; 0,546210497494434; 12,5148047444447
12540; 10; 0; 0; 1; 1; 10,5605111580868
12544; 20; 0; 0; 1; 1; 3,59431716282116
12545; 10; 1; 0; 0,849745359857352; 0; 6,73540827136333
12551; 2; 0; 0; 0,999999385648935; 0,999999385648935; 11,7790333610143
12556; 2; 0; 0; 1; 1; 17,215510296867
12556; 17; 0; 0; 1; 1; 5,45046680080819
12568; 10; 0; 0; 1; 1; 5,03737489717814
12574; 2; 0; 0; 0,550377087113734; 0,550377087113734; 11,4931880306125
12574; 10; 0; 0; 1; 1; 3,48059763473877
12578; 2; 0; 0; 1; 1; 22,617733033768
12583; 18; 0; 0; 1; 1; 4,2645738371092
12618; 20; 0; 0; 1; 1; 7,05384743203652
12629; 2; 0; 0; 0,999999983361365; 0,999999983361365; 11,1679818529028
12629; 17; 0; 0; 1; 1; 5,45046680080819
12633; 20; 0; 0; 1; 1; 7,45447312765236
12633; 2; 0; 0; 1; 1; 11,3156577061214
12636; 10; 0; 0; 0,996456215378086; 0,996456215378086; 4,14567212566498
12639; 10; 0; 0; 1; 1; 4,88156493688308
12642; 13; 0; 0; 1; 1; 2,01989849808228
12652; 2; 0; 0; 0,98986073153442; 0,98986073153442; 6,79028206787011
12670; 20; 0; 0; 1; 1; 4,51446235650337
12689; 2; 0; 0; 1; 1; 12,4256974141078
12711; 2; 0; 0; 1; 1; 3,64829380501228
12711; 20; 0; 0; 1; 1; 10,8983461704291
12738; 4; 0; 0; 1; 1; 3,50527164882199
12741; 3; 0; 0; 1; 1; 2,88493812131028
12743; 4; 0; 0; 1; 1; 3,45134439268627
12745; 21; 0; 0; 0,977077932933605; 0,977077932933605; 6,65357127492888
12758; 2; 0; 0; 0,932269232816075; 0,932269232816075; 3,67343128261825
12762; 10; 0; 0; 1; 1; 3,81590275203254
12765; 2; 0; 0; 0,999716808540458; 0,999716808540458; 4,80457747729841
12766; 16; 0; 0; 0,999469421574915; 0,999469421574915; 4,58533867883181
12780; 20; 0; 0; 1; 1; 15,4230478503152
12780; 10; 0; 0; 0,972092765074199; 0,972092765074199; 4,04028526632468
12793; 5; 0; 0; 1; 1; 4,61979638078463
12794; 10; 0; 0; 1; 1; 5,09663414673726
12795; 10; 0; 0; 0,99991686905001; 0,99991686905001; 6,52582591690149
12815; 10; 0; 0; 1; 1; 19,7371864112006
12827; 24; 0; 0; 1; 1; 17,4653689390146
12829; 2; 1; 0; 0,97690649719417; 0,0230935028058298; 3,10273295182457
12845; 2; 0; 0; 1; 1; 3,53614303316294
12850; 10; 0; 0; 1; 1; 6,89409705538726
12858; 10; 0; 0; 1; 1; 15,424679439949
12887; 2; 0; 0; 1; 1; 14,8906424705371
12896; 2; 0; 0; 0,999999841445381; 0,999999841445381; 15,9733974854879
12896; 10; 0; 0; 1; 1; 5,63227261764628
12901; 18; 0; 0; 1; 1; 7,13979152418687
12911; 2; 0; 0; 1; 1; 17,4087041632637
12916; 10; 0; 0; 0,86434766153217; 0,86434766153217; 3,23173461924541
12940; 2; 0; 0; 1; 1; 22,617733033768
12941; 24; 0; 0; 1; 1; 19,9604216445881
12953; 2; 0; 0; 1; 1; 17,1815105429274
12957; 2; 0; 0; 1; 1; 4,97027896564312
12963; 5; 0; 0; 1; 1; 3,12264014627109
12963; 2; 0; 0; 1; 1; 2,54664565425842
12986; 13; 0; 0; 1; 1; 2,6719917139986
12991; 19; 0; 0; 1; 1; 2,77352939506252
12993; 10; 0; 0; 1; 1; 2,04755757426136
12996; 2; 0; 0; 1; 1; 2,91863504400983
13018; 10; 0; 0; 0,979190953581491; 0,979190953581491; 4,13882880940576
13026; 10; 0; 0; 1; 1; 11,652977829613
13030; 3; 0; 0; 1; 1; 12,0549200069037
13032; 10; 0; 0; 0,691017225758191; 0,691017225758191; 5,14155981331633
13038; 2; 0; 0; 1; 1; 16,1652252944592
13047; 2; 0; 0; 0,999055415805071; 0,999055415805071; 4,60847227414337
13049; 2; 0; 0; 1; 1; 17,3982561798216
13049; 2; 0; 0; 0,999428489155187; 0,999428489155187; 11,2039654119857
13055; 20; 3; 0; 0,467730997548102; 0; 3,52692371601826
13062; 10; 0; 0; 1; 1; 2,23588059979908
13069; 2; 0; 0; 1; 1; 16,1555235955486
13070; 18; 0; 0; 1; 1; 11,5711808608932
13075; 2; 0; 0; 1; 1; 12,5654072409822
13082; 2; 0; 0; 0,999999204982119; 0,999999204982119; 17,3703954948481
13097; 10; 0; 0; 0,999032966622596; 0,999032966622596; 5,65613600011077
13098; 2; 0; 0; 0,999433499811359; 0,999433499811359; 4,90902481376142
13098; 3; 2; 0; 0,54000403603473; 0,439624916235652; 6,0682159613625
13100; 15; 0; 0; 1; 1; 3,60466368237575
13106; 2; 0; 0; 0,999995791854918; 0,999995791854918; 12,5452856351681
13108; 2; 0; 0; 0,69897278183719; 0,69897278183719; 4,68503887230725
13112; 19; 0; 0; 1; 1; 1,03056039543621
13121; 21; 0; 0; 0,996325637226187; 0,996325637226187; 8,22665572294318
13121; 2; 0; 0; 1; 1; 18,6385461211617
13122; 20; 0; 0; 0,772218540251073; 0,772218540251073; 3,46676994906364
13146; 2; 0; 0; 0,970104304980464; 0,970104304980464; 5,74562328819778
13150; 2; 0; 0; 1; 1; 14,136083146105
13151; 13; 0; 0; 1; 1; 4,99033746585034
13154; 2; 0; 0; 1; 1; 14,8906424705371
13154; 18; 0; 0; 1; 1; 4,10250957795306
13170; 12; 0; 0; 1; 1; 3,60689772948537
13192; 17; 0; 0; 1; 1; 5,7276091805103
13195; 2; 0; 0; 1; 1; 11,1914754530376
13216; 3; 1; 0; 0,626893928153877; 0; 5,60865489326081
13218; 20; 0; 0; 1; 1; 14,4280125051336
13219; 10; 1; 0; 0,847424517106922; 0; 6,35415874656918
13221; 2; 0; 0; 1; 1; 18,6133030881713
13237; 19; 0; 0; 1; 1; 2,56341353180021
13250; 10; 0; 0; 0,95937961726967; 0,95937961726967; 4,91785702928649
13267; 16; 0; 0; 1; 1; 9,69471606381582
13298; 20; 0; 0; 1; 1; 12,0065488204877
13299; 10; 0; 0; 1; 1; 10,1757406720868
13312; 3; 0; 0; 1; 1; 10,5480550060407
13319; 2; 0; 0; 1; 1; 3,02053218699612
13325; 10; 0; 0; 1; 1; 17,6736548515191
13326; 18; 0; 0; 0,999592565807751; 0,999592565807751; 18,6432893874071
13328; 10; 0; 0; 1; 1; 11,2645452352926
13334; 2; 0; 0; 0,999999663329637; 0,999999663329637; 13,4176538878098
13360; 20; 0; 0; 1; 1; 6,88105211783295
13364; 2; 0; 0; 0,647939478125719; 0,647939478125719; 9,57099082546711
13388; 3; 0; 0; 1; 1; 3,01373000172592
13395; 20; 0; 0; 1; 1; 9,90013674671792
13405; 2; 0; 0; 0,99998284821507; 0,99998284821507; 17,3703954948481
13418; 10; 0; 0; 1; 1; 10,8236183545294
13422; 3; 0; 0; 1; 1; 5,72097898632717
13433; 12; 0; 0; 0,995085544742063; 0,995085544742063; 10,4825465263169
13439; 10; 0; 0; 0,770782334415085; 0,770782334415085; 6,05969549426567
13445; 13; 0; 0; 1; 1; 5,85074047720384
13458; 3; 1; 0; 0,718014333694934; 0; 6,80221144363721
13463; 16; 0; 0; 1; 1; 8,07893005317985
13464; 10; 2; 0; 1; 0; 1,25697763841212
13466; 2; 0; 0; 0,999991240369979; 0,999991240369979; 16,1296529595018
13466; 16; 0; 0; 1; 1; 9,97985477157511
13469; 2; 0; 0; 0,999998805412028; 0,999998805412028; 20,5286492211841
13509; 10; 0; 0; 1; 1; 19,7371864112006
13513; 18; 0; 0; 1; 1; 5,91054970406362
13514; 10; 2; 0; 1; 0; 1,127521469672
13515; 3; 2; 0; 0,502437091815986; 0; 3,89259498797736
13532; 10; 0; 0; 1; 1; 9,09977400780567
13540; 5; 0; 0; 1; 1; 2,69796108637822
13560; 15; 0; 0; 0,999874123200534; 0,999874123200534; 10,9302705207523
13570; 10; 0; 0; 0,983376054169632; 0,983376054169632; 9,98067493173169
13571; 2; 0; 0; 0,999997052507166; 0,999997052507166; 9,30665154408566
13572; 18; 0; 0; 1; 1; 17,3567712913399
13586; 18; 0; 0; 1; 1; 13,9820917348659
13588; 19; 0; 0; 1; 1; 2,45196076954802
13597; 13; 0; 0; 1; 1; 12,1193909884937
13603; 19; 0; 0; 1; 1; 2,72879504998087
13614; 2; 0; 0; 1; 1; 4,89867620501336
13618; 2; 0; 0; 0,647635954072851; 0,647635954072851; 9,18033813871335
13620; 2; 0; 0; 0,65288680753903; 0,65288680753903; 8,82032487837165
13625; 18; 0; 0; 1; 1; 3,55335475255777
13633; 10; 0; 0; 1; 1; 4,30676327086986
13636; 10; 0; 0; 1; 1; 4,07000910498766
13638; 13; 0; 0; 1; 1; 6,65378328780045
13644; 20; 0; 0; 1; 1; 3,5336768488286
13680; 2; 0; 0; 1; 1; 13,9789095908713
13684; 19; 0; 0; 1; 1; 4,03868263076352
13685; 10; 0; 0; 1; 1; 15,3103627565878
13689; 10; 0; 0; 1; 1; 6,00197860089311
13691; 2; 0; 0; 0,99855875104867; 0,99855875104867; 4,61586388444245
13693; 2; 0; 0; 1; 1; 3,04565054597122
13698; 2; 0; 0; 0,751232807734225; 0,751232807734225; 14,9945522932318
13704; 10; 0; 0; 1; 1; 16,7766084495205
13708; 16; 0; 0; 1; 1; 8,48287655583885
13716; 13; 0; 0; 1; 1; 18,8523859821013
13717; 20; 0; 0; 1; 1; 17,2026302945824
13720; 21; 0; 0; 0,99792629058889; 0,99792629058889; 10,0548014391528
13723; 2; 0; 0; 1; 1; 6,73050508796409
13725; 10; 0; 0; 1; 1; 14,075448154749
13728; 2; 0; 0; 1; 1; 20,3054215507324
13728; 10; 0; 0; 1; 1; 6,37615768035428
13737; 2; 0; 0; 1; 1; 16,157206557067
13746; 19; 0; 0; 1; 1; 7,23054470991534
13747; 20; 0; 0; 1; 1; 14,689075273187
13751; 2; 0; 0; 0,998374165465821; 0,998374165465821; 4,03888089888715
13751; 2; 0; 0; 0,991954251705416; 0,991954251705416; 8,61843493229668
13762; 2; 0; 0; 1; 1; 16,9650668849204
13768; 10; 0; 0; 0,866665716795777; 0,866665716795777; 3,0029392479714
13786; 2; 0; 0; 0,826685681694815; 0,826685681694815; 2,32799114879407
13797; 10; 0; 0; 1; 1; 3,39191355736226
13797; 10; 0; 0; 1; 1; 12,9975521945683
13836; 10; 0; 0; 0,727321829406899; 0,727321829406899; 5,65571579464796
13846; 18; 0; 0; 0,958151617154805; 0,958151617154805; 7,15072643041845
13848; 21; 0; 0; 0,975764887095275; 0,975764887095275; 6,16967518220678
13848; 2; 0; 0; 0,999411811487242; 0,999411811487242; 10,6704432495102
13858; 10; 0; 0; 1; 1; 14,6874241614772
13859; 2; 0; 0; 1; 1; 15,9858309899479
13874; 2; 0; 0; 1; 1; 18,8500743165782
13894; 2; 0; 0; 0,999779592369677; 0,999779592369677; 6,56940108994282
13897; 2; 0; 0; 1; 1; 7,99150071574119
13927; 21; 0; 0; 0,996935358097095; 0,996935358097095; 7,54110107936458
13943; 10; 0; 0; 1; 1; 13,512430228559
13947; 21; 0; 0; 0,972761584942443; 0,972761584942443; 4,4798620273453
13951; 10; 0; 0; 1; 1; 2,63076093028408
13952; 2; 0; 0; 0,999789970333902; 0,999789970333902; 14,9386205493142
13954; 22; 0; 0; 1; 1; 3,7598190905846
13970; 13; 0; 0; 1; 1; 4,35055061125414
13970; 2; 0; 0; 0,967061678609931; 0,967061678609931; 4,76764485616412
13984; 20; 0; 0; 1; 1; 5,6616251602423
13985; 10; 0; 0; 0,999348479479343; 0,999348479479343; 16,1148513017962
13987; 3; 0; 0; 1; 1; 15,3426254633319
14006; 2; 0; 0; 1; 1; 18,8500743165782
14020; 2; 0; 0; 0,999990933799858; 0,999990933799858; 15,0543427622017
14059; 20; 0; 0; 1; 1; 12,0065488204877
14073; 10; 0; 0; 1; 1; 16,8905377856988
14080; 10; 0; 0; 1; 1; 15,34627138953
14089; 10; 0; 0; 1; 1; 11,652977829613
14104; 2; 0; 0; 1; 1; 12,5729530068016
14104; 22; 0; 0; 1; 1; 3,83707564724045
14110; 2; 0; 0; 1; 1; 10,9335950788551
14133; 10; 0; 0; 0,962004216193436; 0,962004216193436; 4,46489651343116
14148; 2; 0; 0; 1; 1; 13,9851262525471
14153; 2; 0; 0; 1; 1; 11,2669552715307
14153; 10; 0; 0; 1; 1; 11,9832917496575
14159; 10; 0; 0; 1; 1; 12,5161613725473
14182; 2; 0; 0; 1; 1; 17,3982561798216
14182; 2; 0; 0; 1; 1; 13,1566207914083
14185; 2; 0; 0; 1; 1; 5,20145473148698
14188; 13; 0; 0; 1; 1; 3,17142941754975
14195; 10; 0; 0; 1; 1; 16,0770462176029
14201; 2; 0; 0; 1; 1; 16,9470723722254
14212; 13; 0; 0; 1; 1; 18,8523859821013
14219; 2; 0; 0; 1; 1; 18,6468350033961
14222; 3; 0; 0; 1; 1; 6,13705018533278
14224; 14; 0; 0; 1; 1; 17,0856663184055
14231; 15; 0; 0; 0,993572309715876; 0,993572309715876; 4,1321754407722
14247; 2; 0; 0; 1; 1; 14,5931752200491
14247; 10; 0; 0; 1; 1; 14,0674154404025
14248; 2; 0; 0; 0,999991386462815; 0,999991386462815; 17,3703954948481
14254; 10; 0; 0; 1; 1; 9,58663339972602
14269; 2; 0; 0; 1; 1; 17,6654226347963
14269; 2; 1; 0; 0,697576233159411; 0,302423766840589; 9,37837641226474
14283; 10; 0; 0; 0,994660384518451; 0,994660384518451; 4,53421849987042
14287; 2; 0; 0; 1; 1; 19,9589022175534
14291; 21; 0; 0; 1; 1; 6,98753333898982
14292; 2; 1; 0; 0,837344832367113; 0,162655167632887; 3,71815105797159
14305; 10; 0; 0; 1; 1; 7,03772407737449
14316; 3; 0; 0; 1; 1; 10,5480550060407
14330; 2; 0; 0; 1; 1; 18,8500743165782
14332; 3; 1; 0; 0,53430702338055; 0,150109684979297; 9,57466052812766
14333; 2; 0; 0; 1; 1; 15,4064294292958
14333; 10; 0; 0; 1; 1; 4,79713488826948
14360; 2; 0; 0; 1; 1; 20,5739231020389
14361; 4; 0; 0; 1; 1; 6,59815839778258
14365; 2; 0; 0; 0,997230320293023; 0,997230320293023; 4,26066304590614
14371; 14; 0; 0; 1; 1; 11,2075061059346
14379; 18; 0; 0; 1; 1; 11,7727093098214
14385; 20; 0; 0; 1; 1; 6,29955475576256
14391; 2; 0; 0; 1; 1; 13,1566207914083
14391; 16; 0; 0; 1; 1; 10,6035956947986
14399; 14; 0; 0; 1; 1; 10,4412405279145
14428; 18; 0; 0; 1; 1; 13,2728251051422
14444; 21; 0; 0; 0,999419966234128; 0,999419966234128; 10,5224666223692
14445; 2; 0; 0; 1; 1; 13,9876021162045
14449; 2; 0; 0; 1; 1; 12,4334241032928
14455; 2; 0; 0; 0,997682233167889; 0,997682233167889; 4,60847227414337
14463; 12; 0; 0; 0,999885269132921; 0,999885269132921; 15,9734042305781
14468; 18; 0; 0; 1; 1; 11,2819013393709
14477; 15; 0; 0; 0,999648846597158; 0,999648846597158; 7,87996246844932
14491; 2; 0; 0; 1; 1; 13,9876021162045
14495; 10; 0; 0; 1; 1; 11,2134345888427
14501; 10; 0; 0; 1; 1; 9,07566059942874
14508; 10; 0; 0; 1; 1; 14,6262190289252
14508; 10; 0; 0; 1; 1; 14,0674154404025
14520; 2; 0; 0; 0,999942793463712; 0,999942793463712; 6,28270362049112
14522; 10; 0; 0; 0,996627605751879; 0,996627605751879; 12,1193909885313
14524; 21; 0; 0; 0,997648096525284; 0,997648096525284; 10,283319653679
14545; 20; 0; 0; 1; 1; 7,52410392750562
14548; 13; 0; 0; 1; 1; 16,9671473838911
14552; 16; 0; 0; 1; 1; 5,95289582865884
14570; 21; 0; 0; 1; 1; 13,0000620260276
14571; 13; 0; 0; 0,999445498893461; 0,999445498893461; 13,5587622886314
14576; 19; 0; 0; 1; 1; 13,5348234479051
14586; 19; 0; 0; 1; 1; 13,0142533152934
14591; 2; 0; 0; 1; 1; 11,2175084799401
14609; 16; 0; 0; 1; 1; 9,97985477157511
14618; 2; 0; 0; 1; 1; 14,9201089239514
14632; 2; 0; 0; 1; 1; 20,3456030781156
14642; 12; 0; 0; 0,999903246270624; 0,999903246270624; 15,2473404019154
14643; 12; 0; 0; 0,999933184400432; 0,999933184400432; 16,772074442107
14650; 10; 0; 0; 1; 1; 11,7538747600823
14664; 22; 0; 0; 1; 1; 9,82829902626501
14665; 2; 0; 0; 1; 1; 9,41504020679187
14674; 18; 0; 0; 1; 1; 15,5612432267185
14677; 10; 0; 0; 1; 1; 7,42349984847305
14681; 19; 0; 0; 1; 1; 11,4368643749059
14700; 22; 0; 0; 1; 1; 9,33688407495176
14702; 10; 0; 0; 1; 1; 9,59426977653896
14719; 2; 0; 0; 0,999983866837333; 0,999983866837333; 18,8179284527521
14721; 2; 0; 0; 1; 1; 13,1648019917218
14724; 2; 0; 0; 1; 1; 11,9800481141159
14724; 20; 0; 0; 1; 1; 9,72944473384347
14762; 2; 0; 0; 0,999999203207971; 0,999999203207971; 13,9789095908713
14782; 21; 0; 0; 0,978511685154093; 0,978511685154093; 8,92979302687824
14795; 10; 0; 0; 1; 1; 6,38066778432322
14811; 3; 0; 0; 1; 1; 12,0549200069037
14811; 2; 0; 0; 1; 1; 16,7872131795565
14827; 2; 0; 0; 0,534128961487381; 0,534128961487381; 13,4087193690479
14829; 2; 0; 0; 1; 1; 15,9542597898611
14831; 10; 0; 0; 1; 1; 12,511509470888
14838; 18; 0; 0; 1; 1; 14,1023766742136
14852; 10; 0; 0; 1; 1; 13,4319776871545
14852; 2; 0; 0; 1; 1; 9,39075585007791
14854; 2; 0; 0; 0,999995442129812; 0,999995442129812; 17,3703954948481
14854; 21; 0; 0; 1; 1; 9,80706433542431
14858; 20; 0; 0; 1; 1; 17,1002361988764
14862; 2; 0; 0; 1; 1; 15,9542597898611
14864; 2; 0; 0; 1; 1; 7,00247838249105
14867; 2; 0; 0; 1; 1; 6,01008374404987
14872; 2; 0; 0; 1; 1; 13,9851262525471
14908; 2; 0; 0; 1; 1; 17,3982561798216
14921; 2; 0; 0; 1; 1; 22,3801633859271
14921; 18; 0; 0; 1; 1; 9,20971537907829
14923; 2; 0; 0; 0,999998928919781; 0,999998928919781; 12,4256974141078
14947; 2; 0; 0; 1; 1; 18,8481108614733
14958; 2; 0; 0; 1; 1; 15,0784886891787
14958; 2; 0; 0; 1; 1; 13,9876021162045
14961; 2; 0; 0; 1; 1; 14,1445721326518
14971; 20; 0; 0; 1; 1; 9,90013674671792
14972; 3; 1; 0; 0,431228020141756; 0,390641037639817; 5,14060254137469
14973; 2; 0; 0; 1; 1; 20,3054215507324
14973; 16; 0; 0; 1; 1; 6,90155825086694
14976; 10; 0; 0; 1; 1; 16,1591879847085
14979; 2; 0; 0; 1; 1; 18,8300804135837
14980; 2; 0; 0; 1; 1; 13,9851262525471
14995; 24; 0; 0; 1; 1; 18,0287679370473
14998; 2; 0; 0; 1; 1; 15,9830014314824
15004; 20; 0; 0; 1; 1; 6,2011845556365
15011; 10; 0; 0; 1; 1; 14,5883551734961
15019; 10; 0; 0; 1; 1; 12,2649127931294
15023; 2; 0; 0; 1; 1; 5,60822611330929
15037; 13; 0; 0; 1; 1; 16,1591879846582
15037; 2; 0; 0; 0,999998850221637; 0,999998850221637; 13,9789095908713
15041; 10; 0; 0; 1; 1; 14,075448154749
15050; 2; 0; 0; 1; 1; 15,4064294292958
15056; 2; 0; 0; 1; 1; 18,8594295102024
15060; 13; 0; 0; 0,999999941987001; 0,999999941987001; 14,1392894865759
15060; 2; 0; 0; 0,999999814041922; 0,999999814041922; 17,2048118041493
15060; 16; 0; 0; 1; 1; 8,48287655583885
15078; 18; 0; 0; 0,999985118126376; 0,999985118126376; 13,9832558535379
15083; 2; 0; 0; 1; 1; 13,1648019917218
15083; 18; 0; 0; 1; 1; 7,78062161335925
15086; 10; 0; 0; 0,999397016112216; 0,999397016112216; 14,0157439035275
15090; 2; 0; 0; 0,999999411747675; 0,999999411747675; 16,1296529595018
15095; 20; 0; 0; 1; 1; 18,2034772439652
15100; 21; 0; 0; 1; 1; 18,8517852789652
15107; 18; 0; 0; 0,999984430033536; 0,999984430033536; 9,86971181284655
15111; 2; 0; 0; 1; 1; 20,9650841997028
15111; 2; 0; 0; 0,999999594260022; 0,999999594260022; 14,9108368969294
15115; 2; 0; 0; 1; 1; 17,3982561798216
15115; 2; 0; 0; 1; 1; 10,1728015390578
15116; 2; 0; 0; 1; 1; 4,0183865702002
15142; 13; 0; 0; 0,999999915495871; 0,999999915495871; 13,0516518337624
15148; 10; 0; 0; 0,995000188107237; 0,995000188107237; 11,4414235947163
15154; 2; 0; 0; 1; 1; 17,215510296867
15166; 2; 0; 0; 1; 1; 20,5739231020389
15186; 10; 0; 0; 1; 1; 17,7795134586303
15187; 2; 0; 0; 1; 1; 14,5931752200491
15196; 21; 0; 0; 0,999944253139718; 0,999944253139718; 15,424187955517
15204; 21; 0; 0; 0,999868691937224; 0,999868691937224; 15,5278518644218
15213; 2; 0; 0; 1; 1; 10,6361731932408
15224; 16; 0; 0; 1; 1; 9,69471606381582
15226; 12; 0; 0; 0,999939958900799; 0,999939958900799; 13,9767287017558
15231; 16; 0; 0; 1; 1; 9,69471606381582
15236; 20; 0; 0; 1; 1; 14,9089462553047
15239; 10; 0; 0; 1; 1; 12,9385783717416
15239; 10; 0; 0; 1; 1; 15,34627138953
15242; 18; 0; 0; 0,999898144294077; 0,999898144294077; 13,4319692784718
15254; 10; 0; 0; 1; 1; 7,72857518471167
15261; 10; 0; 0; 0,999392638307703; 0,999392638307703; 13,348327527169
15267; 2; 0; 0; 1; 1; 12,1377769470076
15271; 3; 1; 0; 0,664932524159255; 0; 9,72956468006221
15272; 21; 0; 0; 0,991511035071055; 0,991511035071055; 7,18200102796627
15284; 20; 0; 0; 1; 1; 14,8502051200769
15286; 2; 0; 0; 1; 1; 18,8300804135837
15295; 15; 0; 0; 1; 1; 14,118266089305
15299; 20; 0; 0; 1; 1; 18,2034772439652
15300; 2; 0; 0; 1; 1; 14,9386205493142
15301; 18; 0; 0; 1; 1; 7,05118833710682
15302; 2; 1; 0; 0,565190769697608; 0,434809230302392; 13,2370381136007
15307; 2; 0; 0; 1; 1; 17,3982561798216
15308; 2; 0; 0; 1; 1; 15,0784886891787
15308; 18; 0; 0; 0,999999506666437; 0,999999506666437; 19,4549646657918
15317; 2; 0; 0; 1; 1; 20,5286492211841
15339; 12; 0; 0; 0,999864782470373; 0,999864782470373; 12,9015957246977
15339; 10; 0; 0; 1; 1; 14,6446948106492
15341; 10; 0; 0; 1; 1; 13,4212867596164
15347; 2; 0; 0; 1; 1; 14,136083146105
15347; 18; 0; 0; 0,999999736043154; 0,999999736043154; 21,3078184434863
15356; 2; 0; 0; 0,991948006902346; 0,991948006902346; 5,64537853582563
15374; 18; 0; 0; 1; 1; 16,7139279101791
15385; 2; 0; 0; 1; 1; 17,8390235497109
15390; 2; 0; 0; 1; 1; 20,5739231020389
15393; 20; 0; 0; 0,664724105831943; 0,664724105831943; 6,39148971499001
15400; 18; 0; 0; 0,999994247555087; 0,999994247555087; 16,7899615980898
15417; 21; 0; 0; 0,980927037089924; 0,980927037089924; 8,700823974907
15419; 15; 0; 0; 1; 1; 16,13516124492
15430; 2; 0; 0; 1; 1; 17,4087041632637
15458; 2; 0; 0; 1; 1; 17,1815105429274
15458; 20; 0; 0; 1; 1; 9,56453889089697
15462; 2; 0; 0; 1; 1; 17,1815105429274
15463; 2; 0; 0; 0,739048791139184; 0,739048791139184; 14,0573927749048
15466; 2; 0; 0; 1; 1; 15,256501366415
15468; 2; 0; 0; 1; 1; 14,5931752200491
15484; 10; 0; 0; 1; 1; 9,32776228274621
15485; 20; 0; 0; 1; 1; 17,1002361988764
15496; 2; 0; 0; 0,641617535385367; 0,641617535385367; 14,5108570579663
15507; 3; 0; 0; 1; 1; 12,0549200069037
15507; 2; 0; 0; 1; 1; 13,9876021162045
15511; 10; 0; 0; 1; 1; 14,6790421986809
15513; 2; 0; 0; 1; 1; 14,1445721326518
15514; 14; 0; 0; 1; 1; 14,8375523291416
15522; 10; 0; 0; 1; 1; 7,32709075953184
15530; 2; 0; 0; 1; 1; 16,9470723722254
15549; 2; 0; 0; 1; 1; 18,8300804135837
15549; 2; 0; 0; 0,75576711535406; 0,75576711535406; 14,9945522932318
15562; 20; 0; 0; 1; 1; 17,1002361988764
15577; 10; 0; 0; 1; 1; 4,87540634297508
15587; 20; 0; 0; 0,774852834513512; 0,774852834513512; 6,88314276998924
15587; 10; 0; 0; 0,999973107893786; 0,999973107893786; 10,6044671149649
15622; 10; 0; 0; 0,922696445474591; 0,922696445474591; 8,05892982845749
15622; 10; 0; 0; 1; 1; 18,6406760550228
15627; 18; 0; 0; 0,999685925988818; 0,999685925988818; 8,83079477991534
15628; 24; 0; 0; 1; 1; 20,6996965203135
15630; 3; 0; 0; 1; 1; 6,89799533211102
15638; 10; 0; 0; 1; 1; 12,9050834227081
15641; 2; 0; 0; 1; 1; 17,8390235497109
15650; 10; 0; 0; 1; 1; 14,0344991935389
15656; 18; 0; 0; 1; 1; 15,9795334112754
15663; 21; 0; 0; 0,997711546420824; 0,997711546420824; 12,1522318938953
15669; 16; 0; 0; 1; 1; 9,62568895308405
15686; 14; 0; 0; 1; 1; 9,55638963571834
15703; 20; 0; 0; 1; 1; 9,56453889089697
15707; 14; 0; 0; 1; 1; 19,4423099485304
15709; 20; 0; 0; 0,999983303154323; 0,999983303154323; 17,2078569249731
15725; 3; 0; 0; 1; 1; 10,198530650512
15726; 10; 0; 0; 0,953847345462103; 0,953847345462103; 8,35888191266874
15735; 13; 0; 0; 0,999999944043877; 0,999999944043877; 13,5737179071129
15735; 16; 0; 0; 1; 1; 9,23280368969286
15740; 2; 0; 0; 1; 1; 18,8300804135837
15750; 19; 0; 0; 1; 1; 15,3804811908012
15754; 10; 0; 0; 1; 1; 12,029570737319
15759; 2; 0; 0; 1; 1; 20,3329594049037
15765; 2; 0; 0; 1; 1; 15,0784886891787
15775; 2; 0; 0; 1; 1; 16,1400689259289
15775; 10; 0; 0; 1; 1; 12,4751103942568
15778; 2; 0; 0; 1; 1; 14,7522320738438
15788; 2; 0; 0; 1; 1; 15,0784886891787
15798; 2; 0; 0; 1; 1; 14,5405251872174
15804; 18; 0; 0; 0,999996138811604; 0,999996138811604; 17,6736437874629
15818; 2; 0; 0; 1; 1; 20,3054215507324
15829; 2; 0; 0; 1; 1; 18,6501361549393
15830; 20; 0; 0; 1; 1; 18,810259818764
15834; 10; 0; 0; 0,999999454159137; 0,999999454159137; 18,8377943660565
15837; 14; 0; 0; 1; 1; 10,842826702065
15863; 20; 0; 0; 1; 1; 7,58082012981596
15866; 2; 0; 0; 1; 1; 16,9470723722254
15871; 2; 0; 0; 1; 1; 18,8594295102024
15890; 10; 0; 0; 1; 1; 16,7766084495205
15892; 21; 0; 0; 0,999927978850791; 0,999927978850791; 15,1081801924104
15900; 2; 0; 0; 1; 1; 14,8906424705371
15934; 13; 0; 0; 1; 1; 16,9671473838911
15959; 10; 1; 0; 0,815293459167982; 0,184706540832018; 16,4278250521057
