MAC; alternativas; MasProb; Elección; MaxProb; ElecProb; %linkOK; %linkNO; %DistOK; %DistNO
21; 32; 0; 0; 1; 1; 1; 0; 1; 0
32; 20; 0; 0; 1; 1; 1; 0; 1; 0
35; 2; 0; 0; 1; 1; 1; 0; 1; 0
40; 10; 0; 0; 1; 1; 1; 0; 1; 0
46; 14; 7; 0; 1; 0; 1; 0; 1; 0
54; 2; 0; 0; 1; 1; 1; 0; 1; 0
68; 21; 0; 0; 1; 1; 1; 0; 1; 0
69; 18; 0; 0; 1; 1; 1; 0; 1; 0
74; 13; 0; 0; 1; 1; 1; 0; 1; 0
77; 2; 0; 1; 1; 0; 0; 0; 0,500369451615935; 0,499630548384065
78; 16; 0; 0; 1; 1; 1; 0; 1; 0
89; 18; 0; 0; 0,999998789100862; 0,999998789100862; 1; 0; 1; 0
92; 200; 0; 0; 0,965424901028414; 0,965424901028414; 1; 0; 1; 0
106; 2; 0; 0; 1; 1; 1; 0; 1; 0
108; 20; 0; 0; 1; 1; 1; 0; 1; 0
113; 20; 0; 0; 1; 1; 1; 0; 1; 0
138; 24; 0; 0; 1; 1; 1; 0; 1; 0
148; 19; 0; 0; 1; 1; 1; 0; 1; 0
158; 13; 0; 0; 1; 1; 1; 0; 1; 0
164; 10; 0; 0; 1; 1; 1; 0; 1; 0
170; 2; 0; 0; 1; 1; 1; 0; 1; 0
172; 100; 0; 0; 0,9224639344534; 0,9224639344534; 1; 0; 1; 0
176; 13; 0; 0; 1; 1; 1; 0; 1; 0
180; 18; 0; 0; 0,999966776101173; 0,999966776101173; 1; 0; 1; 0
191; 19; 0; 0; 1; 1; 1; 0; 1; 0
197; 20; 0; 0; 1; 1; 1; 0; 1; 0
199; 18; 0; 0; 0,999998690961607; 0,999998690961607; 1; 0; 1; 0
203; 2; 0; 0; 0,999997552119169; 0,999997552119169; 1; 0; 1; 0
207; 20; 0; 0; 1; 1; 1; 0; 1; 0
223; 2; 0; 0; 0,999997602283137; 0,999997602283137; 1; 0; 1; 0
230; 20; 0; 0; 0,950237373562432; 0,950237373562432; 1; 0; 1; 0
231; 2; 0; 0; 1; 1; 1; 0; 1; 0
235; 18; 0; 0; 1; 1; 1; 0; 1; 0
242; 2; 0; 0; 1; 1; 1; 0; 1; 0
244; 36; 0; 0; 1; 1; 1; 0; 1; 0
263; 10; 0; 0; 0,920962396572695; 0,920962396572695; 1; 0; 1; 0
273; 2; 0; 0; 1; 1; 1; 0; 1; 0
321; 20; 0; 0; 1; 1; 1; 0; 1; 0
324; 22; 0; 0; 1; 1; 1; 0; 1; 0
329; 10; 0; 0; 0,996133801571585; 0,996133801571585; 1; 0; 1; 0
332; 4; 0; 0; 1; 1; 1; 0; 1; 0
333; 21; 0; 0; 1; 1; 1; 0; 1; 0
336; 2; 0; 0; 1; 1; 1; 0; 1; 0
341; 21; 0; 0; 0,980598244623929; 0,980598244623929; 1; 0; 1; 0
350; 21; 0; 0; 0,983203221222322; 0,983203221222322; 1; 0; 1; 0
351; 21; 0; 0; 0,983665498517667; 0,983665498517667; 1; 0; 1; 0
352; 13; 0; 0; 1; 1; 1; 0; 1; 0
358; 2; 0; 0; 1; 1; 1; 0; 1; 0
363; 15; 0; 0; 1; 1; 1; 0; 1; 0
365; 12; 0; 0; 1; 1; 1; 0; 1; 0
368; 10; 0; 0; 1; 1; 1; 0; 1; 0
372; 20; 0; 0; 1; 1; 1; 0; 1; 0
377; 2; 0; 0; 0,999997602283137; 0,999997602283137; 1; 0; 1; 0
379; 36; 0; 0; 1; 1; 1; 0; 1; 0
380; 3; 0; 0; 1; 1; 1; 0; 1; 0
386; 19; 0; 0; 1; 1; 1; 0; 1; 0
400; 2; 0; 0; 1; 1; 1; 0; 1; 0
402; 20; 0; 0; 1; 1; 1; 0; 1; 0
412; 2; 0; 0; 1; 1; 1; 0; 1; 0
416; 18; 0; 0; 1; 1; 1; 0; 1; 0
428; 2; 0; 1; 1; 0; 0; 0; 0,334527279994034; 0,665472720005966
434; 20; 0; 0; 1; 1; 1; 0; 1; 0
443; 32; 0; 0; 0,999992611875991; 0,999992611875991; 1; 0; 1; 0
445; 2; 0; 0; 1; 1; 1; 0; 1; 0
473; 2; 0; 0; 1; 1; 1; 0; 1; 0
482; 4; 0; 0; 1; 1; 1; 0; 1; 0
484; 20; 0; 0; 1; 1; 1; 0; 1; 0
528; 10; 0; 0; 0,887727224338446; 0,887727224338446; 1; 0; 1; 0
543; 2; 0; 0; 1; 1; 1; 0; 1; 0
546; 20; 0; 0; 1; 1; 1; 0; 1; 0
556; 19; 0; 0; 1; 1; 1; 0; 1; 0
558; 21; 0; 0; 0,977210124879011; 0,977210124879011; 1; 0; 1; 0
570; 18; 0; 0; 1; 1; 1; 0; 1; 0
574; 2; 0; 0; 1; 1; 1; 0; 1; 0
583; 20; 0; 0; 0,974333082057488; 0,974333082057488; 1; 0; 1; 0
610; 10; 0; 0; 0,999921098179136; 0,999921098179136; 1; 0; 1; 0
615; 16; 0; 0; 1; 1; 1; 0; 1; 0
616; 2; 0; 0; 0,999997744682408; 0,999997744682408; 1; 0; 1; 0
620; 20; 0; 0; 1; 1; 1; 0; 1; 0
621; 2; 0; 0; 0,999997744682408; 0,999997744682408; 1; 0; 1; 0
630; 20; 0; 0; 1; 1; 1; 0; 1; 0
647; 10; 0; 0; 1; 1; 1; 0; 1; 0
652; 10; 1; 2; 0,542479406576312; 0; 0; 0; 0,3340232507444; 0,6659767492556
665; 2; 0; 0; 1; 1; 1; 0; 1; 0
666; 2; 0; 0; 1; 1; 1; 0; 1; 0
673; 40; 0; 0; 1; 1; 1; 0; 1; 0
679; 2; 0; 0; 1; 1; 1; 0; 1; 0
684; 10; 0; 0; 1; 1; 1; 0; 1; 0
689; 2; 0; 0; 1; 1; 1; 0; 1; 0
718; 10; 0; 0; 0,985615996879632; 0,985615996879632; 1; 0; 1; 0
730; 10; 0; 0; 1; 1; 1; 0; 1; 0
739; 2; 0; 0; 0,999983741374077; 0,999983741374077; 1; 0; 1; 0
787; 2; 0; 0; 1; 1; 1; 0; 1; 0
817; 2; 0; 0; 1; 1; 1; 0; 1; 0
825; 18; 0; 0; 0,999987989815809; 0,999987989815809; 1; 0; 1; 0
826; 3; 1; 2; 0,945001535603173; 0; 0; 0; 0,143805721779382; 0,856194278220618
827; 10; 0; 0; 1; 1; 1; 0; 1; 0
828; 21; 0; 0; 1; 1; 1; 0; 1; 0
836; 2; 0; 0; 1; 1; 1; 0; 1; 0
846; 10; 0; 0; 1; 1; 1; 0; 1; 0
863; 2; 0; 0; 1; 1; 1; 0; 1; 0
874; 13; 0; 0; 1; 1; 1; 0; 1; 0
875; 21; 0; 0; 1; 1; 1; 0; 1; 0
876; 2; 0; 0; 0,999997744682408; 0,999997744682408; 1; 0; 1; 0
881; 20; 0; 0; 1; 1; 1; 0; 1; 0
886; 2; 0; 0; 1; 1; 1; 0; 1; 0
893; 2; 0; 0; 1; 1; 1; 0; 1; 0
894; 14; 7; 0; 1; 0; 1; 0; 1; 0
919; 2; 0; 0; 1; 1; 1; 0; 1; 0
928; 18; 0; 0; 0,99999526942645; 0,99999526942645; 1; 0; 1; 0
935; 10; 0; 0; 0,860947555480256; 0,860947555480256; 1; 0; 1; 0
956; 4; 0; 0; 1; 1; 1; 0; 1; 0
960; 20; 0; 0; 0,999604234120992; 0,999604234120992; 1; 0; 1; 0
969; 140; 70; 0; 1; 0; 1; 0; 1; 0
975; 16; 0; 0; 1; 1; 1; 0; 1; 0
985; 10; 0; 0; 1; 1; 1; 0; 1; 0
991; 21; 0; 0; 1; 1; 1; 0; 1; 0
1015; 13; 0; 0; 1; 1; 1; 0; 1; 0
1051; 2; 0; 0; 1; 1; 1; 0; 1; 0
1054; 2; 0; 0; 1; 1; 1; 0; 1; 0
1060; 3; 0; 0; 1; 1; 1; 0; 1; 0
1061; 20; 0; 0; 0,970946165923115; 0,970946165923115; 1; 0; 1; 0
1063; 20; 0; 0; 0,973658235349132; 0,973658235349132; 1; 0; 1; 0
1070; 3; 1; 2; 0,962841512562687; 0; 0; 0; 0,251473781903541; 0,748526218096459
1072; 16; 0; 0; 1; 1; 1; 0; 1; 0
1075; 21; 0; 0; 0,982789656486962; 0,982789656486962; 1; 0; 1; 0
1093; 13; 0; 0; 1; 1; 1; 0; 1; 0
1097; 2; 0; 0; 1; 1; 1; 0; 1; 0
1098; 20; 0; 0; 1; 1; 1; 0; 1; 0
1102; 26; 0; 0; 1; 1; 1; 0; 1; 0
1115; 3; 0; 0; 1; 1; 1; 0; 1; 0
1126; 2; 0; 0; 1; 1; 1; 0; 1; 0
1144; 10; 0; 2; 1; 0; 0; 0; 0,142183494865268; 0,857816505134732
1145; 20; 0; 0; 0,979289805794634; 0,979289805794634; 1; 0; 1; 0
1158; 10; 0; 0; 1; 1; 1; 0; 1; 0
1185; 2; 0; 0; 0,999997744682408; 0,999997744682408; 1; 0; 1; 0
1187; 2; 0; 0; 1; 1; 1; 0; 1; 0
1193; 10; 0; 0; 1; 1; 1; 0; 1; 0
1209; 2; 0; 0; 1; 1; 1; 0; 1; 0
1224; 13; 0; 0; 1; 1; 1; 0; 1; 0
1227; 21; 0; 0; 0,980280988073362; 0,980280988073362; 1; 0; 1; 0
1236; 20; 0; 0; 1; 1; 1; 0; 1; 0
1249; 20; 0; 0; 0,971203482503016; 0,971203482503016; 1; 0; 1; 0
1267; 10; 0; 0; 0,995461901389585; 0,995461901389585; 1; 0; 1; 0
1271; 2; 0; 0; 1; 1; 1; 0; 1; 0
1273; 21; 0; 0; 1; 1; 1; 0; 1; 0
1294; 14; 7; 0; 1; 0; 1; 0; 1; 0
1306; 18; 0; 0; 0,999956951633441; 0,999956951633441; 1; 0; 1; 0
1315; 15; 0; 0; 1; 1; 1; 0; 1; 0
1316; 14; 0; 0; 0,99978811588104; 0,99978811588104; 1; 0; 1; 0
1331; 40; 0; 0; 1; 1; 1; 0; 1; 0
1338; 2; 0; 0; 1; 1; 1; 0; 1; 0
1341; 10; 0; 0; 1; 1; 1; 0; 1; 0
1342; 2; 0; 0; 1; 1; 1; 0; 1; 0
1347; 20; 0; 0; 1; 1; 1; 0; 1; 0
1355; 2; 0; 0; 1; 1; 1; 0; 1; 0
1363; 2; 0; 0; 1; 1; 1; 0; 1; 0
1364; 2; 0; 1; 1; 0; 0; 0; 0,334527279994034; 0,665472720005966
1368; 2; 0; 0; 0,999942836502176; 0,999942836502176; 1; 0; 1; 0
1370; 10; 0; 0; 1; 1; 1; 0; 1; 0
1376; 10; 0; 0; 0,887884486881352; 0,887884486881352; 1; 0; 1; 0
1380; 2; 0; 0; 1; 1; 1; 0; 1; 0
1384; 4; 0; 0; 1; 1; 1; 0; 1; 0
1392; 10; 0; 0; 0,918136887571067; 0,918136887571067; 1; 0; 1; 0
1395; 2; 0; 0; 1; 1; 1; 0; 1; 0
1415; 2; 0; 0; 1; 1; 1; 0; 1; 0
1437; 18; 0; 0; 1; 1; 1; 0; 1; 0
1454; 21; 0; 0; 0,982871684668926; 0,982871684668926; 1; 0; 1; 0
1471; 10; 0; 0; 0,904326100316497; 0,904326100316497; 1; 0; 1; 0
1474; 2; 0; 0; 1; 1; 1; 0; 1; 0
1478; 2; 0; 0; 1; 1; 1; 0; 1; 0
1502; 10; 0; 0; 1; 1; 1; 0; 1; 0
1504; 20; 0; 0; 1; 1; 1; 0; 1; 0
1522; 10; 0; 0; 0,993583434512665; 0,993583434512665; 1; 0; 1; 0
1544; 21; 0; 0; 0,984674429696685; 0,984674429696685; 1; 0; 1; 0
1553; 20; 0; 0; 1; 1; 1; 0; 1; 0
1573; 2; 0; 0; 1; 1; 1; 0; 1; 0
1576; 2; 0; 0; 1; 1; 1; 0; 1; 0
1587; 4; 0; 0; 1; 1; 1; 0; 1; 0
1588; 10; 0; 0; 0,874730450530671; 0,874730450530671; 1; 0; 1; 0
1607; 10; 0; 0; 1; 1; 1; 0; 1; 0
1610; 2; 0; 0; 1; 1; 1; 0; 1; 0
1620; 2; 0; 0; 1; 1; 1; 0; 1; 0
1624; 2; 0; 0; 1; 1; 1; 0; 1; 0
1633; 10; 0; 0; 0,66013454619962; 0,66013454619962; 1; 0; 1; 0
1634; 2; 0; 0; 1; 1; 1; 0; 1; 0
1640; 2; 0; 0; 1; 1; 1; 0; 1; 0
1649; 20; 0; 0; 1; 1; 1; 0; 1; 0
1657; 2; 0; 0; 1; 1; 1; 0; 1; 0
1667; 12; 0; 0; 1; 1; 1; 0; 1; 0
1668; 2; 0; 0; 1; 1; 1; 0; 1; 0
1675; 3; 0; 0; 1; 1; 1; 0; 1; 0
1687; 2; 0; 0; 1; 1; 1; 0; 1; 0
1689; 12; 0; 0; 1; 1; 1; 0; 1; 0
1692; 2; 0; 0; 1; 1; 1; 0; 1; 0
1698; 2; 0; 0; 1; 1; 1; 0; 1; 0
1703; 306; 0; 0; 1; 1; 1; 0; 1; 0
1716; 20; 0; 0; 1; 1; 1; 0; 1; 0
1718; 13; 0; 0; 1; 1; 1; 0; 1; 0
1726; 13; 0; 0; 1; 1; 1; 0; 1; 0
1729; 10; 0; 0; 1; 1; 1; 0; 1; 0
1742; 20; 0; 0; 1; 1; 1; 0; 1; 0
1743; 2; 0; 0; 1; 1; 1; 0; 1; 0
1758; 2; 0; 0; 1; 1; 1; 0; 1; 0
1770; 2; 0; 0; 1; 1; 1; 0; 1; 0
1771; 2; 0; 0; 1; 1; 1; 0; 1; 0
1776; 18; 0; 0; 0,999973379510156; 0,999973379510156; 1; 0; 1; 0
1779; 14; 0; 0; 0,999754049182732; 0,999754049182732; 1; 0; 1; 0
1785; 10; 0; 0; 0,681706449995963; 0,681706449995963; 1; 0; 1; 0
1793; 10; 0; 0; 1; 1; 1; 0; 1; 0
1800; 13; 0; 0; 1; 1; 1; 0; 1; 0
1803; 12; 0; 0; 1; 1; 1; 0; 1; 0
1808; 20; 0; 0; 1; 1; 1; 0; 1; 0
1810; 19; 0; 0; 1; 1; 1; 0; 1; 0
1811; 20; 0; 0; 1; 1; 1; 0; 1; 0
1812; 10; 0; 0; 1; 1; 1; 0; 1; 0
1813; 2; 0; 0; 1; 1; 1; 0; 1; 0
1826; 2; 0; 0; 0,999997602283137; 0,999997602283137; 1; 0; 1; 0
1842; 2; 0; 0; 0,999997602283137; 0,999997602283137; 1; 0; 1; 0
1845; 13; 0; 0; 1; 1; 1; 0; 1; 0
1883; 10; 0; 0; 1; 1; 1; 0; 1; 0
1884; 20; 0; 0; 1; 1; 1; 0; 1; 0
1898; 20; 0; 0; 1; 1; 1; 0; 1; 0
1944; 10; 0; 0; 0,999995514349892; 0,999995514349892; 1; 0; 1; 0
1945; 10; 0; 0; 1; 1; 1; 0; 1; 0
1951; 16; 0; 0; 1; 1; 1; 0; 1; 0
1956; 2; 0; 0; 1; 1; 1; 0; 1; 0
1974; 2; 0; 0; 1; 1; 1; 0; 1; 0
1980; 10; 0; 0; 0,99999578719246; 0,99999578719246; 1; 0; 1; 0
1996; 100; 0; 0; 1; 1; 1; 0; 1; 0
2008; 20; 0; 0; 1; 1; 1; 0; 1; 0
2029; 2; 0; 0; 1; 1; 1; 0; 1; 0
2031; 10; 0; 0; 1; 1; 1; 0; 1; 0
2032; 2; 0; 0; 0,975341118745398; 0,975341118745398; 1; 0; 1; 0
2058; 2; 0; 0; 1; 1; 1; 0; 1; 0
2059; 10; 0; 0; 1; 1; 1; 0; 1; 0
2075; 2; 0; 0; 0,974088057402802; 0,974088057402802; 1; 0; 1; 0
2086; 2; 0; 0; 1; 1; 1; 0; 1; 0
2105; 2; 0; 0; 0,999966925689853; 0,999966925689853; 1; 0; 1; 0
2115; 2; 0; 0; 0,999991429501313; 0,999991429501313; 1; 0; 1; 0
2122; 19; 0; 0; 0,877764651849096; 0,877764651849096; 1; 0; 1; 0
2136; 13; 0; 0; 1; 1; 1; 0; 1; 0
2142; 2; 0; 0; 1; 1; 1; 0; 1; 0
2175; 2; 0; 0; 1; 1; 1; 0; 1; 0
2177; 2; 0; 0; 1; 1; 1; 0; 1; 0
2181; 2; 0; 0; 1; 1; 1; 0; 1; 0
2227; 10; 0; 0; 1; 1; 1; 0; 1; 0
2233; 10; 0; 0; 1; 1; 1; 0; 1; 0
2234; 10; 0; 0; 1; 1; 1; 0; 1; 0
2246; 20; 0; 0; 0,972567042055407; 0,972567042055407; 1; 0; 1; 0
2248; 18; 0; 0; 1; 1; 1; 0; 1; 0
2259; 14; 7; 0; 1; 0; 1; 0; 1; 0
2275; 2; 0; 0; 1; 1; 1; 0; 1; 0
2278; 2; 0; 0; 1; 1; 1; 0; 1; 0
2281; 19; 0; 0; 1; 1; 1; 0; 1; 0
2283; 2; 0; 0; 1; 1; 1; 0; 1; 0
2299; 2; 0; 0; 1; 1; 1; 0; 1; 0
2300; 2; 0; 0; 0,990706982573344; 0,990706982573344; 1; 0; 1; 0
2313; 13; 0; 0; 1; 1; 1; 0; 1; 0
2316; 20; 0; 0; 1; 1; 1; 0; 1; 0
2329; 20; 0; 0; 1; 1; 1; 0; 1; 0
2337; 13; 0; 0; 1; 1; 1; 0; 1; 0
2350; 18; 0; 0; 1; 1; 1; 0; 1; 0
2365; 2; 0; 0; 1; 1; 1; 0; 1; 0
2378; 2; 0; 0; 1; 1; 1; 0; 1; 0
2390; 10; 0; 0; 1; 1; 1; 0; 1; 0
2405; 2; 0; 0; 1; 1; 1; 0; 1; 0
2413; 18; 0; 0; 1; 1; 1; 0; 1; 0
2416; 10; 0; 0; 1; 1; 1; 0; 1; 0
2417; 18; 0; 0; 1; 1; 1; 0; 1; 0
2418; 13; 0; 0; 1; 1; 1; 0; 1; 0
2421; 36; 0; 0; 1; 1; 1; 0; 1; 0
2423; 20; 0; 0; 0,897002478421277; 0,897002478421277; 1; 0; 1; 0
2440; 21; 0; 0; 0,994428159937774; 0,994428159937774; 1; 0; 1; 0
2442; 10; 0; 0; 1; 1; 1; 0; 1; 0
2458; 2; 0; 0; 1; 1; 1; 0; 1; 0
2476; 2; 0; 0; 1; 1; 1; 0; 1; 0
2478; 2; 1; 1; 0,567146672571762; 0,567146672571762; 0; 0; 0,334786093832472; 0,665213906167529
2496; 2; 0; 1; 1; 0; 0; 0; 0,334527279994034; 0,665472720005966
2498; 2; 0; 0; 0,99999925279417; 0,99999925279417; 1; 0; 1; 0
2499; 3; 2; 2; 0,564637851040697; 0,564637851040697; 0; 0; 0,251473781903541; 0,748526218096459
2507; 14; 0; 0; 0,998768668910478; 0,998768668910478; 1; 0; 1; 0
2519; 10; 0; 0; 1; 1; 1; 0; 1; 0
2525; 2; 0; 0; 1; 1; 1; 0; 1; 0
2528; 18; 0; 0; 1; 1; 1; 0; 1; 0
2532; 40; 0; 0; 1; 1; 1; 0; 1; 0
2553; 2; 0; 0; 1; 1; 1; 0; 1; 0
2554; 18; 0; 0; 1; 1; 1; 0; 1; 0
2567; 4; 0; 0; 1; 1; 1; 0; 1; 0
2571; 21; 0; 0; 0,998446617109197; 0,998446617109197; 1; 0; 1; 0
2586; 10; 0; 0; 1; 1; 1; 0; 1; 0
2604; 21; 0; 0; 0,989244424598229; 0,989244424598229; 1; 0; 1; 0
2616; 20; 0; 0; 1; 1; 1; 0; 1; 0
2634; 24; 0; 0; 1; 1; 1; 0; 1; 0
2666; 21; 0; 0; 0,998084960329487; 0,998084960329487; 1; 0; 1; 0
2671; 2; 0; 0; 0,999902081681671; 0,999902081681671; 1; 0; 1; 0
2691; 2; 0; 0; 1; 1; 1; 0; 1; 0
2695; 20; 0; 0; 1; 1; 1; 0; 1; 0
2701; 2; 0; 0; 0,987477280442615; 0,987477280442615; 1; 0; 1; 0
2702; 32; 0; 0; 1; 1; 1; 0; 1; 0
2706; 3; 0; 0; 1; 1; 1; 0; 1; 0
2715; 13; 0; 0; 1; 1; 1; 0; 1; 0
2717; 18; 0; 0; 0,999959831104543; 0,999959831104543; 1; 0; 1; 0
2737; 2; 0; 0; 1; 1; 1; 0; 1; 0
2748; 10; 0; 0; 0,99976971461122; 0,99976971461122; 1; 0; 1; 0
2750; 10; 0; 0; 1; 1; 1; 0; 1; 0
2753; 2; 0; 0; 1; 1; 1; 0; 1; 0
2762; 10; 0; 0; 0,999600952379548; 0,999600952379548; 1; 0; 1; 0
2766; 80; 0; 0; 1; 1; 1; 0; 1; 0
2780; 2; 0; 0; 1; 1; 1; 0; 1; 0
2798; 14; 0; 0; 0,999717061887605; 0,999717061887605; 1; 0; 1; 0
2807; 18; 0; 0; 1; 1; 1; 0; 1; 0
2810; 2; 0; 0; 1; 1; 1; 0; 1; 0
2814; 10; 0; 0; 1; 1; 1; 0; 1; 0
2822; 36; 0; 0; 1; 1; 1; 0; 1; 0
2824; 200; 0; 0; 0,989166287184614; 0,989166287184614; 1; 0; 1; 0
2832; 14; 0; 0; 0,999940499491552; 0,999940499491552; 1; 0; 1; 0
2845; 2; 0; 0; 1; 1; 1; 0; 1; 0
2856; 10; 0; 0; 0,982418332500582; 0,982418332500582; 1; 0; 1; 0
2858; 2; 0; 0; 1; 1; 1; 0; 1; 0
2861; 26; 0; 0; 1; 1; 1; 0; 1; 0
2865; 10; 0; 0; 0,998060354347808; 0,998060354347808; 1; 0; 1; 0
2877; 20; 0; 0; 0,881295699974911; 0,881295699974911; 1; 0; 1; 0
2898; 21; 0; 0; 0,994994190715957; 0,994994190715957; 1; 0; 1; 0
2903; 15; 0; 0; 1; 1; 1; 0; 1; 0
2921; 10; 0; 0; 1; 1; 1; 0; 1; 0
2929; 10; 0; 0; 1; 1; 1; 0; 1; 0
2930; 18; 0; 0; 1; 1; 1; 0; 1; 0
2931; 2; 0; 0; 1; 1; 1; 0; 1; 0
2936; 2; 0; 0; 1; 1; 1; 0; 1; 0
2940; 120; 0; 0; 1; 1; 1; 0; 1; 0
2952; 13; 0; 0; 1; 1; 1; 0; 1; 0
2957; 10; 0; 0; 1; 1; 1; 0; 1; 0
2959; 13; 0; 0; 1; 1; 1; 0; 1; 0
2961; 2; 0; 0; 1; 1; 1; 0; 1; 0
2990; 14; 0; 0; 0,998279461598852; 0,998279461598852; 1; 0; 1; 0
2992; 2; 0; 0; 1; 1; 1; 0; 1; 0
2994; 2; 0; 0; 0,999998760671028; 0,999998760671028; 1; 0; 1; 0
3028; 2; 0; 0; 1; 1; 1; 0; 1; 0
3032; 12; 0; 0; 1; 1; 1; 0; 1; 0
3045; 2; 0; 0; 0,997479703477175; 0,997479703477175; 1; 0; 1; 0
3053; 10; 0; 0; 1; 1; 1; 0; 1; 0
3060; 2; 0; 0; 1; 1; 1; 0; 1; 0
3066; 8; 0; 0; 1; 1; 1; 0; 1; 0
3081; 10; 0; 0; 1; 1; 1; 0; 1; 0
3082; 21; 0; 0; 0,950280977851613; 0,950280977851613; 1; 0; 1; 0
3092; 24; 0; 0; 1; 1; 1; 0; 1; 0
3116; 13; 0; 0; 1; 1; 1; 0; 1; 0
3129; 2; 0; 0; 1; 1; 1; 0; 1; 0
3132; 18; 0; 0; 1; 1; 1; 0; 1; 0
3148; 10; 0; 0; 1; 1; 1; 0; 1; 0
3152; 21; 0; 0; 0,996873933700401; 0,996873933700401; 1; 0; 1; 0
3158; 2; 0; 0; 1; 1; 1; 0; 1; 0
3174; 10; 0; 0; 1; 1; 1; 0; 1; 0
3185; 20; 0; 0; 1; 1; 1; 0; 1; 0
3201; 2; 0; 0; 1; 1; 1; 0; 1; 0
3206; 2; 0; 0; 1; 1; 1; 0; 1; 0
3212; 20; 0; 0; 1; 1; 1; 0; 1; 0
3220; 10; 0; 0; 1; 1; 1; 0; 1; 0
3229; 20; 0; 0; 1; 1; 1; 0; 1; 0
3246; 16; 0; 0; 1; 1; 1; 0; 1; 0
3312; 15; 0; 0; 1; 1; 1; 0; 1; 0
3320; 2; 0; 0; 1; 1; 1; 0; 1; 0
3321; 2; 0; 1; 1; 0; 0; 0; 0,334527279994034; 0,665472720005966
3323; 100; 0; 0; 1; 1; 1; 0; 1; 0
3325; 14; 0; 0; 0,998569131135673; 0,998569131135673; 1; 0; 1; 0
3332; 18; 0; 0; 1; 1; 1; 0; 1; 0
3336; 3; 0; 0; 1; 1; 1; 0; 1; 0
3340; 2; 0; 0; 1; 1; 1; 0; 1; 0
3345; 13; 0; 0; 1; 1; 1; 0; 1; 0
3347; 10; 0; 0; 1; 1; 1; 0; 1; 0
3354; 10; 0; 0; 1; 1; 1; 0; 1; 0
3366; 19; 0; 0; 0,962997850220926; 0,962997850220926; 1; 0; 1; 0
3369; 20; 0; 0; 0,944703101048618; 0,944703101048618; 1; 0; 1; 0
3414; 10; 0; 0; 1; 1; 1; 0; 1; 0
3435; 19; 0; 0; 1; 1; 1; 0; 1; 0
3440; 4; 0; 0; 1; 1; 1; 0; 1; 0
3454; 18; 0; 0; 1; 1; 1; 0; 1; 0
3455; 2; 0; 0; 1; 1; 1; 0; 1; 0
3456; 24; 0; 0; 1; 1; 1; 0; 1; 0
3465; 2; 0; 1; 1; 0; 0; 0; 0,500369451615935; 0,499630548384065
3471; 2; 0; 0; 1; 1; 1; 0; 1; 0
3472; 20; 0; 0; 1; 1; 1; 0; 1; 0
3477; 13; 0; 0; 1; 1; 1; 0; 1; 0
3484; 2; 0; 0; 0,994684332618723; 0,994684332618723; 1; 0; 1; 0
3492; 14; 0; 0; 0,976754770502907; 0,976754770502907; 1; 0; 1; 0
3512; 2; 0; 0; 0,99192655909338; 0,99192655909338; 1; 0; 1; 0
3515; 10; 0; 0; 0,984059523349233; 0,984059523349233; 1; 0; 1; 0
3516; 2; 0; 0; 0,999962415469724; 0,999962415469724; 1; 0; 1; 0
3539; 42; 0; 0; 0,996212831245297; 0,996212831245297; 1; 0; 1; 0
3552; 2; 0; 0; 1; 1; 1; 0; 1; 0
3555; 18; 0; 0; 0,99999894393628; 0,99999894393628; 1; 0; 1; 0
3557; 10; 0; 0; 0,999509414510154; 0,999509414510154; 1; 0; 1; 0
3558; 24; 0; 0; 1; 1; 1; 0; 1; 0
3567; 44; 0; 0; 1; 1; 1; 0; 1; 0
3573; 2; 0; 0; 1; 1; 1; 0; 1; 0
3580; 10; 0; 0; 0,997908437816388; 0,997908437816388; 1; 0; 1; 0
3589; 20; 0; 0; 0,957812241356815; 0,957812241356815; 1; 0; 1; 0
3594; 21; 0; 0; 0,996990882104652; 0,996990882104652; 1; 0; 1; 0
3600; 21; 0; 0; 0,998508064164418; 0,998508064164418; 1; 0; 1; 0
3629; 3; 0; 0; 1; 1; 1; 0; 1; 0
3652; 4; 0; 0; 1; 1; 1; 0; 1; 0
3654; 2; 0; 0; 1; 1; 1; 0; 1; 0
3670; 15; 0; 0; 1; 1; 1; 0; 1; 0
3676; 20; 0; 0; 1; 1; 1; 0; 1; 0
3682; 2; 0; 0; 0,999965756628491; 0,999965756628491; 1; 0; 1; 0
3697; 12; 0; 0; 1; 1; 1; 0; 1; 0
3701; 2; 0; 0; 1; 1; 1; 0; 1; 0
3714; 2; 0; 0; 1; 1; 1; 0; 1; 0
3723; 3; 0; 0; 1; 1; 1; 0; 1; 0
3734; 2; 0; 0; 1; 1; 1; 0; 1; 0
3740; 2; 0; 0; 1; 1; 1; 0; 1; 0
3743; 2; 1; 1; 0,820633129349259; 0,820633129349259; 0; 0; 0,201054576270701; 0,798945423729299
3756; 10; 0; 0; 1; 1; 1; 0; 1; 0
3762; 120; 0; 0; 1; 1; 1; 0; 1; 0
3764; 4; 0; 0; 1; 1; 1; 0; 1; 0
3799; 2; 0; 0; 1; 1; 1; 0; 1; 0
3846; 10; 0; 0; 0,881613892159052; 0,881613892159052; 1; 0; 1; 0
3847; 21; 0; 0; 0,990463515378409; 0,990463515378409; 1; 0; 1; 0
3851; 2; 0; 0; 1; 1; 1; 0; 1; 0
3875; 26; 0; 0; 0,999991728891107; 0,999991728891107; 1; 0; 1; 0
3879; 24; 0; 0; 1; 1; 1; 0; 1; 0
3892; 15; 0; 0; 1; 1; 1; 0; 1; 0
3895; 10; 0; 0; 0,995961507960224; 0,995961507960224; 1; 0; 1; 0
3902; 10; 0; 0; 0,947775240850107; 0,947775240850107; 1; 0; 1; 0
3921; 4; 0; 0; 1; 1; 1; 0; 1; 0
3926; 2; 0; 0; 1; 1; 1; 0; 1; 0
3937; 3; 0; 0; 1; 1; 1; 0; 1; 0
3945; 3; 0; 0; 1; 1; 1; 0; 1; 0
3954; 2; 0; 0; 0,99192655909338; 0,99192655909338; 1; 0; 1; 0
3962; 12; 0; 0; 1; 1; 1; 0; 1; 0
3964; 13; 0; 0; 1; 1; 1; 0; 1; 0
3968; 20; 0; 0; 1; 1; 1; 0; 1; 0
3970; 100; 0; 0; 1; 1; 1; 0; 1; 0
3972; 18; 0; 0; 1; 1; 1; 0; 1; 0
3981; 2; 0; 0; 0,999806539944948; 0,999806539944948; 1; 0; 1; 0
3984; 2; 0; 0; 1; 1; 1; 0; 1; 0
3989; 21; 0; 0; 1; 1; 1; 0; 1; 0
3997; 10; 0; 0; 1; 1; 1; 0; 1; 0
4003; 21; 0; 0; 1; 1; 1; 0; 1; 0
4013; 10; 0; 0; 1; 1; 1; 0; 1; 0
4029; 2; 0; 0; 1; 1; 1; 0; 1; 0
4049; 22; 0; 0; 1; 1; 1; 0; 1; 0
4055; 15; 0; 0; 1; 1; 1; 0; 1; 0
4064; 10; 0; 0; 1; 1; 1; 0; 1; 0
4068; 24; 0; 0; 1; 1; 1; 0; 1; 0
4069; 10; 0; 0; 1; 1; 1; 0; 1; 0
4083; 10; 0; 0; 1; 1; 1; 0; 1; 0
4095; 10; 0; 0; 1; 1; 1; 0; 1; 0
4106; 15; 0; 0; 1; 1; 1; 0; 1; 0
4112; 10; 0; 0; 1; 1; 1; 0; 1; 0
4124; 20; 0; 0; 1; 1; 1; 0; 1; 0
4128; 14; 0; 0; 0,99993576225473; 0,99993576225473; 1; 0; 1; 0
4129; 10; 0; 0; 1; 1; 1; 0; 1; 0
4133; 24; 0; 0; 1; 1; 1; 0; 1; 0
4136; 36; 0; 0; 0,999405898667147; 0,999405898667147; 1; 0; 1; 0
4144; 14; 0; 0; 0,997381364483764; 0,997381364483764; 1; 0; 1; 0
4166; 36; 0; 0; 0,999763696291234; 0,999763696291234; 1; 0; 1; 0
4181; 3; 2; 0; 0,655597511203097; 0; 1; 0; 1; 0
4186; 2; 0; 0; 1; 1; 1; 0; 1; 0
4193; 36; 0; 0; 1; 1; 1; 0; 1; 0
4195; 19; 0; 0; 0,994702466622769; 0,994702466622769; 1; 0; 1; 0
4200; 2; 0; 0; 0,999784928886732; 0,999784928886732; 1; 0; 1; 0
4205; 24; 0; 0; 1; 1; 1; 0; 1; 0
4208; 20; 1; 1; 0,776485609178959; 0,776485609178959; 0; 0; 0,555205521368188; 0,444794478631812
4214; 20; 0; 0; 1; 1; 1; 0; 1; 0
4225; 10; 0; 0; 1; 1; 1; 0; 1; 0
4234; 2; 0; 0; 1; 1; 1; 0; 1; 0
4242; 4; 0; 0; 0,999818652852594; 0,999818652852594; 1; 0; 1; 0
4258; 10; 0; 0; 1; 1; 1; 0; 1; 0
4278; 2; 0; 0; 1; 1; 1; 0; 1; 0
4293; 2; 0; 0; 1; 1; 1; 0; 1; 0
4301; 21; 0; 0; 0,992298303382311; 0,992298303382311; 1; 0; 1; 0
4311; 10; 0; 0; 1; 1; 1; 0; 1; 0
4316; 20; 0; 0; 1; 1; 1; 0; 1; 0
4331; 10; 0; 0; 1; 1; 1; 0; 1; 0
4335; 2; 0; 0; 1; 1; 1; 0; 1; 0
4346; 10; 0; 0; 1; 1; 1; 0; 1; 0
4354; 10; 0; 0; 0,877705826248363; 0,877705826248363; 1; 0; 1; 0
4355; 18; 0; 0; 1; 1; 1; 0; 1; 0
4371; 2; 0; 0; 1; 1; 1; 0; 1; 0
4375; 10; 0; 0; 1; 1; 1; 0; 1; 0
4381; 10; 0; 0; 1; 1; 1; 0; 1; 0
4392; 17; 0; 0; 1; 1; 1; 0; 1; 0
4415; 10; 0; 0; 1; 1; 1; 0; 1; 0
4434; 100; 0; 0; 1; 1; 1; 0; 1; 0
4457; 10; 0; 0; 0,878094373604778; 0,878094373604778; 1; 0; 1; 0
4465; 21; 0; 0; 1; 1; 1; 0; 1; 0
4466; 10; 0; 0; 0,999633682965435; 0,999633682965435; 1; 0; 1; 0
4486; 2; 0; 0; 1; 1; 1; 0; 1; 0
4488; 12; 0; 0; 1; 1; 1; 0; 1; 0
4503; 18; 0; 0; 1; 1; 1; 0; 1; 0
4510; 12; 0; 0; 1; 1; 1; 0; 1; 0
4512; 2; 0; 0; 1; 1; 1; 0; 1; 0
4515; 2; 0; 0; 0,670402621299136; 0,670402621299136; 1; 0; 1; 0
4543; 2; 0; 0; 1; 1; 1; 0; 1; 0
4550; 2; 1; 0; 0,614879104397567; 0,385120895602434; 1; 0; 1; 0
4554; 4; 0; 0; 0,999912092813775; 0,999912092813775; 1; 0; 1; 0
4555; 19; 0; 0; 1; 1; 1; 0; 1; 0
4562; 13; 0; 0; 1; 1; 1; 0; 1; 0
4565; 3; 0; 0; 1; 1; 1; 0; 1; 0
4577; 10; 0; 0; 1; 1; 1; 0; 1; 0
4590; 17; 0; 0; 1; 1; 1; 0; 1; 0
4595; 14; 0; 0; 1; 1; 1; 0; 1; 0
4598; 4; 0; 0; 1; 1; 1; 0; 1; 0
4601; 14; 0; 0; 0,999355103091067; 0,999355103091067; 1; 0; 1; 0
4612; 2; 1; 0; 0,589216727642811; 0,410783272357189; 1; 0; 1; 0
4614; 4; 0; 0; 1; 1; 1; 0; 1; 0
4619; 2; 0; 0; 1; 1; 1; 0; 1; 0
4622; 14; 0; 0; 1; 1; 1; 0; 1; 0
4627; 13; 0; 0; 1; 1; 1; 0; 1; 0
4628; 14; 0; 0; 1; 1; 1; 0; 1; 0
4637; 2; 0; 0; 1; 1; 1; 0; 1; 0
4645; 36; 0; 0; 1; 1; 1; 0; 1; 0
4665; 10; 0; 0; 1; 1; 1; 0; 1; 0
4666; 2; 0; 0; 1; 1; 1; 0; 1; 0
4670; 2; 0; 0; 1; 1; 1; 0; 1; 0
4681; 10; 0; 0; 1; 1; 1; 0; 1; 0
4704; 20; 0; 0; 1; 1; 1; 0; 1; 0
4706; 2; 0; 0; 1; 1; 1; 0; 1; 0
4734; 2; 0; 0; 1; 1; 1; 0; 1; 0
4749; 4; 0; 0; 1; 1; 1; 0; 1; 0
4750; 21; 0; 0; 0,996244903229659; 0,996244903229659; 1; 0; 1; 0
4755; 130; 0; 0; 1; 1; 1; 0; 1; 0
4763; 32; 0; 0; 0,999743282999029; 0,999743282999029; 1; 0; 1; 0
4769; 4; 0; 0; 0,999921779786341; 0,999921779786341; 1; 0; 1; 0
4776; 10; 0; 0; 1; 1; 1; 0; 1; 0
4779; 2; 0; 0; 1; 1; 1; 0; 1; 0
4783; 2; 0; 0; 1; 1; 1; 0; 1; 0
4791; 2; 1; 0; 0,764931846363357; 0,235068153636643; 1; 0; 1; 0
4793; 2; 0; 0; 1; 1; 1; 0; 1; 0
4811; 3; 0; 0; 1; 1; 1; 0; 1; 0
4812; 2; 0; 1; 0,573933943255514; 0,426066056744486; 0; 0; 0,500541875860553; 0,499458124139447
4816; 13; 0; 0; 1; 1; 1; 0; 1; 0
4825; 21; 0; 0; 1; 1; 1; 0; 1; 0
4844; 2; 0; 0; 1; 1; 1; 0; 1; 0
4845; 12; 0; 0; 1; 1; 1; 0; 1; 0
4848; 13; 0; 0; 1; 1; 1; 0; 1; 0
4859; 20; 0; 0; 1; 1; 1; 0; 1; 0
4863; 17; 0; 0; 1; 1; 1; 0; 1; 0
4877; 3; 2; 0; 0,705012008086948; 0,22009050754853; 1; 0; 1; 0
4878; 10; 0; 0; 1; 1; 1; 0; 1; 0
4882; 10; 0; 0; 1; 1; 1; 0; 1; 0
4895; 10; 0; 0; 0,999491984546342; 0,999491984546342; 1; 0; 1; 0
4900; 2; 0; 0; 1; 1; 1; 0; 1; 0
4911; 2; 0; 0; 1; 1; 1; 0; 1; 0
4916; 14; 0; 0; 0,999950363340294; 0,999950363340294; 1; 0; 1; 0
4924; 2; 0; 0; 1; 1; 1; 0; 1; 0
4927; 100; 0; 0; 1; 1; 1; 0; 1; 0
4929; 16; 0; 0; 1; 1; 1; 0; 1; 0
4930; 24; 0; 0; 1; 1; 1; 0; 1; 0
4932; 3; 0; 0; 1; 1; 1; 0; 1; 0
4936; 18; 0; 0; 0,998872803139513; 0,998872803139513; 1; 0; 1; 0
4943; 10; 0; 0; 1; 1; 1; 0; 1; 0
4948; 2; 0; 0; 1; 1; 1; 0; 1; 0
4952; 2; 0; 0; 1; 1; 1; 0; 1; 0
4965; 18; 0; 0; 0,999935853231781; 0,999935853231781; 1; 0; 1; 0
4968; 120; 0; 0; 1; 1; 1; 0; 1; 0
4970; 14; 0; 0; 0,999350276594366; 0,999350276594366; 1; 0; 1; 0
4990; 2; 0; 0; 0,999995170696056; 0,999995170696056; 1; 0; 1; 0
5018; 18; 0; 0; 1; 1; 1; 0; 1; 0
5062; 2; 0; 0; 1; 1; 1; 0; 1; 0
5066; 2; 0; 0; 0,988361762324888; 0,988361762324888; 1; 0; 1; 0
5073; 19; 0; 0; 1; 1; 1; 0; 1; 0
5077; 20; 0; 0; 1; 1; 1; 0; 1; 0
5090; 13; 0; 0; 1; 1; 1; 0; 1; 0
5094; 2; 0; 1; 0,864410542411207; 0,135589457588793; 0; 0; 0,200879422189546; 0,799120577810454
5142; 18; 0; 0; 0,998653901048934; 0,998653901048934; 1; 0; 1; 0
5157; 2; 0; 0; 1; 1; 1; 0; 1; 0
5165; 18; 0; 0; 1; 1; 1; 0; 1; 0
5192; 14; 0; 0; 0,999640120342674; 0,999640120342674; 1; 0; 1; 0
5197; 18; 0; 0; 0,998663979280904; 0,998663979280904; 1; 0; 1; 0
5204; 21; 0; 0; 0,996389722087674; 0,996389722087674; 1; 0; 1; 0
5220; 21; 0; 0; 0,996009957635902; 0,996009957635902; 1; 0; 1; 0
5227; 2; 0; 0; 1; 1; 1; 0; 1; 0
5255; 24; 0; 0; 1; 1; 1; 0; 1; 0
5275; 10; 0; 0; 1; 1; 1; 0; 1; 0
5277; 20; 0; 0; 1; 1; 1; 0; 1; 0
5281; 26; 0; 0; 1; 1; 1; 0; 1; 0
5290; 2; 0; 0; 1; 1; 1; 0; 1; 0
5298; 18; 0; 0; 1; 1; 1; 0; 1; 0
5302; 378; 0; 0; 0,985771443445189; 0,985771443445189; 1; 0; 1; 0
5306; 2; 0; 0; 1; 1; 1; 0; 1; 0
5335; 2; 0; 0; 1; 1; 1; 0; 1; 0
5338; 2; 1; 0; 0,777797537194142; 0,222202462805858; 1; 0; 1; 0
5343; 2; 0; 0; 1; 1; 1; 0; 1; 0
5344; 20; 0; 0; 1; 1; 1; 0; 1; 0
5357; 18; 0; 0; 0,999631857650637; 0,999631857650637; 1; 0; 1; 0
5360; 4; 0; 0; 0,999590241801039; 0,999590241801039; 1; 0; 1; 0
5370; 10; 0; 0; 1; 1; 1; 0; 1; 0
5375; 2; 0; 0; 1; 1; 1; 0; 1; 0
5397; 2; 0; 0; 1; 1; 1; 0; 1; 0
5401; 170; 0; 0; 1; 1; 1; 0; 1; 0
5402; 13; 0; 0; 1; 1; 1; 0; 1; 0
5403; 3; 0; 0; 1; 1; 1; 0; 1; 0
5413; 2; 0; 0; 1; 1; 1; 0; 1; 0
5436; 2; 0; 0; 1; 1; 1; 0; 1; 0
5440; 10; 0; 0; 0,999997576787428; 0,999997576787428; 1; 0; 1; 0
5456; 10; 0; 0; 1; 1; 1; 0; 1; 0
5457; 32; 0; 0; 1; 1; 1; 0; 1; 0
5458; 2; 1; 1; 0,561198026205478; 0,561198026205478; 0; 0; 0,331599996738756; 0,668400003261244
5491; 2; 0; 0; 1; 1; 1; 0; 1; 0
5512; 6; 4; 0; 0,659203789365759; 0,2662879905056; 1; 0; 1; 0
5518; 2; 0; 0; 1; 1; 1; 0; 1; 0
5524; 19; 0; 0; 1; 1; 1; 0; 1; 0
5526; 5; 0; 0; 1; 1; 1; 0; 1; 0
5533; 2; 1; 0; 0,663935163050232; 0,336064836949768; 1; 0; 1; 0
5548; 21; 0; 0; 0,999470648389359; 0,999470648389359; 1; 0; 1; 0
5564; 20; 0; 0; 0,994249799878068; 0,994249799878068; 1; 0; 1; 0
5569; 14; 0; 0; 0,997113450603466; 0,997113450603466; 1; 0; 1; 0
5589; 18; 0; 0; 1; 1; 1; 0; 1; 0
5591; 2; 0; 0; 1; 1; 1; 0; 1; 0
5603; 13; 0; 0; 1; 1; 1; 0; 1; 0
5611; 16; 0; 0; 1; 1; 1; 0; 1; 0
5629; 10; 0; 0; 1; 1; 1; 0; 1; 0
5636; 2; 0; 0; 1; 1; 1; 0; 1; 0
5643; 10; 0; 0; 1; 1; 1; 0; 1; 0
5659; 21; 0; 0; 0,999283222097703; 0,999283222097703; 1; 0; 1; 0
5662; 10; 0; 0; 0,999487913292505; 0,999487913292505; 1; 0; 1; 0
5673; 10; 0; 0; 1; 1; 1; 0; 1; 0
5677; 2; 0; 1; 0,990353024596197; 0,0096469754038031; 0; 0; 0,333070228517351; 0,666929771482649
5712; 10; 0; 0; 0,999330263747584; 0,999330263747584; 1; 0; 1; 0
5718; 2; 0; 0; 0,999389359214245; 0,999389359214245; 1; 0; 1; 0
5720; 10; 0; 0; 1; 1; 1; 0; 1; 0
5725; 10; 0; 0; 1; 1; 1; 0; 1; 0
5728; 20; 0; 0; 1; 1; 1; 0; 1; 0
5735; 10; 0; 0; 1; 1; 1; 0; 1; 0
5736; 10; 1; 2; 0,758666337343194; 0; 0; 1; 0; 1
5747; 200; 0; 0; 0,99885351525931; 0,99885351525931; 1; 0; 1; 0
5758; 13; 0; 0; 1; 1; 1; 0; 1; 0
5760; 13; 0; 0; 1; 1; 1; 0; 1; 0
5783; 17; 0; 0; 1; 1; 1; 0; 1; 0
5795; 18; 0; 0; 0,999769279911274; 0,999769279911274; 1; 0; 1; 0
5797; 24; 0; 0; 1; 1; 1; 0; 1; 0
5798; 2; 0; 0; 1; 1; 1; 0; 1; 0
5804; 2; 0; 0; 1; 1; 1; 0; 1; 0
5805; 2; 0; 0; 1; 1; 1; 0; 1; 0
5827; 18; 0; 0; 0,997069637299127; 0,997069637299127; 1; 0; 1; 0
5834; 21; 0; 0; 1; 1; 1; 0; 1; 0
5841; 24; 0; 0; 1; 1; 1; 0; 1; 0
5872; 19; 0; 0; 1; 1; 1; 0; 1; 0
5874; 2; 0; 0; 1; 1; 1; 0; 1; 0
5876; 2; 0; 0; 1; 1; 1; 0; 1; 0
5885; 2; 0; 0; 1; 1; 1; 0; 1; 0
5888; 10; 0; 0; 0,969279016549347; 0,969279016549347; 1; 0; 1; 0
5889; 19; 0; 0; 1; 1; 1; 0; 1; 0
5925; 14; 0; 0; 0,997977358380397; 0,997977358380397; 1; 0; 1; 0
5930; 2; 0; 0; 0,999996984497518; 0,999996984497518; 1; 0; 1; 0
5932; 2; 0; 0; 1; 1; 1; 0; 1; 0
5937; 10; 0; 0; 1; 1; 1; 0; 1; 0
5947; 2; 0; 0; 1; 1; 1; 0; 1; 0
5960; 17; 0; 0; 1; 1; 1; 0; 1; 0
5979; 2; 0; 0; 0,999804995885949; 0,999804995885949; 1; 0; 1; 0
5980; 20; 0; 0; 1; 1; 1; 0; 1; 0
6007; 10; 0; 0; 1; 1; 1; 0; 1; 0
6032; 20; 0; 0; 1; 1; 1; 0; 1; 0
6037; 2; 0; 0; 1; 1; 1; 0; 1; 0
6038; 10; 0; 0; 0,999277229185294; 0,999277229185294; 1; 0; 1; 0
6042; 4; 0; 0; 1; 1; 1; 0; 1; 0
6048; 10; 0; 0; 1; 1; 1; 0; 1; 0
6054; 10; 0; 0; 1; 1; 1; 0; 1; 0
6059; 2; 0; 0; 0,983996945055599; 0,983996945055599; 1; 0; 1; 0
6060; 10; 0; 0; 1; 1; 1; 0; 1; 0
6061; 2; 0; 0; 1; 1; 1; 0; 1; 0
6062; 21; 0; 0; 0,999554935705918; 0,999554935705918; 1; 0; 1; 0
6076; 4; 0; 0; 1; 1; 1; 0; 1; 0
6079; 10; 0; 0; 1; 1; 1; 0; 1; 0
6094; 2; 0; 0; 1; 1; 1; 0; 1; 0
6101; 21; 0; 0; 1; 1; 1; 0; 1; 0
6108; 14; 0; 0; 0,975519967458562; 0,975519967458562; 1; 0; 1; 0
6119; 12; 0; 0; 1; 1; 1; 0; 1; 0
6130; 20; 0; 0; 1; 1; 1; 0; 1; 0
6143; 10; 0; 0; 1; 1; 1; 0; 1; 0
6144; 2; 0; 0; 1; 1; 1; 0; 1; 0
6171; 10; 0; 0; 1; 1; 1; 0; 1; 0
6194; 10; 0; 0; 0,999127737451224; 0,999127737451224; 1; 0; 1; 0
6206; 2; 0; 0; 1; 1; 1; 0; 1; 0
6218; 2; 0; 0; 0,989329122123555; 0,989329122123555; 1; 0; 1; 0
6224; 20; 0; 0; 1; 1; 1; 0; 1; 0
6226; 10; 0; 0; 1; 1; 1; 0; 1; 0
6227; 13; 0; 0; 1; 1; 1; 0; 1; 0
6231; 36; 0; 0; 0,995898355464745; 0,995898355464745; 1; 0; 1; 0
6236; 36; 0; 0; 1; 1; 1; 0; 1; 0
6240; 2; 0; 0; 0,999986622122603; 0,999986622122603; 1; 0; 1; 0
6243; 13; 0; 0; 1; 1; 1; 0; 1; 0
6245; 5; 0; 0; 1; 1; 1; 0; 1; 0
6246; 2; 0; 0; 1; 1; 1; 0; 1; 0
6247; 13; 0; 0; 1; 1; 1; 0; 1; 0
6257; 13; 0; 0; 0,999408972507069; 0,999408972507069; 1; 0; 1; 0
6280; 21; 0; 0; 1; 1; 1; 0; 1; 0
6283; 2; 0; 0; 1; 1; 1; 0; 1; 0
6286; 2; 0; 0; 0,996246627885957; 0,996246627885957; 1; 0; 1; 0
6288; 2; 0; 0; 1; 1; 1; 0; 1; 0
6295; 2; 0; 0; 1; 1; 1; 0; 1; 0
6305; 2; 0; 0; 0,99846590493347; 0,99846590493347; 1; 0; 1; 0
6307; 2; 0; 0; 0,91244344721051; 0,91244344721051; 1; 0; 1; 0
6318; 10; 0; 0; 1; 1; 1; 0; 1; 0
6323; 2; 0; 0; 1; 1; 1; 0; 1; 0
6327; 13; 0; 0; 1; 1; 1; 0; 1; 0
6334; 2; 0; 0; 1; 1; 1; 0; 1; 0
6341; 20; 0; 0; 1; 1; 1; 0; 1; 0
6343; 20; 0; 0; 1; 1; 1; 0; 1; 0
6344; 10; 0; 0; 0,999931418010208; 0,999931418010208; 1; 0; 1; 0
6346; 20; 0; 0; 0,986954967267822; 0,986954967267822; 1; 0; 1; 0
6370; 2; 0; 0; 1; 1; 1; 0; 1; 0
6373; 10; 0; 0; 1; 1; 1; 0; 1; 0
6379; 21; 0; 0; 1; 1; 1; 0; 1; 0
6381; 3; 2; 0; 0,631510907797413; 0,327437110719924; 1; 0; 1; 0
6389; 20; 0; 0; 0,999561522354056; 0,999561522354056; 1; 0; 1; 0
6398; 2; 1; 0; 0,893212345604933; 0,106787654395067; 1; 0; 1; 0
6408; 120; 0; 0; 1; 1; 1; 0; 1; 0
6419; 4; 0; 0; 1; 1; 1; 0; 1; 0
6444; 14; 0; 0; 0,999464966127562; 0,999464966127562; 1; 0; 1; 0
6460; 24; 0; 0; 1; 1; 1; 0; 1; 0
6472; 19; 0; 0; 1; 1; 1; 0; 1; 0
6493; 20; 0; 0; 1; 1; 1; 0; 1; 0
6495; 2; 0; 0; 1; 1; 1; 0; 1; 0
6503; 26; 0; 0; 1; 1; 1; 0; 1; 0
6507; 20; 0; 0; 1; 1; 1; 0; 1; 0
6511; 36; 0; 0; 0,998625586020503; 0,998625586020503; 1; 0; 1; 0
6515; 2; 0; 0; 1; 1; 1; 0; 1; 0
6527; 2; 0; 0; 1; 1; 1; 0; 1; 0
6534; 19; 0; 0; 1; 1; 1; 0; 1; 0
6559; 2; 0; 0; 1; 1; 1; 0; 1; 0
6577; 20; 0; 0; 1; 1; 1; 0; 1; 0
6594; 10; 0; 0; 1; 1; 1; 0; 1; 0
6637; 17; 0; 0; 1; 1; 1; 0; 1; 0
6646; 21; 0; 0; 1; 1; 1; 0; 1; 0
6672; 2; 0; 0; 0,970722125774493; 0,970722125774493; 1; 0; 1; 0
6675; 42; 0; 0; 0,984754766291348; 0,984754766291348; 1; 0; 1; 0
6676; 4; 0; 0; 0,973803986105354; 0,973803986105354; 1; 0; 1; 0
6678; 200; 0; 0; 0,999791060867138; 0,999791060867138; 1; 0; 1; 0
6692; 2; 0; 0; 0,994072181657952; 0,994072181657952; 1; 0; 1; 0
6698; 22; 0; 0; 1; 1; 1; 0; 1; 0
6718; 10; 0; 0; 1; 1; 1; 0; 1; 0
6722; 19; 0; 0; 1; 1; 1; 0; 1; 0
6727; 10; 0; 0; 1; 1; 1; 0; 1; 0
6732; 10; 0; 0; 1; 1; 1; 0; 1; 0
6739; 14; 0; 0; 0,964403055294347; 0,964403055294347; 1; 0; 1; 0
6747; 10; 0; 0; 0,999316713645959; 0,999316713645959; 1; 0; 1; 0
6752; 10; 0; 0; 1; 1; 1; 0; 1; 0
6753; 10; 0; 0; 1; 1; 1; 0; 1; 0
6757; 3; 0; 0; 1; 1; 1; 0; 1; 0
6767; 18; 0; 0; 1; 1; 1; 0; 1; 0
6772; 2; 0; 0; 0,999881809582695; 0,999881809582695; 1; 0; 1; 0
6774; 10; 0; 0; 1; 1; 1; 0; 1; 0
6783; 13; 0; 0; 1; 1; 1; 0; 1; 0
6826; 100; 0; 0; 1; 1; 1; 0; 1; 0
6831; 10; 0; 0; 1; 1; 1; 0; 1; 0
6836; 2; 0; 0; 1; 1; 1; 0; 1; 0
6837; 18; 0; 0; 1; 1; 1; 0; 1; 0
6867; 2; 0; 0; 0,985505648246224; 0,985505648246224; 1; 0; 1; 0
6871; 10; 0; 0; 1; 1; 1; 0; 1; 0
6877; 10; 0; 0; 0,999680734984274; 0,999680734984274; 1; 0; 1; 0
6878; 19; 0; 0; 1; 1; 1; 0; 1; 0
6889; 10; 0; 0; 0,999788296090699; 0,999788296090699; 1; 0; 1; 0
6900; 3; 2; 0; 0,717023235333082; 0,200100095484461; 1; 0; 1; 0
6907; 20; 0; 0; 1; 1; 1; 0; 1; 0
6909; 20; 0; 0; 1; 1; 1; 0; 1; 0
6912; 19; 0; 0; 1; 1; 1; 0; 1; 0
6916; 10; 0; 0; 1; 1; 1; 0; 1; 0
6920; 24; 0; 0; 1; 1; 1; 0; 1; 0
6923; 20; 0; 0; 1; 1; 1; 0; 1; 0
6931; 18; 0; 0; 1; 1; 1; 0; 1; 0
6936; 20; 0; 0; 0,901224990543741; 0,901224990543741; 1; 0; 1; 0
6947; 10; 0; 0; 0,93907426748725; 0,93907426748725; 1; 0; 1; 0
6961; 2; 0; 0; 1; 1; 1; 0; 1; 0
6963; 21; 0; 0; 0,994496107396193; 0,994496107396193; 1; 0; 1; 0
6966; 21; 0; 0; 1; 1; 1; 0; 1; 0
6967; 15; 0; 0; 1; 1; 1; 0; 1; 0
6970; 13; 0; 0; 1; 1; 1; 0; 1; 0
6976; 2; 0; 0; 1; 1; 1; 0; 1; 0
6989; 21; 0; 0; 1; 1; 1; 0; 1; 0
6990; 2; 0; 1; 0,95445030234312; 0,0455496976568797; 0; 0; 0,427853418956402; 0,572146581043598
7019; 19; 0; 0; 1; 1; 1; 0; 1; 0
7034; 2; 0; 0; 0,980450867718834; 0,980450867718834; 1; 0; 1; 0
7039; 19; 0; 0; 1; 1; 1; 0; 1; 0
7040; 18; 0; 0; 1; 1; 1; 0; 1; 0
7046; 10; 0; 0; 0,994346076020618; 0,994346076020618; 1; 0; 1; 0
7047; 2; 0; 0; 0,782891072657508; 0,782891072657508; 1; 0; 1; 0
7049; 10; 0; 0; 1; 1; 1; 0; 1; 0
7050; 25; 0; 0; 1; 1; 1; 0; 1; 0
7059; 21; 0; 0; 0,997116497968192; 0,997116497968192; 1; 0; 1; 0
7068; 2; 0; 0; 1; 1; 1; 0; 1; 0
7075; 170; 0; 0; 1; 1; 1; 0; 1; 0
7090; 2; 1; 1; 0,675733338575251; 0,675733338575251; 0; 1; 0; 1
7092; 13; 0; 0; 1; 1; 1; 0; 1; 0
7095; 10; 0; 0; 1; 1; 1; 0; 1; 0
7096; 2; 0; 0; 1; 1; 1; 0; 1; 0
7100; 2; 0; 0; 1; 1; 1; 0; 1; 0
7104; 24; 0; 0; 1; 1; 1; 0; 1; 0
7106; 3; 0; 0; 1; 1; 1; 0; 1; 0
7111; 10; 0; 0; 0,990321074466511; 0,990321074466511; 1; 0; 1; 0
7114; 3; 0; 0; 1; 1; 1; 0; 1; 0
7128; 2; 0; 0; 1; 1; 1; 0; 1; 0
7130; 18; 0; 0; 0,930213493894247; 0,930213493894247; 1; 0; 1; 0
7141; 20; 0; 0; 1; 1; 1; 0; 1; 0
7143; 2; 0; 1; 0,926799410733712; 0,0732005892662885; 0; 0; 0,500369451615935; 0,499630548384065
7151; 19; 0; 0; 1; 1; 1; 0; 1; 0
7152; 2; 0; 0; 1; 1; 1; 0; 1; 0
7158; 2; 0; 0; 0,94733302553185; 0,94733302553185; 1; 0; 1; 0
7163; 32; 0; 0; 0,998780629751598; 0,998780629751598; 1; 0; 1; 0
7168; 10; 0; 0; 1; 1; 1; 0; 1; 0
7175; 18; 0; 0; 1; 1; 1; 0; 1; 0
7182; 16; 0; 0; 0,999983976859835; 0,999983976859835; 1; 0; 1; 0
7186; 2; 0; 0; 1; 1; 1; 0; 1; 0
7196; 24; 0; 0; 1; 1; 1; 0; 1; 0
7211; 13; 0; 0; 1; 1; 1; 0; 1; 0
7213; 13; 0; 0; 1; 1; 1; 0; 1; 0
7218; 3; 1; 1; 1; 1; 0; 0; 0,375384136868645; 0,624615863131356
7248; 21; 0; 0; 1; 1; 1; 0; 1; 0
7262; 20; 0; 0; 0,986996063691621; 0,986996063691621; 1; 0; 1; 0
7265; 10; 0; 0; 0,999484877726856; 0,999484877726856; 1; 0; 1; 0
7278; 20; 0; 0; 1; 1; 1; 0; 1; 0
7279; 12; 0; 0; 1; 1; 1; 0; 1; 0
7280; 21; 0; 0; 1; 1; 1; 0; 1; 0
7283; 2; 0; 0; 1; 1; 1; 0; 1; 0
7287; 2; 0; 0; 1; 1; 1; 0; 1; 0
7303; 10; 0; 0; 0,999926053779109; 0,999926053779109; 1; 0; 1; 0
7318; 4; 0; 0; 0,995546046740507; 0,995546046740507; 1; 0; 1; 0
7332; 19; 0; 0; 1; 1; 1; 0; 1; 0
7334; 10; 0; 0; 1; 1; 1; 0; 1; 0
7335; 36; 0; 0; 0,999889063442801; 0,999889063442801; 1; 0; 1; 0
7336; 15; 0; 0; 1; 1; 1; 0; 1; 0
7337; 22; 0; 0; 1; 1; 1; 0; 1; 0
7344; 10; 0; 0; 1; 1; 1; 0; 1; 0
7345; 21; 0; 0; 0,999250934260591; 0,999250934260591; 1; 0; 1; 0
7348; 2; 0; 0; 0,999806254444078; 0,999806254444078; 1; 0; 1; 0
7352; 21; 0; 0; 0,992998805064267; 0,992998805064267; 1; 0; 1; 0
7359; 36; 0; 0; 1; 1; 1; 0; 1; 0
7366; 2; 0; 0; 1; 1; 1; 0; 1; 0
7370; 10; 0; 0; 1; 1; 1; 0; 1; 0
7371; 19; 0; 0; 1; 1; 1; 0; 1; 0
7380; 2; 0; 0; 0,522698992615809; 0,522698992615809; 1; 0; 1; 0
7397; 2; 0; 0; 1; 1; 1; 0; 1; 0
7418; 26; 0; 0; 1; 1; 1; 0; 1; 0
7437; 19; 0; 0; 1; 1; 1; 0; 1; 0
7442; 19; 0; 0; 1; 1; 1; 0; 1; 0
7471; 20; 0; 0; 1; 1; 1; 0; 1; 0
7475; 20; 0; 0; 1; 1; 1; 0; 1; 0
7476; 20; 0; 0; 1; 1; 1; 0; 1; 0
7478; 10; 0; 0; 1; 1; 1; 0; 1; 0
7483; 2; 0; 0; 1; 1; 1; 0; 1; 0
7488; 18; 0; 0; 0,668286355217978; 0,668286355217978; 1; 0; 1; 0
7489; 10; 0; 0; 1; 1; 1; 0; 1; 0
7492; 2; 0; 0; 1; 1; 1; 0; 1; 0
7495; 10; 0; 0; 1; 1; 1; 0; 1; 0
7497; 21; 0; 0; 0,999288869040098; 0,999288869040098; 1; 0; 1; 0
7502; 16; 0; 0; 1; 1; 1; 0; 1; 0
7520; 16; 0; 0; 0,988598094878413; 0,988598094878413; 1; 0; 1; 0
7522; 2; 0; 1; 1; 0; 0; 0; 0,334527279994034; 0,665472720005966
7533; 10; 0; 0; 0,949419081543385; 0,949419081543385; 1; 0; 1; 0
7540; 24; 0; 0; 1; 1; 1; 0; 1; 0
7552; 18; 0; 0; 1; 1; 1; 0; 1; 0
7557; 10; 0; 0; 1; 1; 1; 0; 1; 0
7571; 20; 0; 0; 1; 1; 1; 0; 1; 0
7576; 10; 0; 0; 1; 1; 1; 0; 1; 0
7578; 20; 0; 0; 1; 1; 1; 0; 1; 0
7580; 10; 0; 0; 1; 1; 1; 0; 1; 0
7584; 20; 0; 0; 1; 1; 1; 0; 1; 0
7590; 24; 0; 0; 1; 1; 1; 0; 1; 0
7605; 2; 0; 0; 0,836281802808555; 0,836281802808555; 1; 0; 1; 0
7614; 16; 0; 0; 0,981305569848548; 0,981305569848548; 1; 0; 1; 0
7615; 2; 0; 0; 0,993408859298614; 0,993408859298614; 1; 0; 1; 0
7625; 10; 0; 0; 1; 1; 1; 0; 1; 0
7634; 17; 0; 0; 1; 1; 1; 0; 1; 0
7646; 5; 0; 0; 1; 1; 1; 0; 1; 0
7649; 17; 0; 0; 1; 1; 1; 0; 1; 0
7650; 24; 0; 0; 0,805574648237939; 0,805574648237939; 1; 0; 1; 0
7651; 10; 0; 0; 1; 1; 1; 0; 1; 0
7657; 13; 0; 0; 1; 1; 1; 0; 1; 0
7662; 4; 0; 0; 1; 1; 1; 0; 1; 0
7668; 15; 0; 0; 1; 1; 1; 0; 1; 0
7680; 2; 0; 0; 1; 1; 1; 0; 1; 0
7684; 20; 0; 0; 1; 1; 1; 0; 1; 0
7689; 2; 0; 0; 1; 1; 1; 0; 1; 0
7692; 130; 0; 0; 1; 1; 1; 0; 1; 0
7701; 19; 0; 0; 1; 1; 1; 0; 1; 0
7703; 2; 0; 1; 1; 0; 0; 0; 0,500541875860553; 0,499458124139447
7714; 2; 0; 0; 0,999906674144041; 0,999906674144041; 1; 0; 1; 0
7720; 2; 0; 0; 1; 1; 1; 0; 1; 0
7738; 10; 0; 0; 0,999998640959352; 0,999998640959352; 1; 0; 1; 0
7739; 60; 0; 0; 0,967648018127108; 0,967648018127108; 1; 0; 1; 0
7748; 2; 0; 0; 0,984770867576584; 0,984770867576584; 1; 0; 1; 0
7752; 15; 0; 0; 1; 1; 1; 0; 1; 0
7766; 14; 0; 0; 0,993597655360132; 0,993597655360132; 1; 0; 1; 0
7784; 2; 0; 0; 1; 1; 1; 0; 1; 0
7787; 14; 0; 0; 0,999748559965961; 0,999748559965961; 1; 0; 1; 0
7790; 19; 0; 0; 1; 1; 1; 0; 1; 0
7798; 12; 0; 0; 1; 1; 1; 0; 1; 0
7803; 16; 0; 0; 0,999610320317775; 0,999610320317775; 1; 0; 1; 0
7812; 19; 0; 0; 1; 1; 1; 0; 1; 0
7820; 21; 0; 0; 0,998424078885238; 0,998424078885238; 1; 0; 1; 0
7841; 2; 0; 1; 0,70486497383857; 0,29513502616143; 0; 0; 0,166844929235057; 0,833155070764943
7843; 19; 0; 0; 1; 1; 1; 0; 1; 0
7845; 10; 0; 0; 1; 1; 1; 0; 1; 0
7861; 10; 0; 0; 0,999754443622495; 0,999754443622495; 1; 0; 1; 0
7870; 20; 0; 0; 1; 1; 1; 0; 1; 0
7886; 2; 0; 0; 1; 1; 1; 0; 1; 0
7891; 21; 0; 0; 1; 1; 1; 0; 1; 0
7904; 20; 0; 0; 1; 1; 1; 0; 1; 0
7921; 13; 0; 0; 1; 1; 1; 0; 1; 0
7935; 10; 0; 0; 0,718761412605307; 0,718761412605307; 1; 0; 1; 0
7937; 21; 0; 0; 0,999418771743192; 0,999418771743192; 1; 0; 1; 0
7939; 3; 1; 0; 0,56129424227584; 0; 1; 0; 1; 0
7974; 16; 0; 0; 1; 1; 1; 0; 1; 0
7983; 10; 0; 0; 0,988354615232195; 0,988354615232195; 1; 0; 1; 0
7994; 24; 0; 0; 1; 1; 1; 0; 1; 0
8002; 24; 0; 0; 1; 1; 1; 0; 1; 0
8007; 13; 0; 0; 1; 1; 1; 0; 1; 0
8013; 10; 0; 0; 0,715061269442877; 0,715061269442877; 1; 0; 1; 0
8018; 32; 0; 0; 0,917690405192733; 0,917690405192733; 1; 0; 1; 0
8037; 16; 0; 0; 0,998374594508794; 0,998374594508794; 1; 0; 1; 0
8041; 19; 0; 0; 1; 1; 1; 0; 1; 0
8045; 2; 0; 0; 1; 1; 1; 0; 1; 0
8047; 21; 0; 0; 0,997390225570294; 0,997390225570294; 1; 0; 1; 0
8050; 21; 0; 0; 0,996796704990248; 0,996796704990248; 1; 0; 1; 0
8072; 17; 0; 0; 1; 1; 1; 0; 1; 0
8084; 15; 0; 0; 1; 1; 1; 0; 1; 0
8096; 2; 0; 0; 1; 1; 1; 0; 1; 0
8116; 2; 0; 0; 0,996145494085528; 0,996145494085528; 1; 0; 1; 0
8130; 5; 0; 0; 1; 1; 1; 0; 1; 0
8136; 10; 0; 0; 0,99999780826493; 0,99999780826493; 1; 0; 1; 0
8139; 2; 0; 0; 0,9949867649249; 0,9949867649249; 1; 0; 1; 0
8151; 16; 0; 0; 0,989195209575229; 0,989195209575229; 1; 0; 1; 0
8156; 10; 0; 0; 1; 1; 1; 0; 1; 0
8163; 18; 0; 0; 0,998903321773505; 0,998903321773505; 1; 0; 1; 0
8197; 34; 0; 1; 1; 0; 0; 0; 0,499812397639109; 0,500187602360891
8214; 20; 0; 0; 1; 1; 1; 0; 1; 0
8215; 19; 0; 0; 1; 1; 1; 0; 1; 0
8217; 10; 1; 2; 0,727581977505132; 0; 0; 0; 0,3340232507444; 0,6659767492556
8227; 2; 0; 0; 0,986200639765308; 0,986200639765308; 1; 0; 1; 0
8230; 10; 0; 0; 1; 1; 1; 0; 1; 0
8242; 2; 0; 0; 1; 1; 1; 0; 1; 0
8249; 20; 0; 0; 1; 1; 1; 0; 1; 0
8253; 2; 0; 0; 1; 1; 1; 0; 1; 0
8273; 10; 0; 0; 0,767326523085184; 0,767326523085184; 1; 0; 1; 0
8275; 24; 0; 0; 0,999999656318892; 0,999999656318892; 1; 0; 1; 0
8286; 2; 0; 0; 0,993594565617521; 0,993594565617521; 1; 0; 1; 0
8290; 60; 0; 0; 0,9891201538881; 0,9891201538881; 1; 0; 1; 0
8291; 2; 0; 0; 1; 1; 1; 0; 1; 0
8308; 24; 0; 0; 0,999999649401269; 0,999999649401269; 1; 0; 1; 0
8326; 2; 1; 0; 0,807950078036509; 0,192049921963491; 1; 0; 1; 0
8336; 2; 0; 0; 1; 1; 1; 0; 1; 0
8347; 2; 0; 0; 1; 1; 1; 0; 1; 0
8359; 21; 0; 0; 0,999888215076257; 0,999888215076257; 1; 0; 1; 0
8362; 2; 0; 0; 0,797229736872614; 0,797229736872614; 1; 0; 1; 0
8375; 20; 0; 0; 1; 1; 1; 0; 1; 0
8389; 2; 1; 1; 1; 1; 0; 1; 0; 1
8400; 2; 0; 0; 1; 1; 1; 0; 1; 0
8403; 2; 0; 0; 1; 1; 1; 0; 1; 0
8413; 10; 0; 0; 1; 1; 1; 0; 1; 0
8419; 2; 0; 0; 1; 1; 1; 0; 1; 0
8431; 3; 0; 0; 1; 1; 1; 0; 1; 0
8436; 18; 0; 0; 1; 1; 1; 0; 1; 0
8441; 21; 0; 0; 1; 1; 1; 0; 1; 0
8446; 20; 0; 0; 1; 1; 1; 0; 1; 0
8448; 13; 0; 0; 1; 1; 1; 0; 1; 0
8451; 10; 2; 0; 0,42627801203325; 0,218468030056037; 1; 0; 1; 0
8452; 2; 0; 0; 1; 1; 1; 0; 1; 0
8456; 2; 0; 0; 1; 1; 1; 0; 1; 0
8462; 2; 0; 0; 1; 1; 1; 0; 1; 0
8463; 2; 0; 0; 1; 1; 1; 0; 1; 0
8489; 10; 0; 0; 1; 1; 1; 0; 1; 0
8496; 2; 0; 0; 1; 1; 1; 0; 1; 0
8508; 17; 0; 0; 1; 1; 1; 0; 1; 0
8518; 24; 0; 0; 0,999913031688322; 0,999913031688322; 1; 0; 1; 0
8530; 21; 0; 0; 0,998668366014141; 0,998668366014141; 1; 0; 1; 0
8533; 50; 0; 0; 1; 1; 1; 0; 1; 0
8540; 20; 0; 0; 1; 1; 1; 0; 1; 0
8565; 340; 0; 0; 1; 1; 1; 0; 1; 0
8568; 2; 0; 0; 1; 1; 1; 0; 1; 0
8596; 10; 0; 0; 1; 1; 1; 0; 1; 0
8599; 3; 0; 0; 1; 1; 1; 0; 1; 0
8600; 20; 0; 0; 0,97354143202568; 0,97354143202568; 1; 0; 1; 0
8605; 19; 0; 0; 1; 1; 1; 0; 1; 0
8606; 2; 1; 0; 0,766371957666989; 0,233628042333011; 1; 0; 1; 0
8614; 10; 0; 0; 1; 1; 1; 0; 1; 0
8620; 2; 0; 0; 0,998904711213977; 0,998904711213977; 1; 0; 1; 0
8627; 10; 0; 0; 1; 1; 1; 0; 1; 0
8637; 2; 0; 0; 1; 1; 1; 0; 1; 0
8641; 13; 0; 0; 1; 1; 1; 0; 1; 0
8642; 2; 0; 0; 1; 1; 1; 0; 1; 0
8650; 20; 0; 0; 1; 1; 1; 0; 1; 0
8655; 2; 0; 0; 1; 1; 1; 0; 1; 0
8661; 13; 0; 0; 1; 1; 1; 0; 1; 0
8674; 21; 0; 0; 0,992889393005608; 0,992889393005608; 1; 0; 1; 0
8680; 2; 0; 0; 0,988174384099403; 0,988174384099403; 1; 0; 1; 0
8691; 19; 0; 0; 1; 1; 1; 0; 1; 0
8694; 10; 0; 0; 1; 1; 1; 0; 1; 0
8703; 10; 0; 0; 1; 1; 1; 0; 1; 0
8707; 10; 0; 0; 0,996425903579694; 0,996425903579694; 1; 0; 1; 0
8713; 2; 0; 0; 1; 1; 1; 0; 1; 0
8737; 20; 0; 0; 1; 1; 1; 0; 1; 0
8762; 12; 0; 0; 1; 1; 1; 0; 1; 0
8771; 13; 0; 0; 1; 1; 1; 0; 1; 0
8772; 10; 0; 0; 1; 1; 1; 0; 1; 0
8796; 3; 2; 2; 0,534561423327688; 0,534561423327688; 0; 0; 0,250797086646323; 0,749202913353677
8801; 17; 0; 0; 1; 1; 1; 0; 1; 0
8802; 10; 1; 2; 0,737103745430406; 0; 0; 0; 0,142183494865268; 0,857816505134732
8803; 10; 0; 0; 0,999998835694874; 0,999998835694874; 1; 0; 1; 0
8804; 200; 0; 0; 1; 1; 1; 0; 1; 0
8810; 10; 0; 0; 1; 1; 1; 0; 1; 0
8815; 10; 0; 0; 0,999998646340273; 0,999998646340273; 1; 0; 1; 0
8822; 14; 0; 0; 0,999910579516083; 0,999910579516083; 1; 0; 1; 0
8824; 20; 0; 0; 1; 1; 1; 0; 1; 0
8831; 20; 0; 0; 1; 1; 1; 0; 1; 0
8842; 21; 0; 0; 0,996495704726265; 0,996495704726265; 1; 0; 1; 0
8850; 24; 0; 0; 1; 1; 1; 0; 1; 0
8856; 13; 0; 0; 1; 1; 1; 0; 1; 0
8865; 20; 0; 0; 1; 1; 1; 0; 1; 0
8886; 2; 0; 0; 1; 1; 1; 0; 1; 0
8895; 16; 0; 0; 1; 1; 1; 0; 1; 0
8903; 13; 0; 0; 1; 1; 1; 0; 1; 0
8904; 26; 0; 0; 1; 1; 1; 0; 1; 0
8909; 10; 0; 0; 1; 1; 1; 0; 1; 0
8921; 13; 0; 0; 1; 1; 1; 0; 1; 0
8922; 2; 0; 0; 1; 1; 1; 0; 1; 0
8926; 2; 0; 0; 1; 1; 1; 0; 1; 0
8935; 20; 0; 0; 1; 1; 1; 0; 1; 0
8936; 18; 0; 0; 1; 1; 1; 0; 1; 0
8948; 2; 0; 0; 1; 1; 1; 0; 1; 0
8949; 2; 0; 0; 1; 1; 1; 0; 1; 0
8956; 2; 0; 0; 0,999928871716067; 0,999928871716067; 1; 0; 1; 0
8962; 18; 0; 0; 1; 1; 1; 0; 1; 0
8965; 3; 1; 1; 1; 1; 0; 0; 0,375384136868645; 0,624615863131356
8975; 20; 0; 0; 1; 1; 1; 0; 1; 0
8976; 19; 0; 0; 1; 1; 1; 0; 1; 0
8978; 2; 1; 0; 0,79357256055185; 0,20642743944815; 1; 0; 1; 0
8980; 21; 0; 0; 0,997209629500269; 0,997209629500269; 1; 0; 1; 0
8982; 10; 0; 0; 1; 1; 1; 0; 1; 0
9005; 10; 0; 0; 1; 1; 1; 0; 1; 0
9010; 12; 0; 0; 1; 1; 1; 0; 1; 0
9021; 20; 0; 0; 1; 1; 1; 0; 1; 0
9040; 2; 0; 1; 0,92581169868224; 0,0741883013177597; 0; 0; 0,334527279994034; 0,665472720005966
9043; 20; 0; 0; 1; 1; 1; 0; 1; 0
9044; 2; 0; 0; 0,982858333885692; 0,982858333885692; 1; 0; 1; 0
9060; 21; 0; 0; 1; 1; 1; 0; 1; 0
9076; 25; 0; 0; 1; 1; 1; 0; 1; 0
9085; 10; 0; 0; 1; 1; 1; 0; 1; 0
9089; 2; 0; 0; 1; 1; 1; 0; 1; 0
9091; 5; 0; 0; 1; 1; 1; 0; 1; 0
9133; 10; 0; 0; 0,999999138091811; 0,999999138091811; 1; 0; 1; 0
9140; 2; 0; 0; 0,99999691752834; 0,99999691752834; 1; 0; 1; 0
9161; 2; 0; 0; 0,999998159814634; 0,999998159814634; 1; 0; 1; 0
9173; 10; 0; 0; 1; 1; 1; 0; 1; 0
9178; 10; 0; 0; 1; 1; 1; 0; 1; 0
9180; 20; 0; 0; 1; 1; 1; 0; 1; 0
9185; 40; 0; 0; 1; 1; 1; 0; 1; 0
9188; 2; 0; 1; 0,548998024895257; 0,451001975104743; 0; 0; 0,555307101492108; 0,444692898507892
9192; 15; 0; 0; 1; 1; 1; 0; 1; 0
9203; 10; 0; 0; 1; 1; 1; 0; 1; 0
9205; 2; 0; 0; 1; 1; 1; 0; 1; 0
9208; 20; 0; 0; 1; 1; 1; 0; 1; 0
9213; 2; 0; 0; 1; 1; 1; 0; 1; 0
9220; 20; 0; 0; 1; 1; 1; 0; 1; 0
9229; 18; 0; 0; 1; 1; 1; 0; 1; 0
9253; 2; 0; 1; 0,806613562587615; 0,193386437412385; 0; 0; 0,500296553284424; 0,499703446715576
9258; 21; 0; 0; 0,999652550314975; 0,999652550314975; 1; 0; 1; 0
9260; 20; 0; 0; 1; 1; 1; 0; 1; 0
9262; 10; 0; 0; 1; 1; 1; 0; 1; 0
9275; 34; 0; 0; 1; 1; 1; 0; 1; 0
9279; 3; 0; 0; 1; 1; 1; 0; 1; 0
9280; 19; 0; 0; 1; 1; 1; 0; 1; 0
9285; 2; 0; 0; 1; 1; 1; 0; 1; 0
9313; 13; 0; 0; 1; 1; 1; 0; 1; 0
9314; 2; 0; 0; 1; 1; 1; 0; 1; 0
9331; 15; 0; 0; 1; 1; 1; 0; 1; 0
9345; 2; 0; 0; 1; 1; 1; 0; 1; 0
9355; 10; 0; 0; 1; 1; 1; 0; 1; 0
9364; 54; 0; 0; 1; 1; 1; 0; 1; 0
9378; 2; 0; 0; 1; 1; 1; 0; 1; 0
9381; 17; 0; 0; 1; 1; 1; 0; 1; 0
9394; 2; 0; 0; 0,992992578013424; 0,992992578013424; 1; 0; 1; 0
9403; 13; 0; 0; 1; 1; 1; 0; 1; 0
9410; 24; 0; 0; 1; 1; 1; 0; 1; 0
9421; 15; 0; 0; 1; 1; 1; 0; 1; 0
9423; 2; 0; 0; 1; 1; 1; 0; 1; 0
9440; 2; 0; 0; 1; 1; 1; 0; 1; 0
9455; 10; 0; 0; 1; 1; 1; 0; 1; 0
9456; 26; 0; 0; 0,993805124308736; 0,993805124308736; 1; 0; 1; 0
9462; 3; 1; 2; 0,568577627629682; 0,266579877609102; 0; 0; 0,143805721779382; 0,856194278220618
9464; 3; 0; 0; 1; 1; 1; 0; 1; 0
9468; 2; 0; 0; 1; 1; 1; 0; 1; 0
9472; 2; 0; 0; 1; 1; 1; 0; 1; 0
9477; 10; 0; 0; 1; 1; 1; 0; 1; 0
9490; 10; 0; 0; 1; 1; 1; 0; 1; 0
9495; 13; 0; 0; 1; 1; 1; 0; 1; 0
9509; 10; 0; 0; 1; 1; 1; 0; 1; 0
9519; 10; 0; 0; 1; 1; 1; 0; 1; 0
9522; 3; 0; 0; 0,471759571639404; 0,471759571639404; 1; 0; 1; 0
9529; 24; 0; 0; 0,999402535317156; 0,999402535317156; 1; 0; 1; 0
9533; 170; 0; 0; 1; 1; 1; 0; 1; 0
9550; 2; 0; 0; 0,999973791052028; 0,999973791052028; 1; 0; 1; 0
9554; 10; 0; 0; 0,999914774261555; 0,999914774261555; 1; 0; 1; 0
9560; 2; 0; 0; 1; 1; 1; 0; 1; 0
9569; 10; 0; 0; 0,985933680981943; 0,985933680981943; 1; 0; 1; 0
9593; 10; 0; 0; 1; 1; 1; 0; 1; 0
9594; 15; 0; 0; 1; 1; 1; 0; 1; 0
9619; 13; 0; 0; 1; 1; 1; 0; 1; 0
9631; 21; 0; 0; 0,99829004868142; 0,99829004868142; 1; 0; 1; 0
9636; 3; 0; 0; 1; 1; 1; 0; 1; 0
9653; 2; 0; 0; 0,999978344893072; 0,999978344893072; 1; 0; 1; 0
9657; 10; 0; 0; 1; 1; 1; 0; 1; 0
9662; 2; 1; 1; 0,796798908416811; 0,796798908416811; 0; 0; 0,427455470223897; 0,572544529776103
9669; 10; 0; 0; 1; 1; 1; 0; 1; 0
9671; 38; 0; 0; 1; 1; 1; 0; 1; 0
9726; 20; 0; 0; 1; 1; 1; 0; 1; 0
9762; 21; 0; 0; 1; 1; 1; 0; 1; 0
9773; 2; 0; 0; 1; 1; 1; 0; 1; 0
9774; 2; 0; 0; 1; 1; 1; 0; 1; 0
9777; 2; 0; 0; 1; 1; 1; 0; 1; 0
9787; 10; 0; 0; 1; 1; 1; 0; 1; 0
9798; 3; 0; 0; 1; 1; 1; 0; 1; 0
9802; 40; 0; 0; 1; 1; 1; 0; 1; 0
9808; 2; 0; 0; 1; 1; 1; 0; 1; 0
9813; 2; 0; 0; 0,997301666508032; 0,997301666508032; 1; 0; 1; 0
9826; 10; 0; 0; 1; 1; 1; 0; 1; 0
9834; 2; 0; 0; 1; 1; 1; 0; 1; 0
9841; 2; 1; 0; 0,916194324928518; 0,0838056750714816; 1; 0; 1; 0
9842; 2; 0; 0; 1; 1; 1; 0; 1; 0
9848; 2; 0; 0; 1; 1; 1; 0; 1; 0
9881; 10; 0; 0; 1; 1; 1; 0; 1; 0
9895; 16; 0; 0; 0,99965774228172; 0,99965774228172; 1; 0; 1; 0
9907; 10; 0; 0; 1; 1; 1; 0; 1; 0
9913; 19; 0; 0; 1; 1; 1; 0; 1; 0
9918; 18; 0; 0; 1; 1; 1; 0; 1; 0
9920; 2; 0; 0; 1; 1; 1; 0; 1; 0
9923; 10; 0; 0; 1; 1; 1; 0; 1; 0
9928; 13; 0; 0; 1; 1; 1; 0; 1; 0
9933; 24; 0; 0; 1; 1; 1; 0; 1; 0
9935; 13; 0; 0; 1; 1; 1; 0; 1; 0
9940; 2; 0; 0; 0,993695130241058; 0,993695130241058; 1; 0; 1; 0
9947; 2; 0; 0; 1; 1; 1; 0; 1; 0
9948; 2; 0; 0; 1; 1; 1; 0; 1; 0
9957; 21; 0; 0; 1; 1; 1; 0; 1; 0
9959; 2; 0; 0; 0,997356897345144; 0,997356897345144; 1; 0; 1; 0
9960; 20; 0; 0; 1; 1; 1; 0; 1; 0
9961; 19; 0; 0; 0,983346468473352; 0,983346468473352; 1; 0; 1; 0
9962; 2; 0; 0; 0,997278749342546; 0,997278749342546; 1; 0; 1; 0
9965; 170; 0; 0; 1; 1; 1; 0; 1; 0
9967; 12; 0; 0; 1; 1; 1; 0; 1; 0
9976; 10; 0; 0; 1; 1; 1; 0; 1; 0
9980; 10; 0; 0; 1; 1; 1; 0; 1; 0
9982; 2; 0; 0; 0,999792039088779; 0,999792039088779; 1; 0; 1; 0
9985; 10; 0; 0; 0,999986876650217; 0,999986876650217; 1; 0; 1; 0
10002; 2; 0; 0; 0,999919074588275; 0,999919074588275; 1; 0; 1; 0
10012; 18; 0; 0; 1; 1; 1; 0; 1; 0
10022; 2; 0; 0; 1; 1; 1; 0; 1; 0
10032; 17; 0; 0; 1; 1; 1; 0; 1; 0
10048; 10; 0; 0; 0,999687087214404; 0,999687087214404; 1; 0; 1; 0
10054; 24; 0; 0; 1; 1; 1; 0; 1; 0
10084; 2; 0; 0; 1; 1; 1; 0; 1; 0
10091; 21; 0; 0; 0,992274063698612; 0,992274063698612; 1; 0; 1; 0
10094; 2; 0; 0; 1; 1; 1; 0; 1; 0
10095; 5; 0; 0; 1; 1; 1; 0; 1; 0
10109; 10; 0; 0; 0,999999536602176; 0,999999536602176; 1; 0; 1; 0
10119; 13; 0; 0; 1; 1; 1; 0; 1; 0
10127; 16; 0; 0; 1; 1; 1; 0; 1; 0
10128; 3; 2; 2; 0,522652200730534; 0,522652200730534; 0; 0; 0,144126815453786; 0,855873184546214
10133; 10; 0; 0; 1; 1; 1; 0; 1; 0
10144; 2; 0; 0; 0,994349609548363; 0,994349609548363; 1; 0; 1; 0
10153; 3; 2; 0; 0,557789370635931; 0,421449064805161; 1; 0; 1; 0
10157; 10; 0; 0; 1; 1; 1; 0; 1; 0
10161; 15; 0; 0; 1; 1; 1; 0; 1; 0
10163; 3; 1; 0; 0,683714749417533; 0,0668769723211707; 1; 0; 1; 0
10172; 13; 0; 0; 1; 1; 1; 0; 1; 0
10187; 3; 0; 0; 1; 1; 1; 0; 1; 0
10193; 26; 0; 0; 0,994995739344104; 0,994995739344104; 1; 0; 1; 0
10199; 18; 0; 0; 1; 1; 1; 0; 1; 0
10200; 20; 0; 0; 0,964288212884782; 0,964288212884782; 1; 0; 1; 0
10203; 10; 0; 0; 1; 1; 1; 0; 1; 0
10206; 10; 0; 0; 1; 1; 1; 0; 1; 0
10209; 20; 0; 0; 1; 1; 1; 0; 1; 0
10210; 10; 0; 0; 1; 1; 1; 0; 1; 0
10216; 21; 0; 0; 0,998877432088461; 0,998877432088461; 1; 0; 1; 0
10227; 3; 1; 0; 0,533609277413632; 0,0399714517320795; 1; 0; 1; 0
10233; 2; 0; 0; 1; 1; 1; 0; 1; 0
10236; 10; 0; 0; 0,999884071552317; 0,999884071552317; 1; 0; 1; 0
10237; 2; 0; 0; 1; 1; 1; 0; 1; 0
10242; 2; 0; 0; 1; 1; 1; 0; 1; 0
10248; 20; 0; 0; 1; 1; 1; 0; 1; 0
10249; 10; 0; 0; 1; 1; 1; 0; 1; 0
10251; 10; 0; 0; 1; 1; 1; 0; 1; 0
10254; 20; 0; 0; 1; 1; 1; 0; 1; 0
10276; 12; 0; 0; 1; 1; 1; 0; 1; 0
10294; 2; 0; 0; 1; 1; 1; 0; 1; 0
10298; 15; 0; 0; 1; 1; 1; 0; 1; 0
10301; 42; 0; 0; 0,989836425614797; 0,989836425614797; 1; 0; 1; 0
10309; 2; 0; 0; 1; 1; 1; 0; 1; 0
10312; 200; 0; 0; 1; 1; 1; 0; 1; 0
10313; 21; 0; 0; 0,998899817561054; 0,998899817561054; 1; 0; 1; 0
10330; 2; 0; 0; 1; 1; 1; 0; 1; 0
10340; 10; 0; 0; 1; 1; 1; 0; 1; 0
10351; 15; 0; 0; 1; 1; 1; 0; 1; 0
10361; 2; 0; 0; 0,992311851764236; 0,992311851764236; 1; 0; 1; 0
10363; 10; 0; 0; 1; 1; 1; 0; 1; 0
10368; 2; 0; 0; 0,999966095567069; 0,999966095567069; 1; 0; 1; 0
10370; 10; 0; 0; 1; 1; 1; 0; 1; 0
10371; 2; 0; 0; 1; 1; 1; 0; 1; 0
10374; 18; 0; 0; 1; 1; 1; 0; 1; 0
10378; 190; 0; 0; 0,999158994110747; 0,999158994110747; 1; 0; 1; 0
10380; 2; 0; 0; 1; 1; 1; 0; 1; 0
10384; 21; 0; 0; 0,997544057327295; 0,997544057327295; 1; 0; 1; 0
10385; 3; 1; 1; 1; 1; 0; 0; 0,375384136868645; 0,624615863131356
10386; 2; 0; 0; 0,999632523363411; 0,999632523363411; 1; 0; 1; 0
10392; 2; 0; 0; 1; 1; 1; 0; 1; 0
10411; 40; 0; 0; 1; 1; 1; 0; 1; 0
10414; 51; 0; 0; 1; 1; 1; 0; 1; 0
10419; 2; 0; 0; 0,993392726757557; 0,993392726757557; 1; 0; 1; 0
10431; 21; 0; 0; 1; 1; 1; 0; 1; 0
10432; 20; 0; 0; 1; 1; 1; 0; 1; 0
10437; 13; 0; 0; 1; 1; 1; 0; 1; 0
10442; 20; 0; 0; 1; 1; 1; 0; 1; 0
10451; 21; 0; 0; 0,989851018023731; 0,989851018023731; 1; 0; 1; 0
10453; 10; 0; 0; 1; 1; 1; 0; 1; 0
10456; 13; 0; 0; 1; 1; 1; 0; 1; 0
10457; 20; 0; 0; 1; 1; 1; 0; 1; 0
10466; 20; 0; 0; 1; 1; 1; 0; 1; 0
10478; 360; 0; 0; 1; 1; 1; 0; 1; 0
10494; 10; 0; 0; 0,998621630873973; 0,998621630873973; 1; 0; 1; 0
10509; 2; 0; 0; 0,994996247571691; 0,994996247571691; 1; 0; 1; 0
10513; 2; 0; 0; 1; 1; 1; 0; 1; 0
10518; 18; 0; 0; 0,999902076051841; 0,999902076051841; 1; 0; 1; 0
10527; 19; 0; 0; 1; 1; 1; 0; 1; 0
10528; 10; 0; 0; 0,999699704907991; 0,999699704907991; 1; 0; 1; 0
10530; 2; 0; 0; 0,975248009929431; 0,975248009929431; 1; 0; 1; 0
10556; 18; 0; 0; 1; 1; 1; 0; 1; 0
10557; 10; 0; 0; 1; 1; 1; 0; 1; 0
10575; 21; 0; 0; 0,999152296860669; 0,999152296860669; 1; 0; 1; 0
10579; 13; 0; 0; 1; 1; 1; 0; 1; 0
10586; 19; 0; 0; 1; 1; 1; 0; 1; 0
10589; 2; 0; 1; 0,999644958240479; 0,000355041759520689; 0; 0; 0,333070228517351; 0,666929771482649
10613; 13; 0; 0; 1; 1; 1; 0; 1; 0
10618; 21; 0; 0; 0,998720283743914; 0,998720283743914; 1; 0; 1; 0
10619; 2; 0; 0; 0,998398584294745; 0,998398584294745; 1; 0; 1; 0
10620; 13; 0; 0; 1; 1; 1; 0; 1; 0
10621; 18; 0; 0; 1; 1; 1; 0; 1; 0
10626; 21; 0; 0; 0,998421820377518; 0,998421820377518; 1; 0; 1; 0
10628; 19; 0; 0; 1; 1; 1; 0; 1; 0
10635; 2; 0; 0; 0,999923189796859; 0,999923189796859; 1; 0; 1; 0
10638; 10; 0; 0; 1; 1; 1; 0; 1; 0
10652; 18; 0; 0; 0,969447538063797; 0,969447538063797; 1; 0; 1; 0
10654; 19; 0; 0; 1; 1; 1; 0; 1; 0
10660; 17; 0; 0; 1; 1; 1; 0; 1; 0
10661; 4; 0; 0; 0,999307582111709; 0,999307582111709; 1; 0; 1; 0
10662; 2; 0; 0; 1; 1; 1; 0; 1; 0
10664; 10; 0; 0; 1; 1; 1; 0; 1; 0
10678; 19; 0; 0; 1; 1; 1; 0; 1; 0
10679; 2; 0; 0; 1; 1; 1; 0; 1; 0
10684; 10; 0; 0; 1; 1; 1; 0; 1; 0
10687; 2; 0; 0; 1; 1; 1; 0; 1; 0
10694; 2; 0; 0; 1; 1; 1; 0; 1; 0
10709; 14; 0; 0; 0,999945693538912; 0,999945693538912; 1; 0; 1; 0
10731; 13; 0; 0; 1; 1; 1; 0; 1; 0
10733; 17; 0; 0; 1; 1; 1; 0; 1; 0
10734; 20; 0; 0; 1; 1; 1; 0; 1; 0
10736; 19; 0; 0; 1; 1; 1; 0; 1; 0
10758; 19; 0; 0; 1; 1; 1; 0; 1; 0
10760; 15; 0; 0; 1; 1; 1; 0; 1; 0
10767; 3; 0; 0; 0,803288221984307; 0,803288221984307; 1; 0; 1; 0
10771; 19; 0; 0; 1; 1; 1; 0; 1; 0
10777; 2; 0; 0; 1; 1; 1; 0; 1; 0
10785; 2; 0; 0; 1; 1; 1; 0; 1; 0
10791; 2; 0; 0; 0,998635409939018; 0,998635409939018; 1; 0; 1; 0
10803; 10; 0; 0; 1; 1; 1; 0; 1; 0
10830; 34; 0; 0; 0,99637833377892; 0,99637833377892; 1; 0; 1; 0
10849; 3; 0; 0; 1; 1; 1; 0; 1; 0
10852; 21; 0; 0; 0,994267798615936; 0,994267798615936; 1; 0; 1; 0
10858; 19; 0; 0; 1; 1; 1; 0; 1; 0
10871; 2; 0; 0; 1; 1; 1; 0; 1; 0
10872; 10; 0; 0; 1; 1; 1; 0; 1; 0
10876; 10; 0; 0; 0,993831165073882; 0,993831165073882; 1; 0; 1; 0
10883; 13; 0; 0; 1; 1; 1; 0; 1; 0
10934; 15; 0; 0; 1; 1; 1; 0; 1; 0
10935; 10; 0; 0; 1; 1; 1; 0; 1; 0
10945; 15; 0; 0; 1; 1; 1; 0; 1; 0
10953; 10; 0; 0; 1; 1; 1; 0; 1; 0
10969; 2; 0; 0; 1; 1; 1; 0; 1; 0
10971; 20; 0; 0; 1; 1; 1; 0; 1; 0
10976; 19; 0; 0; 1; 1; 1; 0; 1; 0
10983; 2; 0; 0; 0,999500181283407; 0,999500181283407; 1; 0; 1; 0
10990; 2; 0; 0; 0,999720157681642; 0,999720157681642; 1; 0; 1; 0
11001; 10; 0; 0; 1; 1; 1; 0; 1; 0
11017; 2; 1; 0; 0,733034764414316; 0,266965235585684; 1; 0; 1; 0
11020; 10; 0; 0; 0,999997736679688; 0,999997736679688; 1; 0; 1; 0
11025; 2; 0; 0; 1; 1; 1; 0; 1; 0
11030; 17; 0; 0; 1; 1; 1; 0; 1; 0
11032; 20; 0; 0; 1; 1; 1; 0; 1; 0
11034; 10; 0; 0; 0,999997533573133; 0,999997533573133; 1; 0; 1; 0
11036; 10; 0; 0; 1; 1; 1; 0; 1; 0
11037; 2; 0; 0; 1; 1; 1; 0; 1; 0
11046; 10; 0; 0; 1; 1; 1; 0; 1; 0
11071; 5; 0; 0; 1; 1; 1; 0; 1; 0
11093; 19; 0; 0; 1; 1; 1; 0; 1; 0
11106; 24; 0; 0; 1; 1; 1; 0; 1; 0
11111; 40; 0; 0; 1; 1; 1; 0; 1; 0
11116; 2; 0; 0; 1; 1; 1; 0; 1; 0
11126; 2; 0; 0; 1; 1; 1; 0; 1; 0
11128; 10; 0; 0; 1; 1; 1; 0; 1; 0
11138; 19; 0; 0; 1; 1; 1; 0; 1; 0
11149; 360; 0; 0; 0,999544386738663; 0,999544386738663; 1; 0; 1; 0
11158; 2; 0; 0; 1; 1; 1; 0; 1; 0
11163; 10; 0; 0; 1; 1; 1; 0; 1; 0
11164; 20; 0; 0; 1; 1; 1; 0; 1; 0
11188; 10; 0; 0; 1; 1; 1; 0; 1; 0
11196; 15; 0; 0; 1; 1; 1; 0; 1; 0
11202; 16; 0; 0; 1; 1; 1; 0; 1; 0
11203; 2; 0; 0; 0,99797825450605; 0,99797825450605; 1; 0; 1; 0
11208; 2; 0; 0; 0,997028373580249; 0,997028373580249; 1; 0; 1; 0
11229; 10; 0; 0; 1; 1; 1; 0; 1; 0
11237; 2; 0; 0; 0,589532122175262; 0,589532122175262; 1; 0; 1; 0
11251; 20; 0; 0; 1; 1; 1; 0; 1; 0
11255; 120; 0; 0; 1; 1; 1; 0; 1; 0
11258; 10; 0; 0; 1; 1; 1; 0; 1; 0
11260; 10; 0; 0; 0,998508149847269; 0,998508149847269; 1; 0; 1; 0
11282; 10; 0; 0; 1; 1; 1; 0; 1; 0
11289; 10; 0; 0; 0,998735042567651; 0,998735042567651; 1; 0; 1; 0
11306; 18; 0; 0; 1; 1; 1; 0; 1; 0
11313; 100; 0; 0; 1; 1; 1; 0; 1; 0
11315; 10; 0; 0; 1; 1; 1; 0; 1; 0
11317; 2; 1; 0; 1; 0; 1; 0; 1; 0
11319; 2; 0; 1; 0,990599439488131; 0,00940056051186904; 0; 0; 0,200841092605046; 0,799158907394954
11323; 20; 0; 0; 1; 1; 1; 0; 1; 0
11326; 10; 0; 0; 1; 1; 1; 0; 1; 0
11329; 21; 0; 0; 0,997960922432594; 0,997960922432594; 1; 0; 1; 0
11352; 10; 0; 0; 0,99715237044426; 0,99715237044426; 1; 0; 1; 0
11354; 10; 0; 0; 1; 1; 1; 0; 1; 0
11366; 10; 0; 0; 0,999842884612961; 0,999842884612961; 1; 0; 1; 0
11397; 2; 0; 0; 0,999350979128407; 0,999350979128407; 1; 0; 1; 0
11406; 21; 0; 0; 0,996178674133838; 0,996178674133838; 1; 0; 1; 0
11412; 2; 0; 0; 1; 1; 1; 0; 1; 0
11453; 21; 0; 0; 0,999238869373866; 0,999238869373866; 1; 0; 1; 0
11461; 30; 0; 0; 0,731485999231597; 0,731485999231597; 1; 0; 1; 0
11475; 2; 0; 0; 0,993453377086495; 0,993453377086495; 1; 0; 1; 0
11479; 10; 0; 0; 1; 1; 1; 0; 1; 0
11489; 13; 0; 0; 1; 1; 1; 0; 1; 0
11499; 2; 0; 0; 0,999960984722294; 0,999960984722294; 1; 0; 1; 0
11500; 2; 0; 1; 0,615413098610154; 0,384586901389846; 0; 0; 0,427788297685206; 0,572211702314794
11503; 2; 0; 1; 0,533133326344463; 0,466866673655537; 0; 0; 0,427162691710285; 0,572837308289715
11506; 10; 0; 0; 0,929923757044945; 0,929923757044945; 1; 0; 1; 0
11522; 18; 0; 0; 1; 1; 1; 0; 1; 0
11534; 13; 0; 0; 1; 1; 1; 0; 1; 0
11536; 18; 0; 0; 0,97886043687975; 0,97886043687975; 1; 0; 1; 0
11547; 13; 0; 0; 1; 1; 1; 0; 1; 0
11552; 18; 0; 0; 0,973043891544877; 0,973043891544877; 1; 0; 1; 0
11553; 3; 1; 0; 0,453981109040031; 0,448419640534578; 1; 0; 1; 0
11556; 15; 0; 0; 1; 1; 1; 0; 1; 0
11591; 18; 0; 0; 1; 1; 1; 0; 1; 0
11595; 2; 0; 0; 0,99572016763029; 0,99572016763029; 1; 0; 1; 0
11597; 18; 0; 0; 1; 1; 1; 0; 1; 0
11600; 2; 0; 0; 0,999773408664221; 0,999773408664221; 1; 0; 1; 0
11604; 19; 0; 0; 1; 1; 1; 0; 1; 0
11608; 10; 0; 0; 1; 1; 1; 0; 1; 0
11613; 10; 0; 0; 1; 1; 1; 0; 1; 0
11628; 24; 0; 0; 0,999999214631918; 0,999999214631918; 1; 0; 1; 0
11633; 2; 0; 0; 1; 1; 1; 0; 1; 0
11663; 2; 0; 0; 0,997664141431945; 0,997664141431945; 1; 0; 1; 0
11672; 4; 0; 0; 0,999967737646536; 0,999967737646536; 1; 0; 1; 0
11685; 2; 0; 1; 0,998860663706546; 0,00113933629345424; 0; 0; 0,500369451615935; 0,499630548384065
11703; 4; 0; 0; 0,999985403334068; 0,999985403334068; 1; 0; 1; 0
11708; 2; 0; 1; 0,65553712731611; 0,34446287268389; 0; 0; 0,555751978789724; 0,444248021210276
11712; 18; 0; 0; 1; 1; 1; 0; 1; 0
11713; 19; 0; 0; 0,998070983867928; 0,998070983867928; 1; 0; 1; 0
11723; 36; 0; 0; 0,918020817060083; 0,918020817060083; 1; 0; 1; 0
11725; 2; 0; 1; 0,999644146552706; 0,000355853447293668; 0; 0; 0,334527279994034; 0,665472720005966
11749; 2; 0; 0; 1; 1; 1; 0; 1; 0
11754; 10; 0; 0; 0,999982123756348; 0,999982123756348; 1; 0; 1; 0
11775; 3; 0; 0; 1; 1; 1; 0; 1; 0
11788; 13; 0; 0; 1; 1; 1; 0; 1; 0
11806; 5; 0; 0; 1; 1; 1; 0; 1; 0
11810; 13; 0; 0; 1; 1; 1; 0; 1; 0
11820; 2; 0; 0; 0,999999029412861; 0,999999029412861; 1; 0; 1; 0
11827; 15; 0; 0; 1; 1; 1; 0; 1; 0
11837; 100; 0; 0; 1; 1; 1; 0; 1; 0
11839; 2; 0; 0; 0,999669324028142; 0,999669324028142; 1; 0; 1; 0
11856; 2; 1; 1; 0,944063918533906; 0,944063918533906; 0; 0; 0,165861894801511; 0,834138105198489
11860; 4; 0; 0; 0,99739171483471; 0,99739171483471; 1; 0; 1; 0
11879; 4; 0; 0; 0,999980904625604; 0,999980904625604; 1; 0; 1; 0
11886; 26; 0; 0; 0,98953039994819; 0,98953039994819; 1; 0; 1; 0
11897; 18; 0; 0; 1; 1; 1; 0; 1; 0
11910; 2; 1; 1; 0,904408031389393; 0,904408031389393; 0; 0; 0,375294530866814; 0,624705469133186
11929; 21; 0; 0; 1; 1; 1; 0; 1; 0
11935; 2; 0; 0; 1; 1; 1; 0; 1; 0
11942; 2; 0; 0; 1; 1; 1; 0; 1; 0
11953; 10; 0; 0; 1; 1; 1; 0; 1; 0
11960; 10; 0; 0; 1; 1; 1; 0; 1; 0
11964; 10; 0; 0; 1; 1; 1; 0; 1; 0
11967; 20; 0; 0; 1; 1; 1; 0; 1; 0
11980; 20; 0; 0; 1; 1; 1; 0; 1; 0
11987; 2; 0; 0; 1; 1; 1; 0; 1; 0
12014; 4; 0; 0; 1; 1; 1; 0; 1; 0
12020; 4; 0; 0; 0,994145433885824; 0,994145433885824; 1; 0; 1; 0
12027; 2; 0; 0; 0,982255090207942; 0,982255090207942; 1; 0; 1; 0
12028; 21; 0; 0; 0,993813323069394; 0,993813323069394; 1; 0; 1; 0
12037; 10; 0; 0; 1; 1; 1; 0; 1; 0
12048; 2; 0; 0; 1; 1; 1; 0; 1; 0
12063; 10; 0; 0; 1; 1; 1; 0; 1; 0
12081; 17; 0; 0; 1; 1; 1; 0; 1; 0
12082; 2; 1; 1; 0,75165881199004; 0,75165881199004; 0; 0; 0,499954889917529; 0,500045110082471
12094; 2; 0; 0; 1; 1; 1; 0; 1; 0
12097; 3; 0; 0; 1; 1; 1; 0; 1; 0
12101; 2; 0; 0; 1; 1; 1; 0; 1; 0
12137; 10; 0; 0; 0,998192364118998; 0,998192364118998; 1; 0; 1; 0
12145; 2; 0; 1; 0,681492617500899; 0,318507382499101; 0; 0; 0,427162691710285; 0,572837308289715
12163; 13; 0; 0; 1; 1; 1; 0; 1; 0
12181; 2; 0; 1; 0,988518604945399; 0,0114813950546009; 0; 0; 0,499013198874558; 0,500986801125442
12195; 10; 0; 0; 1; 1; 1; 0; 1; 0
12210; 3; 1; 0; 0,566457142275614; 0,0576592846207084; 1; 0; 1; 0
12216; 4; 0; 1; 0,564476057004436; 0,431791987738137; 0; 0; 0,625311859376306; 0,374688140623694
12220; 10; 0; 0; 1; 1; 1; 0; 1; 0
12222; 10; 0; 0; 1; 1; 1; 0; 1; 0
12226; 18; 0; 0; 1; 1; 1; 0; 1; 0
12236; 36; 0; 0; 0,999998186122883; 0,999998186122883; 1; 0; 1; 0
12242; 19; 0; 0; 1; 1; 1; 0; 1; 0
12243; 2; 0; 0; 0,999998436931641; 0,999998436931641; 1; 0; 1; 0
12248; 2; 0; 0; 0,999996984095349; 0,999996984095349; 1; 0; 1; 0
12252; 2; 0; 0; 1; 1; 1; 0; 1; 0
12273; 10; 0; 0; 1; 1; 1; 0; 1; 0
12274; 13; 0; 0; 1; 1; 1; 0; 1; 0
12292; 3; 0; 0; 1; 1; 1; 0; 1; 0
12294; 2; 0; 0; 0,970481622786177; 0,970481622786177; 1; 0; 1; 0
12297; 16; 0; 0; 1; 1; 1; 0; 1; 0
12307; 16; 0; 0; 1; 1; 1; 0; 1; 0
12325; 13; 0; 0; 1; 1; 1; 0; 1; 0
12345; 17; 0; 0; 1; 1; 1; 0; 1; 0
12359; 21; 0; 0; 0,998526341905062; 0,998526341905062; 1; 0; 1; 0
12360; 20; 0; 0; 1; 1; 1; 0; 1; 0
12365; 20; 0; 0; 1; 1; 1; 0; 1; 0
12368; 10; 0; 0; 1; 1; 1; 0; 1; 0
12370; 2; 0; 0; 0,686516717673627; 0,686516717673627; 1; 0; 1; 0
12372; 10; 0; 0; 0,98553167221211; 0,98553167221211; 1; 0; 1; 0
12382; 24; 0; 0; 0,999998240211342; 0,999998240211342; 1; 0; 1; 0
12393; 18; 0; 0; 0,999603133155964; 0,999603133155964; 1; 0; 1; 0
12400; 2; 0; 0; 1; 1; 1; 0; 1; 0
12410; 2; 0; 0; 1; 1; 1; 0; 1; 0
12413; 2; 0; 0; 0,99797825450605; 0,99797825450605; 1; 0; 1; 0
12431; 10; 0; 0; 0,98141717847302; 0,98141717847302; 1; 0; 1; 0
12434; 20; 0; 0; 1; 1; 1; 0; 1; 0
12435; 20; 0; 0; 1; 1; 1; 0; 1; 0
12464; 15; 3; 0; 1; 0; 1; 0; 1; 0
12476; 16; 0; 0; 1; 1; 1; 0; 1; 0
12489; 20; 0; 0; 1; 1; 1; 0; 1; 0
12503; 13; 0; 0; 1; 1; 1; 0; 1; 0
12506; 12; 0; 0; 1; 1; 1; 0; 1; 0
12512; 12; 0; 0; 1; 1; 1; 0; 1; 0
12535; 2; 0; 1; 0,546210497494434; 0,453789502505566; 0; 0; 0,500541875860553; 0,499458124139447
12540; 10; 0; 0; 1; 1; 1; 0; 1; 0
12544; 20; 0; 0; 1; 1; 1; 0; 1; 0
12545; 10; 1; 2; 0,849745359857352; 0,150254640142648; 0; 0; 0,251386868720024; 0,748613131279976
12551; 2; 0; 0; 0,999999385648935; 0,999999385648935; 1; 0; 1; 0
12556; 34; 0; 0; 1; 1; 1; 0; 1; 0
12568; 10; 0; 0; 1; 1; 1; 0; 1; 0
12574; 20; 0; 1; 0,550377087113734; 0,449622912886266; 0; 0; 0,500369451615935; 0,499630548384065
12578; 2; 0; 0; 1; 1; 1; 0; 1; 0
12583; 18; 0; 0; 1; 1; 1; 0; 1; 0
12618; 20; 0; 0; 1; 1; 1; 0; 1; 0
12629; 34; 0; 0; 0,999999983361365; 0,999999983361365; 1; 0; 1; 0
12633; 40; 0; 0; 1; 1; 1; 0; 1; 0
12636; 10; 0; 0; 0,996456215378086; 0,996456215378086; 1; 0; 1; 0
12639; 10; 0; 0; 1; 1; 1; 0; 1; 0
12642; 13; 0; 0; 1; 1; 1; 0; 1; 0
12652; 2; 0; 0; 0,98986073153442; 0,98986073153442; 1; 0; 1; 0
12670; 20; 0; 0; 1; 1; 1; 0; 1; 0
12689; 2; 0; 0; 1; 1; 1; 0; 1; 0
12711; 40; 0; 0; 1; 1; 1; 0; 1; 0
12738; 4; 0; 0; 1; 1; 1; 0; 1; 0
12741; 3; 0; 0; 1; 1; 1; 0; 1; 0
12743; 4; 0; 0; 1; 1; 1; 0; 1; 0
12745; 21; 0; 0; 0,977077932933605; 0,977077932933605; 1; 0; 1; 0
12758; 2; 0; 0; 0,932269232816075; 0,932269232816075; 1; 0; 1; 0
12762; 10; 0; 0; 1; 1; 1; 0; 1; 0
12765; 2; 0; 0; 0,999716808540458; 0,999716808540458; 1; 0; 1; 0
12766; 16; 0; 0; 0,999469421574915; 0,999469421574915; 1; 0; 1; 0
12780; 200; 0; 0; 0,972092765074199; 0,972092765074199; 1; 0; 1; 0
12793; 5; 0; 0; 1; 1; 1; 0; 1; 0
12794; 10; 0; 0; 1; 1; 1; 0; 1; 0
12795; 10; 0; 0; 0,99991686905001; 0,99991686905001; 1; 0; 1; 0
12815; 10; 0; 0; 1; 1; 1; 0; 1; 0
12827; 24; 0; 0; 1; 1; 1; 0; 1; 0
12829; 2; 1; 1; 0,97690649719417; 0,97690649719417; 0; 1; 0; 1
12845; 2; 0; 0; 1; 1; 1; 0; 1; 0
12850; 10; 0; 0; 1; 1; 1; 0; 1; 0
12858; 10; 0; 0; 1; 1; 1; 0; 1; 0
12887; 2; 0; 0; 1; 1; 1; 0; 1; 0
12896; 20; 0; 0; 0,999999841445381; 0,999999841445381; 1; 0; 1; 0
12901; 18; 0; 0; 1; 1; 1; 0; 1; 0
12911; 2; 0; 0; 1; 1; 1; 0; 1; 0
12916; 10; 0; 0; 0,86434766153217; 0,86434766153217; 1; 0; 1; 0
12940; 2; 0; 0; 1; 1; 1; 0; 1; 0
12941; 24; 0; 0; 1; 1; 1; 0; 1; 0
12953; 2; 0; 0; 1; 1; 1; 0; 1; 0
12957; 2; 0; 0; 1; 1; 1; 0; 1; 0
12963; 10; 0; 0; 1; 1; 1; 0; 1; 0
12986; 13; 0; 0; 1; 1; 1; 0; 1; 0
12991; 19; 0; 0; 1; 1; 1; 0; 1; 0
12993; 10; 0; 0; 1; 1; 1; 0; 1; 0
12996; 2; 0; 0; 1; 1; 1; 0; 1; 0
13018; 10; 0; 0; 0,979190953581491; 0,979190953581491; 1; 0; 1; 0
13026; 10; 0; 0; 1; 1; 1; 0; 1; 0
13030; 3; 0; 0; 1; 1; 1; 0; 1; 0
13032; 10; 0; 0; 0,691017225758191; 0,691017225758191; 1; 0; 1; 0
13038; 2; 0; 0; 1; 1; 1; 0; 1; 0
13047; 2; 0; 0; 0,999055415805071; 0,999055415805071; 1; 0; 1; 0
13049; 4; 0; 0; 0,999428489155187; 0,999428489155187; 1; 0; 1; 0
13055; 20; 3; 0; 0,467730997548102; 0; 1; 0; 1; 0
13062; 10; 0; 0; 1; 1; 1; 0; 1; 0
13069; 2; 0; 0; 1; 1; 1; 0; 1; 0
13070; 18; 0; 0; 1; 1; 1; 0; 1; 0
13075; 2; 0; 0; 1; 1; 1; 0; 1; 0
13082; 2; 0; 0; 0,999999204982119; 0,999999204982119; 1; 0; 1; 0
13097; 10; 0; 0; 0,999032966622596; 0,999032966622596; 1; 0; 1; 0
13098; 6; 4; 0; 0,53969812364645; 0,439375868637673; 1; 0; 1; 0
13100; 15; 0; 0; 1; 1; 1; 0; 1; 0
13106; 2; 0; 0; 0,999995791854918; 0,999995791854918; 1; 0; 1; 0
13108; 2; 0; 1; 0,69897278183719; 0,30102721816281; 0; 0; 0,201184594764252; 0,798815405235748
13112; 19; 0; 0; 1; 1; 1; 0; 1; 0
13121; 42; 0; 0; 0,996325637226187; 0,996325637226187; 1; 0; 1; 0
13122; 20; 0; 0; 0,772218540251073; 0,772218540251073; 1; 0; 1; 0
13146; 2; 0; 0; 0,970104304980464; 0,970104304980464; 1; 0; 1; 0
13150; 2; 0; 0; 1; 1; 1; 0; 1; 0
13151; 13; 0; 0; 1; 1; 1; 0; 1; 0
13154; 36; 0; 0; 1; 1; 1; 0; 1; 0
13170; 12; 0; 0; 1; 1; 1; 0; 1; 0
13192; 17; 0; 0; 1; 1; 1; 0; 1; 0
13195; 2; 0; 0; 1; 1; 1; 0; 1; 0
13216; 3; 1; 0; 0,626893928153877; 0; 1; 0; 1; 0
13218; 20; 0; 0; 1; 1; 1; 0; 1; 0
13219; 10; 1; 2; 0,847424517106922; 0,152575482893078; 0; 0; 0,3340232507444; 0,6659767492556
13221; 2; 0; 0; 1; 1; 1; 0; 1; 0
13237; 19; 0; 0; 1; 1; 1; 0; 1; 0
13250; 10; 0; 0; 0,95937961726967; 0,95937961726967; 1; 0; 1; 0
13267; 16; 0; 0; 1; 1; 1; 0; 1; 0
13298; 20; 0; 0; 1; 1; 1; 0; 1; 0
13299; 10; 0; 0; 1; 1; 1; 0; 1; 0
13312; 3; 0; 0; 1; 1; 1; 0; 1; 0
13319; 2; 0; 1; 1; 0; 0; 0; 0,200879422189546; 0,799120577810454
13325; 10; 0; 0; 1; 1; 1; 0; 1; 0
13326; 18; 0; 0; 0,999592565807751; 0,999592565807751; 1; 0; 1; 0
13328; 10; 0; 0; 1; 1; 1; 0; 1; 0
13334; 2; 0; 0; 0,999999663329637; 0,999999663329637; 1; 0; 1; 0
13360; 20; 0; 0; 1; 1; 1; 0; 1; 0
13364; 2; 0; 1; 0,647939478125719; 0,352060521874281; 0; 0; 0,555307101492108; 0,444692898507892
13388; 3; 0; 0; 1; 1; 1; 0; 1; 0
13395; 20; 0; 0; 1; 1; 1; 0; 1; 0
13405; 2; 0; 0; 0,99998284821507; 0,99998284821507; 1; 0; 1; 0
13418; 10; 0; 0; 1; 1; 1; 0; 1; 0
13422; 3; 0; 0; 1; 1; 1; 0; 1; 0
13433; 12; 0; 0; 0,995085544742063; 0,995085544742063; 1; 0; 1; 0
13439; 10; 0; 0; 0,770782334415085; 0,770782334415085; 1; 0; 1; 0
13445; 13; 0; 0; 1; 1; 1; 0; 1; 0
13458; 3; 1; 0; 0,718014333694934; 0; 1; 0; 1; 0
13463; 16; 0; 0; 1; 1; 1; 0; 1; 0
13464; 10; 2; 0; 1; 0; 1; 0; 1; 0
13466; 32; 0; 0; 0,999991240369979; 0,999991240369979; 1; 0; 1; 0
13469; 2; 0; 0; 0,999998805412028; 0,999998805412028; 1; 0; 1; 0
13509; 10; 0; 0; 1; 1; 1; 0; 1; 0
13513; 18; 0; 0; 1; 1; 1; 0; 1; 0
13514; 10; 2; 0; 1; 0; 1; 0; 1; 0
13515; 3; 2; 2; 0,502437091815986; 0,502437091815986; 0; 0; 0,251473781903541; 0,748526218096459
13532; 10; 0; 0; 1; 1; 1; 0; 1; 0
13540; 5; 0; 0; 1; 1; 1; 0; 1; 0
13560; 15; 0; 0; 0,999874123200534; 0,999874123200534; 1; 0; 1; 0
13570; 10; 0; 0; 0,983376054169632; 0,983376054169632; 1; 0; 1; 0
13571; 2; 0; 0; 0,999997052507166; 0,999997052507166; 1; 0; 1; 0
13572; 18; 0; 0; 1; 1; 1; 0; 1; 0
13586; 18; 0; 0; 1; 1; 1; 0; 1; 0
13588; 19; 0; 0; 1; 1; 1; 0; 1; 0
13597; 13; 0; 0; 1; 1; 1; 0; 1; 0
13603; 19; 0; 0; 1; 1; 1; 0; 1; 0
13614; 2; 0; 0; 1; 1; 1; 0; 1; 0
13618; 2; 0; 1; 0,647635954072851; 0,352364045927149; 0; 0; 0,427162691710285; 0,572837308289715
13620; 2; 0; 1; 0,65288680753903; 0,34711319246097; 0; 0; 0,500079203464254; 0,499920796535746
13625; 18; 0; 0; 1; 1; 1; 0; 1; 0
13633; 10; 0; 0; 1; 1; 1; 0; 1; 0
13636; 10; 0; 0; 1; 1; 1; 0; 1; 0
13638; 13; 0; 0; 1; 1; 1; 0; 1; 0
13644; 20; 0; 0; 1; 1; 1; 0; 1; 0
13680; 2; 0; 0; 1; 1; 1; 0; 1; 0
13684; 19; 0; 0; 1; 1; 1; 0; 1; 0
13685; 10; 0; 0; 1; 1; 1; 0; 1; 0
13689; 10; 0; 0; 1; 1; 1; 0; 1; 0
13691; 2; 0; 0; 0,99855875104867; 0,99855875104867; 1; 0; 1; 0
13693; 2; 0; 0; 1; 1; 1; 0; 1; 0
13698; 2; 0; 1; 0,751232807734225; 0,248767192265775; 0; 0; 0,555307101492108; 0,444692898507892
13704; 10; 0; 0; 1; 1; 1; 0; 1; 0
13708; 16; 0; 0; 1; 1; 1; 0; 1; 0
13716; 13; 0; 0; 1; 1; 1; 0; 1; 0
13717; 20; 0; 0; 1; 1; 1; 0; 1; 0
13720; 21; 0; 0; 0,99792629058889; 0,99792629058889; 1; 0; 1; 0
13723; 2; 0; 0; 1; 1; 1; 0; 1; 0
13725; 10; 0; 0; 1; 1; 1; 0; 1; 0
13728; 20; 0; 0; 1; 1; 1; 0; 1; 0
13737; 2; 0; 0; 1; 1; 1; 0; 1; 0
13746; 19; 0; 0; 1; 1; 1; 0; 1; 0
13747; 20; 0; 0; 1; 1; 1; 0; 1; 0
13751; 4; 0; 0; 0,990341498226667; 0,990341498226667; 1; 0; 1; 0
13762; 2; 0; 0; 1; 1; 1; 0; 1; 0
13768; 10; 0; 0; 0,866665716795777; 0,866665716795777; 1; 0; 1; 0
13786; 2; 0; 0; 0,826685681694815; 0,826685681694815; 1; 0; 1; 0
13797; 100; 0; 0; 1; 1; 1; 0; 1; 0
13836; 10; 0; 0; 0,727321829406899; 0,727321829406899; 1; 0; 1; 0
13846; 18; 0; 0; 0,958151617154805; 0,958151617154805; 1; 0; 1; 0
13848; 42; 0; 0; 0,975190953397533; 0,975190953397533; 1; 0; 1; 0
13858; 10; 0; 0; 1; 1; 1; 0; 1; 0
13859; 2; 0; 0; 1; 1; 1; 0; 1; 0
13874; 2; 0; 0; 1; 1; 1; 0; 1; 0
13894; 2; 0; 0; 0,999779592369677; 0,999779592369677; 1; 0; 1; 0
13897; 2; 0; 0; 1; 1; 1; 0; 1; 0
13927; 21; 0; 0; 0,996935358097095; 0,996935358097095; 1; 0; 1; 0
13943; 10; 0; 0; 1; 1; 1; 0; 1; 0
13947; 21; 0; 0; 0,972761584942443; 0,972761584942443; 1; 0; 1; 0
13951; 10; 0; 0; 1; 1; 1; 0; 1; 0
13952; 2; 0; 0; 0,999789970333902; 0,999789970333902; 1; 0; 1; 0
13954; 22; 0; 0; 1; 1; 1; 0; 1; 0
13970; 26; 0; 0; 0,967061678609931; 0,967061678609931; 1; 0; 1; 0
13984; 20; 0; 0; 1; 1; 1; 0; 1; 0
13985; 10; 0; 0; 0,999348479479343; 0,999348479479343; 1; 0; 1; 0
13987; 3; 0; 0; 1; 1; 1; 0; 1; 0
14006; 2; 0; 0; 1; 1; 1; 0; 1; 0
14020; 2; 0; 0; 0,999990933799858; 0,999990933799858; 1; 0; 1; 0
14059; 20; 0; 0; 1; 1; 1; 0; 1; 0
14073; 10; 0; 0; 1; 1; 1; 0; 1; 0
14080; 10; 0; 0; 1; 1; 1; 0; 1; 0
14089; 10; 0; 0; 1; 1; 1; 0; 1; 0
14104; 44; 0; 0; 1; 1; 1; 0; 1; 0
14110; 2; 0; 0; 1; 1; 1; 0; 1; 0
14133; 10; 0; 0; 0,962004216193436; 0,962004216193436; 1; 0; 1; 0
14148; 2; 0; 0; 1; 1; 1; 0; 1; 0
14153; 20; 0; 0; 1; 1; 1; 0; 1; 0
14159; 10; 0; 0; 1; 1; 1; 0; 1; 0
14182; 4; 0; 0; 1; 1; 1; 0; 1; 0
14185; 2; 0; 0; 1; 1; 1; 0; 1; 0
14188; 13; 0; 0; 1; 1; 1; 0; 1; 0
14195; 10; 0; 0; 1; 1; 1; 0; 1; 0
14201; 2; 0; 0; 1; 1; 1; 0; 1; 0
14212; 13; 0; 0; 1; 1; 1; 0; 1; 0
14219; 2; 0; 0; 1; 1; 1; 0; 1; 0
14222; 3; 0; 0; 1; 1; 1; 0; 1; 0
14224; 14; 0; 0; 1; 1; 1; 0; 1; 0
14231; 15; 0; 0; 0,993572309715876; 0,993572309715876; 1; 0; 1; 0
14247; 20; 0; 0; 1; 1; 1; 0; 1; 0
14248; 2; 0; 0; 0,999991386462815; 0,999991386462815; 1; 0; 1; 0
14254; 10; 0; 0; 1; 1; 1; 0; 1; 0
14269; 4; 2; 0; 0,697576233159411; 0,302423766840589; 1; 0; 1; 0
14283; 10; 0; 0; 0,994660384518451; 0,994660384518451; 1; 0; 1; 0
14287; 2; 0; 0; 1; 1; 1; 0; 1; 0
14291; 21; 0; 0; 1; 1; 1; 0; 1; 0
14292; 2; 1; 1; 0,837344832367113; 0,837344832367113; 0; 0; 0,429117560232381; 0,570882439767619
14305; 10; 0; 0; 1; 1; 1; 0; 1; 0
14316; 3; 0; 0; 1; 1; 1; 0; 1; 0
14330; 2; 0; 0; 1; 1; 1; 0; 1; 0
14332; 3; 1; 2; 0,53430702338055; 0,315583291640153; 0; 0; 0,251893145886257; 0,748106854113743
14333; 20; 0; 0; 1; 1; 1; 0; 1; 0
14360; 2; 0; 0; 1; 1; 1; 0; 1; 0
14361; 4; 0; 0; 1; 1; 1; 0; 1; 0
14365; 2; 0; 0; 0,997230320293023; 0,997230320293023; 1; 0; 1; 0
14371; 14; 0; 0; 1; 1; 1; 0; 1; 0
14379; 18; 0; 0; 1; 1; 1; 0; 1; 0
14385; 20; 0; 0; 1; 1; 1; 0; 1; 0
14391; 32; 0; 0; 1; 1; 1; 0; 1; 0
14399; 14; 0; 0; 1; 1; 1; 0; 1; 0
14428; 18; 0; 0; 1; 1; 1; 0; 1; 0
14444; 21; 0; 0; 0,999419966234128; 0,999419966234128; 1; 0; 1; 0
14445; 2; 0; 0; 1; 1; 1; 0; 1; 0
14449; 2; 0; 0; 1; 1; 1; 0; 1; 0
14455; 2; 0; 0; 0,997682233167889; 0,997682233167889; 1; 0; 1; 0
14463; 12; 0; 0; 0,999885269132921; 0,999885269132921; 1; 0; 1; 0
14468; 18; 0; 0; 1; 1; 1; 0; 1; 0
14477; 15; 0; 0; 0,999648846597158; 0,999648846597158; 1; 0; 1; 0
14491; 2; 0; 0; 1; 1; 1; 0; 1; 0
14495; 10; 0; 0; 1; 1; 1; 0; 1; 0
14501; 10; 0; 0; 1; 1; 1; 0; 1; 0
14508; 100; 0; 0; 1; 1; 1; 0; 1; 0
14520; 2; 0; 0; 0,999942793463712; 0,999942793463712; 1; 0; 1; 0
14522; 10; 0; 0; 0,996627605751879; 0,996627605751879; 1; 0; 1; 0
14524; 21; 0; 0; 0,997648096525284; 0,997648096525284; 1; 0; 1; 0
14545; 20; 0; 0; 1; 1; 1; 0; 1; 0
14548; 13; 0; 0; 1; 1; 1; 0; 1; 0
14552; 16; 0; 0; 1; 1; 1; 0; 1; 0
14570; 21; 0; 0; 1; 1; 1; 0; 1; 0
14571; 13; 0; 0; 0,999445498893461; 0,999445498893461; 1; 0; 1; 0
14576; 19; 0; 0; 1; 1; 1; 0; 1; 0
14586; 19; 0; 0; 1; 1; 1; 0; 1; 0
14591; 2; 0; 0; 1; 1; 1; 0; 1; 0
14609; 16; 0; 0; 1; 1; 1; 0; 1; 0
14618; 2; 0; 0; 1; 1; 1; 0; 1; 0
14632; 2; 0; 0; 1; 1; 1; 0; 1; 0
14642; 12; 0; 0; 0,999903246270624; 0,999903246270624; 1; 0; 1; 0
14643; 12; 0; 0; 0,999933184400432; 0,999933184400432; 1; 0; 1; 0
14650; 10; 0; 0; 1; 1; 1; 0; 1; 0
14664; 22; 0; 0; 1; 1; 1; 0; 1; 0
14665; 2; 0; 0; 1; 1; 1; 0; 1; 0
14674; 18; 0; 0; 1; 1; 1; 0; 1; 0
14677; 10; 0; 0; 1; 1; 1; 0; 1; 0
14681; 19; 0; 0; 1; 1; 1; 0; 1; 0
14700; 22; 0; 0; 1; 1; 1; 0; 1; 0
14702; 10; 0; 0; 1; 1; 1; 0; 1; 0
14719; 2; 0; 0; 0,999983866837333; 0,999983866837333; 1; 0; 1; 0
14721; 2; 0; 0; 1; 1; 1; 0; 1; 0
14724; 40; 0; 0; 1; 1; 1; 0; 1; 0
14762; 2; 0; 0; 0,999999203207971; 0,999999203207971; 1; 0; 1; 0
14782; 21; 0; 0; 0,978511685154093; 0,978511685154093; 1; 0; 1; 0
14795; 10; 0; 0; 1; 1; 1; 0; 1; 0
14811; 6; 0; 0; 1; 1; 1; 0; 1; 0
14827; 2; 0; 1; 0,534128961487381; 0,465871038512619; 0; 0; 0,500541875860553; 0,499458124139447
14829; 2; 0; 0; 1; 1; 1; 0; 1; 0
14831; 10; 0; 0; 1; 1; 1; 0; 1; 0
14838; 18; 0; 0; 1; 1; 1; 0; 1; 0
14852; 20; 0; 0; 1; 1; 1; 0; 1; 0
14854; 42; 0; 0; 0,999995442129812; 0,999995442129812; 1; 0; 1; 0
14858; 20; 0; 0; 1; 1; 1; 0; 1; 0
14862; 2; 0; 0; 1; 1; 1; 0; 1; 0
14864; 2; 0; 0; 1; 1; 1; 0; 1; 0
14867; 2; 0; 0; 1; 1; 1; 0; 1; 0
14872; 2; 0; 0; 1; 1; 1; 0; 1; 0
14908; 2; 0; 0; 1; 1; 1; 0; 1; 0
14921; 36; 0; 0; 1; 1; 1; 0; 1; 0
14923; 2; 0; 0; 0,999998928919781; 0,999998928919781; 1; 0; 1; 0
14947; 2; 0; 0; 1; 1; 1; 0; 1; 0
14958; 4; 0; 0; 1; 1; 1; 0; 1; 0
14961; 2; 0; 0; 1; 1; 1; 0; 1; 0
14971; 20; 0; 0; 1; 1; 1; 0; 1; 0
14972; 3; 1; 2; 0,431228020141756; 0,178130942218427; 0; 0; 0,251473781903541; 0,748526218096459
14973; 32; 0; 0; 1; 1; 1; 0; 1; 0
14976; 10; 0; 0; 1; 1; 1; 0; 1; 0
14979; 2; 0; 0; 1; 1; 1; 0; 1; 0
14980; 2; 0; 0; 1; 1; 1; 0; 1; 0
14995; 24; 0; 0; 1; 1; 1; 0; 1; 0
14998; 2; 0; 0; 1; 1; 1; 0; 1; 0
15004; 20; 0; 0; 1; 1; 1; 0; 1; 0
15011; 10; 0; 0; 1; 1; 1; 0; 1; 0
15019; 10; 0; 0; 1; 1; 1; 0; 1; 0
15023; 2; 0; 0; 1; 1; 1; 0; 1; 0
15037; 26; 0; 0; 0,999998850221637; 0,999998850221637; 1; 0; 1; 0
15041; 10; 0; 0; 1; 1; 1; 0; 1; 0
15050; 2; 0; 0; 1; 1; 1; 0; 1; 0
15056; 2; 0; 0; 1; 1; 1; 0; 1; 0
15060; 416; 0; 0; 0,999999756028934; 0,999999756028934; 1; 0; 1; 0
15078; 18; 0; 0; 0,999985118126376; 0,999985118126376; 1; 0; 1; 0
15083; 36; 0; 0; 1; 1; 1; 0; 1; 0
15086; 10; 0; 0; 0,999397016112216; 0,999397016112216; 1; 0; 1; 0
15090; 2; 0; 0; 0,999999411747675; 0,999999411747675; 1; 0; 1; 0
15095; 20; 0; 0; 1; 1; 1; 0; 1; 0
15100; 21; 0; 0; 1; 1; 1; 0; 1; 0
15107; 18; 0; 0; 0,999984430033536; 0,999984430033536; 1; 0; 1; 0
15111; 4; 0; 0; 0,999999594260022; 0,999999594260022; 1; 0; 1; 0
15115; 4; 0; 0; 1; 1; 1; 0; 1; 0
15116; 2; 0; 1; 1; 0; 0; 0; 0,428624748939319; 0,571375251060681
15142; 13; 0; 0; 0,999999915495871; 0,999999915495871; 1; 0; 1; 0
15148; 10; 0; 0; 0,995000188107237; 0,995000188107237; 1; 0; 1; 0
15154; 2; 0; 0; 1; 1; 1; 0; 1; 0
15166; 2; 0; 0; 1; 1; 1; 0; 1; 0
15186; 10; 0; 0; 1; 1; 1; 0; 1; 0
15187; 2; 0; 0; 1; 1; 1; 0; 1; 0
15196; 21; 0; 0; 0,999944253139718; 0,999944253139718; 1; 0; 1; 0
15204; 21; 0; 0; 0,999868691937224; 0,999868691937224; 1; 0; 1; 0
15213; 2; 0; 0; 1; 1; 1; 0; 1; 0
15224; 16; 0; 0; 1; 1; 1; 0; 1; 0
15226; 12; 0; 0; 0,999939958900799; 0,999939958900799; 1; 0; 1; 0
15231; 16; 0; 0; 1; 1; 1; 0; 1; 0
15236; 20; 0; 0; 1; 1; 1; 0; 1; 0
15239; 100; 0; 0; 1; 1; 1; 0; 1; 0
15242; 18; 0; 0; 0,999898144294077; 0,999898144294077; 1; 0; 1; 0
15254; 10; 0; 0; 1; 1; 1; 0; 1; 0
15261; 10; 0; 0; 0,999392638307703; 0,999392638307703; 1; 0; 1; 0
15267; 2; 0; 1; 1; 0; 0; 0; 0,201184594764252; 0,798815405235748
15271; 3; 1; 0; 0,664932524159255; 0; 1; 0; 1; 0
15272; 21; 0; 0; 0,991511035071055; 0,991511035071055; 1; 0; 1; 0
15284; 20; 0; 0; 1; 1; 1; 0; 1; 0
15286; 2; 0; 0; 1; 1; 1; 0; 1; 0
15295; 15; 0; 0; 1; 1; 1; 0; 1; 0
15299; 20; 0; 0; 1; 1; 1; 0; 1; 0
15300; 2; 0; 0; 1; 1; 1; 0; 1; 0
15301; 18; 0; 0; 1; 1; 1; 0; 1; 0
15302; 2; 1; 1; 0,565190769697608; 0,565190769697608; 0; 0; 0,500541875860553; 0,499458124139447
15307; 2; 0; 0; 1; 1; 1; 0; 1; 0
15308; 36; 0; 0; 0,999999506666437; 0,999999506666437; 1; 0; 1; 0
15317; 2; 0; 0; 1; 1; 1; 0; 1; 0
15339; 120; 0; 0; 0,999864782470373; 0,999864782470373; 1; 0; 1; 0
15341; 10; 0; 0; 1; 1; 1; 0; 1; 0
15347; 36; 0; 0; 0,999999736043154; 0,999999736043154; 1; 0; 1; 0
15356; 2; 0; 0; 0,991948006902346; 0,991948006902346; 1; 0; 1; 0
15374; 18; 0; 0; 1; 1; 1; 0; 1; 0
15385; 2; 0; 0; 1; 1; 1; 0; 1; 0
15390; 2; 0; 0; 1; 1; 1; 0; 1; 0
15393; 20; 0; 0; 0,664724105831943; 0,664724105831943; 1; 0; 1; 0
15400; 18; 0; 0; 0,999994247555087; 0,999994247555087; 1; 0; 1; 0
15417; 21; 0; 0; 0,980927037089924; 0,980927037089924; 1; 0; 1; 0
15419; 15; 0; 0; 1; 1; 1; 0; 1; 0
15430; 2; 0; 0; 1; 1; 1; 0; 1; 0
15458; 40; 0; 0; 1; 1; 1; 0; 1; 0
15462; 2; 0; 0; 1; 1; 1; 0; 1; 0
15463; 2; 0; 1; 0,739048791139184; 0,260951208860816; 0; 0; 0,427162691710285; 0,572837308289715
15466; 2; 0; 0; 1; 1; 1; 0; 1; 0
15468; 2; 0; 0; 1; 1; 1; 0; 1; 0
15484; 10; 0; 0; 1; 1; 1; 0; 1; 0
15485; 20; 0; 0; 1; 1; 1; 0; 1; 0
15496; 2; 0; 1; 0,641617535385367; 0,358382464614633; 0; 0; 0,555307101492108; 0,444692898507892
15507; 6; 0; 0; 1; 1; 1; 0; 1; 0
15511; 10; 0; 0; 1; 1; 1; 0; 1; 0
15513; 2; 0; 0; 1; 1; 1; 0; 1; 0
15514; 14; 0; 0; 1; 1; 1; 0; 1; 0
15522; 10; 0; 0; 1; 1; 1; 0; 1; 0
15530; 2; 0; 0; 1; 1; 1; 0; 1; 0
15549; 4; 0; 2; 0,75576711535406; 0,24423288464594; 0; 0; 0,555751978789724; 0,444248021210276
15562; 20; 0; 0; 1; 1; 1; 0; 1; 0
15577; 10; 0; 0; 1; 1; 1; 0; 1; 0
15587; 200; 0; 0; 0,774831997088786; 0,774831997088786; 1; 0; 1; 0
15622; 100; 0; 0; 0,922696445474591; 0,922696445474591; 1; 0; 1; 0
15627; 18; 0; 0; 0,999685925988818; 0,999685925988818; 1; 0; 1; 0
15628; 24; 0; 0; 1; 1; 1; 0; 1; 0
15630; 3; 0; 0; 1; 1; 1; 0; 1; 0
15638; 10; 0; 0; 1; 1; 1; 0; 1; 0
15641; 2; 0; 0; 1; 1; 1; 0; 1; 0
15650; 10; 0; 0; 1; 1; 1; 0; 1; 0
15656; 18; 0; 0; 1; 1; 1; 0; 1; 0
15663; 21; 0; 0; 0,997711546420824; 0,997711546420824; 1; 0; 1; 0
15669; 16; 0; 0; 1; 1; 1; 0; 1; 0
15686; 14; 0; 0; 1; 1; 1; 0; 1; 0
15703; 20; 0; 0; 1; 1; 1; 0; 1; 0
15707; 14; 0; 0; 1; 1; 1; 0; 1; 0
15709; 20; 0; 0; 0,999983303154323; 0,999983303154323; 1; 0; 1; 0
15725; 3; 0; 0; 1; 1; 1; 0; 1; 0
15726; 10; 0; 0; 0,953847345462103; 0,953847345462103; 1; 0; 1; 0
15735; 208; 0; 0; 0,999999944043877; 0,999999944043877; 1; 0; 1; 0
15740; 2; 0; 0; 1; 1; 1; 0; 1; 0
15750; 19; 0; 0; 1; 1; 1; 0; 1; 0
15754; 10; 0; 0; 1; 1; 1; 0; 1; 0
15759; 2; 0; 0; 1; 1; 1; 0; 1; 0
15765; 2; 0; 0; 1; 1; 1; 0; 1; 0
15775; 20; 0; 0; 1; 1; 1; 0; 1; 0
15778; 2; 0; 0; 1; 1; 1; 0; 1; 0
15788; 2; 0; 0; 1; 1; 1; 0; 1; 0
15798; 2; 0; 0; 1; 1; 1; 0; 1; 0
15804; 18; 0; 0; 0,999996138811604; 0,999996138811604; 1; 0; 1; 0
15818; 2; 0; 0; 1; 1; 1; 0; 1; 0
15829; 2; 0; 0; 1; 1; 1; 0; 1; 0
15830; 20; 0; 0; 1; 1; 1; 0; 1; 0
15834; 10; 0; 0; 0,999999454159137; 0,999999454159137; 1; 0; 1; 0
15837; 14; 0; 0; 1; 1; 1; 0; 1; 0
15863; 20; 0; 0; 1; 1; 1; 0; 1; 0
15866; 2; 0; 0; 1; 1; 1; 0; 1; 0
15871; 2; 0; 0; 1; 1; 1; 0; 1; 0
15890; 10; 0; 0; 1; 1; 1; 0; 1; 0
15892; 21; 0; 0; 0,999927978850791; 0,999927978850791; 1; 0; 1; 0
15900; 2; 0; 0; 1; 1; 1; 0; 1; 0
15934; 13; 0; 0; 1; 1; 1; 0; 1; 0
15959; 10; 1; 2; 0,815293459167982; 0; 0; 1; 0; 1
