MAC; alternativas; MasProb; Elección; MaxProb; ElecProb; velocidad
4; 11; 0; 0; 1; 1; 9,32147264498352
21; 2; 0; 0; 1; 1; 7,0069563234326
32; 10; 0; 0; 1; 1; 11,2809050151125
54; 20; 0; 0; 1; 1; 6,27811334125051
68; 3; 0; 0; 1; 1; 9,42637634920573
70; 16; 0; 0; 1; 1; 14,0990981810611
77; 16; 2; 0; 0,827365719808408; 0,169457929728552; 5,63963927242444
109; 2; 0; 0; 1; 1; 7,02634502484776
113; 4; 0; 0; 1; 1; 8,02923830221735
113; 10; 0; 0; 1; 1; 8,0577892965089
128; 2; 0; 0; 1; 1; 7,03189740248644
176; 10; 0; 0; 1; 1; 8,41206885352755
191; 10; 0; 0; 0,999957816500601; 0,999957816500601; 9,35516627376719
231; 20; 0; 0; 1; 1; 5,13663818829587
235; 10; 7; 0; 0,148606562604248; 0,0264606480161076; 10,0717820636226
244; 20; 0; 0; 1; 1; 9,41717001187576
273; 3; 0; 0; 1; 1; 5,65582580952344
277; 10; 0; 0; 1; 1; 8,45926465494068
281; 10; 0; 0; 1; 1; 4,67337158529308
302; 10; 8; 0; 0,118563324329322; 0,0286711792741547; 11,7504124075597
304; 10; 7; 0; 0,14127643198304; 0,0617643878897276; 7,00210496444723
321; 10; 0; 0; 1; 1; 11,2809050151125
340; 2; 1; 0; 0,993377451950076; 0,00662254804992423; 8,44782127273664
358; 2; 0; 0; 1; 1; 6,0324472084581
362; 3; 0; 0; 1; 1; 10,5149791938726
363; 3; 1; 0; 0,369241097181702; 0,261517805636596; 14,118266089305
365; 10; 0; 0; 1; 1; 7,98998492008638
379; 4; 0; 0; 1; 1; 11,2128235288417
379; 17; 0; 0; 1; 1; 10,5688893630129
402; 2; 1; 0; 0,999900440937046; 9,95590629545087E-05; 14,066509878026
416; 10; 0; 0; 0,83527342971616; 0,83527342971616; 6,15364992680599
447; 10; 0; 0; 1; 1; 7,01005737793963
468; 10; 0; 0; 1; 1; 7,04532067852356
477; 2; 0; 0; 1; 1; 7,03189740248644
498; 2; 0; 0; 0,957330157874115; 0,957330157874115; 9,37962301507323
503; 2; 1; 0; 1; 0; 4,01371620543174
510; 2; 0; 0; 0,559488835855106; 0,559488835855106; 7,0385283458323
528; 2; 0; 0; 1; 1; 7,05156359990031
537; 10; 0; 0; 1; 1; 7,04532067852356
541; 2; 0; 0; 1; 1; 7,03691904436078
543; 20; 0; 0; 1; 1; 8,07186001017923
546; 10; 0; 0; 1; 1; 6,98856855717409
555; 10; 0; 0; 1; 1; 4,67337158529308
565; 2; 0; 0; 1; 1; 9,42537666037043
570; 10; 9; 0; 0,148606562604248; 0,0264606480161076; 10,0717820636226
615; 2; 0; 0; 1; 1; 10,5206347340795
620; 18; 0; 0; 0,877996630304539; 0,877996630304539; 8,66056665018511
630; 10; 0; 0; 1; 1; 11,2809050151125
671; 2; 0; 0; 0,65948520488867; 0,65948520488867; 6,24253821842544
673; 13; 0; 0; 0,583504930046715; 0,583504930046715; 10,524711590337
679; 4; 0; 0; 1; 1; 8,00915966345835
692; 10; 0; 0; 1; 1; 8,41206885352755
718; 2; 0; 0; 1; 1; 10,0747497943563
734; 10; 0; 0; 1; 1; 6,39493122143679
743; 2; 0; 0; 0,61804005410388; 0,61804005410388; 7,0385283458323
766; 2; 0; 0; 1; 1; 7,03189740248644
786; 10; 0; 0; 1; 1; 8,45438481422827
794; 13; 2; 0; 0,731738301441508; 0,239592561751606; 6,47674559405356
795; 2; 0; 0; 1; 1; 7,02634502484776
821; 2; 0; 0; 1; 1; 4,68423001656517
825; 3; 0; 0; 1; 1; 9,35392291611798
827; 10; 0; 0; 1; 1; 14,1031271998006
828; 16; 0; 0; 1; 1; 12,0024392296373
829; 2; 0; 0; 1; 1; 7,02634502484776
830; 4; 0; 0; 1; 1; 9,34401960736808
830; 17; 0; 0; 1; 1; 8,45511149041034
844; 2; 0; 0; 0,50051956733079; 0,50051956733079; 7,0131354232374
881; 18; 0; 0; 0,893138138565207; 0,893138138565207; 9,38228053770054
894; 10; 0; 0; 1; 1; 8,41206885352755
914; 10; 0; 0; 1; 1; 6,03884629587733
919; 10; 0; 0; 1; 1; 8,0577892965089
928; 11; 0; 0; 1; 1; 13,9822089674753
987; 13; 2; 0; 0,703865177025147; 0,24887624740568; 6,01412090876402
991; 3; 0; 0; 1; 1; 8,07975115646205
1001; 2; 0; 0; 1; 1; 4,68423001656517
1007; 3; 1; 0; 0,387417728374367; 0,225164543251266; 10,5886995669788
1018; 3; 0; 0; 1; 1; 5,6206046436487
1051; 10; 0; 0; 1; 1; 6,03884629587733
1092; 10; 0; 0; 1; 1; 8,41206885352755
1093; 10; 2; 0; 0,560038103223206; 0,0320739398097498; 3,75980595423084
1098; 4; 0; 0; 1; 1; 8,02923830221735
1098; 10; 0; 0; 1; 1; 11,2809050151125
1102; 10; 2; 0; 0,518355543033364; 0,077442720840334; 4,02836352239019
1110; 10; 0; 0; 1; 1; 7,05024744453582
1111; 10; 0; 0; 1; 1; 6,03884629587733
1127; 2; 1; 0; 0,585101233837668; 0,414898766162332; 2,94317732745534
1183; 3; 0; 0; 1; 1; 10,5209581403273
1187; 2; 0; 0; 1; 1; 7,03189740248644
1208; 16; 0; 0; 1; 1; 10,5691609502384
1212; 3; 0; 0; 1; 1; 10,5209581403273
1250; 16; 4; 0; 0,0650747812183973; 0,0238782817240402; 11,2709013206505
1256; 2; 0; 0; 1; 1; 5,27107816018287
1271; 2; 0; 0; 1; 1; 11,2689070200935
1273; 3; 0; 0; 1; 1; 7,06978226190429
1315; 16; 0; 0; 1; 1; 9,39241776720872
1329; 2; 0; 0; 1; 1; 5,62551792198915
1331; 10; 0; 0; 1; 1; 13,9771371143482
1338; 16; 2; 0; 0,860596133266245; 0,129709746570646; 5,12694479311313
1342; 2; 0; 0; 1; 1; 10,5600997620791
1347; 13; 2; 0; 0,734784581157619; 0,246682489846417; 7,01647439355802
1354; 2; 0; 0; 0,99984869853734; 0,99984869853734; 11,1859736324442
1368; 3; 0; 0; 1; 1; 3,82580296011903
1370; 2; 0; 0; 1; 1; 10,4888446894103
1376; 2; 0; 0; 1; 1; 7,67983752068097
1380; 2; 0; 0; 1; 1; 10,4888446894103
1380; 10; 0; 0; 1; 1; 6,03884629587733
1392; 2; 0; 0; 0,850179789156129; 0,850179789156129; 6,26364806965071
1431; 2; 0; 0; 0,970444481322199; 0,970444481322199; 7,04660407849692
1438; 2; 0; 0; 1; 1; 3,50336252376883
1471; 3; 0; 0; 0,637873463387311; 0,637873463387311; 8,20932019880249
1474; 3; 0; 0; 1; 1; 8,07975115646205
1477; 10; 0; 0; 1; 1; 6,03884629587733
1478; 3; 0; 0; 0,815129883544573; 0,815129883544573; 6,22005108177243
1484; 3; 0; 0; 1; 1; 6,05068546684501
1489; 2; 0; 0; 1; 1; 5,62107601987821
1495; 20; 0; 0; 1; 1; 5,13663818829587
1576; 2; 0; 0; 0,573076016761761; 0,573076016761761; 7,01113123969638
1576; 10; 0; 0; 1; 1; 5,28399050889267
1587; 10; 0; 0; 1; 1; 7,69397085143373
1588; 2; 0; 0; 1; 1; 7,69261483625488
1607; 10; 0; 0; 1; 1; 5,25754303345472
1618; 18; 0; 0; 1; 1; 6,23159404235021
1624; 2; 0; 0; 0,995960336814506; 0,995960336814506; 9,32164469370353
1649; 22; 0; 0; 1; 1; 7,69376746080626
1650; 2; 0; 0; 0,629103444574556; 0,629103444574556; 5,09580003457285
1675; 13; 2; 0; 0,638865273254451; 0,35852605945115; 9,3552991914107
1676; 2; 1; 0; 1; 0; 5,38996640264046
1687; 2; 0; 0; 1; 1; 4,69537792503896
1690; 2; 0; 0; 1; 1; 5,62551792198915
1691; 22; 0; 0; 1; 1; 8,46314420688689
1698; 2; 1; 0; 0,587038927743678; 0,412961072256323; 13,9851262525471
1703; 10; 0; 0; 0,747522551848408; 0,747522551848408; 5,18202099099452
1729; 2; 0; 0; 1; 1; 7,03189740248644
1753; 10; 0; 0; 0,746566212239071; 0,746566212239071; 5,27868570987221
1800; 10; 0; 0; 1; 1; 5,25754303345472
1808; 18; 0; 0; 0,882374525461412; 0,882374525461412; 8,66056665018511
1809; 3; 0; 0; 1; 1; 7,05913304465251
1809; 16; 0; 0; 1; 1; 14,0922146003179
1811; 18; 0; 0; 0,849174342289207; 0,849174342289207; 7,50582443016043
1813; 2; 0; 0; 0,598862545094669; 0,598862545094669; 6,47628517339648
1842; 2; 1; 0; 1; 0; 5,25985156742805
1875; 2; 0; 0; 0,783746120700748; 0,783746120700748; 7,79014582188486
1875; 2; 0; 0; 1; 1; 7,04306688755844
1945; 10; 0; 0; 1; 1; 4,20603442676378
1954; 10; 3; 0; 0,104137429649686; 0,0627631331528219; 11,1859788881209
1956; 10; 0; 0; 1; 1; 7,04532067852356
1965; 3; 0; 0; 1; 1; 4,67332408616558
1975; 2; 0; 0; 1; 1; 7,03691904436078
1980; 2; 0; 0; 1; 1; 18,8377943660565
1981; 2; 0; 0; 1; 1; 5,62107601987821
1997; 2; 1; 0; 0,680940785524685; 0,319059214475315; 4,32905677618765
2008; 22; 17; 0; 0,0579159504719559; 0,0113493523425232; 10,5789302586086
2021; 2; 0; 0; 1; 1; 5,01371420848693
2023; 2; 0; 0; 1; 1; 7,02634502484776
2030; 2; 1; 0; 0,71970690860929; 0,28029309139071; 4,96119103678352
2031; 10; 0; 0; 1; 1; 7,69397085143373
2032; 2; 1; 0; 0,986193932928412; 0,0138060670715882; 3,51142774786431
2033; 2; 0; 0; 0,910877283056289; 0,910877283056289; 4,31183079848472
2059; 2; 1; 0; 0,887617959436567; 0,112382040563433; 5,61050833858992
2102; 10; 0; 0; 1; 1; 13,9813837515407
2126; 10; 0; 0; 1; 1; 11,2809050151125
2145; 18; 0; 0; 1; 1; 7,01054329764399
2155; 2; 0; 0; 0,926959378420928; 0,926959378420928; 8,77959288589469
2163; 2; 1; 0; 0,689954308741487; 0,310045691258513; 4,32905677618765
2175; 2; 0; 0; 1; 1; 4,66170875084903
2187; 2; 0; 0; 0,907061170381887; 0,907061170381887; 4,00384288430724
2224; 2; 0; 0; 1; 1; 5,62107601987821
2246; 10; 7; 0; 0,14127643198304; 0,0617643878897276; 7,00210496444723
2278; 2; 1; 0; 0,792887904155463; 0,207112095844537; 7,01597560451285
2283; 2; 1; 0; 0,792887904155463; 0,207112095844537; 7,01597560451285
2291; 2; 0; 0; 1; 1; 5,27107816018287
2299; 4; 0; 0; 1; 1; 11,2128235288417
2310; 10; 0; 0; 1; 1; 11,215686962354
2329; 22; 0; 0; 0,999999996058389; 0,999999996058389; 7,69376746080626
2398; 2; 0; 0; 1; 1; 4,68423001656517
2417; 10; 0; 0; 1; 1; 11,7504124075597
2421; 2; 0; 0; 1; 1; 14,1380649905556
2423; 3; 1; 0; 0,999974493288323; 0; 4,6944967701438
2426; 16; 0; 0; 1; 1; 8,45532876019076
2442; 2; 0; 0; 1; 1; 11,3026766196339
2453; 18; 0; 0; 0,19872886294292; 0,19872886294292; 4,97352669566138
2456; 10; 0; 0; 1; 1; 4,13789667269439
2496; 16; 0; 0; 0,999906287093785; 0,999906287093785; 11,2792785448489
2507; 10; 0; 0; 1; 1; 8,41206885352755
2514; 4; 0; 0; 1; 1; 9,34401960736808
2514; 10; 0; 0; 1; 1; 11,2809050151125
2518; 2; 1; 0; 1; 0; 3,52153344377922
2531; 22; 0; 0; 0,999999996058389; 0,999999996058389; 7,69376746080626
2532; 14; 1; 0; 0,50307418927756; 0,0797517934345393; 6,69248703919827
2536; 10; 0; 0; 1; 1; 7,01005737793963
2542; 2; 1; 0; 0,582084395378289; 0,417915604621711; 7,0131354232374
2553; 2; 0; 0; 0,999837556983394; 0,999837556983394; 6,49832405596082
2571; 3; 0; 0; 1; 1; 8,07975115646205
2626; 10; 0; 0; 0,999999860931902; 0,999999860931902; 5,83508747037269
2627; 19; 2; 0; 1; 0; 6,03339015503646
2636; 16; 0; 0; 1; 1; 7,04610730015896
2657; 10; 1; 0; 1; 0; 6,99069187577033
2663; 10; 0; 0; 1; 1; 4,67337158529308
2708; 2; 1; 0; 0,533838572364214; 0,466161427635786; 5,09580003457285
2738; 10; 0; 0; 1; 1; 7,01005737793963
2766; 13; 0; 0; 0,937779001948778; 0,937779001948778; 10,524711590337
2766; 2; 0; 0; 1; 1; 11,2689070200935
2775; 3; 0; 0; 1; 1; 4,20838325613094
2801; 16; 2; 0; 0,74936584979508; 0; 6,49440072774096
2807; 11; 0; 0; 1; 1; 13,9822089674753
2814; 10; 0; 0; 1; 1; 7,04532067852356
2822; 17; 0; 0; 1; 1; 8,45511149041034
2832; 10; 0; 0; 1; 1; 3,82366766069434
2838; 11; 0; 0; 1; 1; 9,32147264498352
2856; 2; 0; 0; 1; 1; 10,0747497943563
2858; 4; 0; 0; 1; 1; 14,0160294110521
2858; 17; 0; 0; 1; 1; 8,45511149041034
2872; 18; 1; 0; 0,659892445294164; 0,284684021574725; 5,92748806267931
2874; 2; 0; 0; 1; 1; 4,68423001656517
2875; 3; 0; 0; 0,999820860688149; 0,999820860688149; 10,5886995669788
2878; 4; 0; 0; 1; 1; 7,02558351444018
2878; 2; 0; 0; 1; 1; 5,62551792198915
2883; 3; 0; 0; 0,999832932308287; 0,999832932308287; 10,5886995669788
2895; 2; 0; 0; 1; 1; 5,62107601987821
2898; 3; 0; 0; 1; 1; 6,28425089947048
2911; 2; 0; 0; 1; 1; 7,04306688755844
2922; 10; 1; 0; 1; 0; 3,49534593788516
2936; 20; 0; 0; 1; 1; 9,41717001187576
2936; 2; 0; 0; 1; 1; 4,66170875084903
2952; 10; 0; 0; 1; 1; 7,01005737793963
2957; 2; 0; 0; 1; 1; 5,26495618066078
2973; 2; 1; 0; 1; 0; 3,74880524525515
2992; 2; 0; 0; 0,895806083098759; 0,895806083098759; 2,79601846108257
2994; 3; 0; 0; 1; 1; 4,20838325613094
3011; 10; 0; 0; 1; 1; 7,04532067852356
3018; 2; 1; 0; 0,778264779066278; 0,221735220933722; 7,01597560451285
3045; 3; 0; 0; 1; 1; 3,82580296011903
3045; 2; 0; 0; 1; 1; 7,03691904436078
3053; 11; 3; 0; 0,913808057019338; 0; 7,67980009403301
3060; 2; 0; 0; 1; 1; 11,2689070200935
3063; 10; 0; 0; 1; 1; 10,5150860669094
3063; 10; 0; 0; 1; 1; 7,03442434358047
3069; 2; 0; 0; 1; 1; 4,68793160165763
3081; 11; 3; 0; 0,913849433461327; 0; 7,67980009403301
3082; 3; 0; 0; 1; 1; 5,14165982683949
3100; 2; 0; 0; 1; 1; 7,00880232919177
3103; 3; 0; 0; 1; 1; 14,0279441871031
3121; 2; 0; 0; 1; 1; 10,5600997620791
3129; 16; 0; 0; 0,999876330556735; 0,999876330556735; 11,2792785448489
3130; 2; 0; 0; 1; 1; 5,62551792198915
3152; 3; 0; 0; 1; 1; 8,07975115646205
3160; 2; 1; 0; 1; 0; 4,6754236154916
3169; 10; 0; 0; 1; 1; 9,40208479986707
3212; 22; 0; 0; 1; 1; 14,1052403448115
3214; 3; 0; 0; 1; 1; 8,41676651226188
3220; 11; 0; 0; 1; 1; 12,0048119551263
3225; 10; 0; 0; 1; 1; 7,01005737793963
3226; 2; 0; 0; 1; 1; 5,01371420848693
3229; 13; 0; 0; 0,856239254446149; 0,856239254446149; 9,3552991914107
3270; 17; 0; 0; 1; 1; 8,45511149041034
3304; 2; 0; 0; 1; 1; 4,68423001656517
3315; 2; 0; 0; 1; 1; 5,62551792198915
3321; 16; 2; 0; 0,730471727219657; 0,268162575358941; 5,12694479311313
3327; 19; 2; 0; 1; 0; 7,03895518087587
3332; 10; 0; 0; 1; 1; 10,0717820636226
3336; 3; 0; 0; 1; 1; 4,67332408616558
3355; 2; 0; 0; 1; 1; 7,06903249527782
3359; 10; 0; 0; 1; 1; 6,03884629587733
3366; 2; 0; 0; 1; 1; 6,24253821842544
3395; 18; 0; 0; 0,892446780335158; 0,892446780335158; 7,50582443016043
3402; 2; 1; 0; 1; 0; 4,6754236154916
3405; 3; 0; 0; 1; 1; 5,26047907016367
3409; 3; 2; 0; 0,470553576669656; 0,109536139713886; 6,1462832707773
3420; 2; 0; 0; 0,62289057391385; 0,62289057391385; 7,65069318898626
3435; 10; 0; 0; 1; 1; 5,28399050889267
3472; 10; 0; 0; 1; 1; 11,1817096914785
3475; 2; 0; 0; 1; 1; 4,69537792503896
3477; 10; 4; 0; 0,468819363228854; 0; 7,69261483625487
3484; 2; 1; 0; 0,873477615867556; 0,126522384132444; 5,61050833858992
3486; 2; 0; 0; 1; 1; 9,38255872581438
3512; 3; 0; 0; 1; 1; 4,67598139570104
3527; 2; 0; 0; 1; 1; 7,03189740248644
3539; 3; 0; 0; 1; 1; 8,07975115646205
3567; 16; 0; 0; 0,988707669936368; 0,988707669936368; 9,39939878737407
3570; 16; 0; 0; 1; 1; 14,0886266508131
3578; 2; 0; 0; 1; 1; 5,26495618066078
3594; 3; 0; 0; 1; 1; 8,07975115646205
3600; 3; 0; 0; 1; 1; 8,07975115646205
3604; 10; 0; 0; 1; 1; 5,28704040933793
3604; 10; 0; 0; 1; 1; 7,81602704842274
3611; 3; 0; 0; 1; 1; 14,118266089305
3645; 2; 0; 0; 1; 1; 7,03189740248644
3648; 2; 0; 0; 1; 1; 4,68190366381908
3658; 2; 0; 0; 1; 1; 7,02634502484776
3676; 10; 0; 0; 1; 1; 11,1817096914785
3682; 2; 0; 0; 1; 1; 5,27839130740084
3695; 10; 1; 0; 1; 0; 7,98936214373752
3740; 2; 0; 0; 1; 1; 3,12528773443842
3769; 10; 0; 0; 1; 1; 4,69688045234904
3771; 10; 0; 0; 1; 1; 4,20603442676378
3783; 10; 0; 0; 1; 1; 6,2120609397103
3790; 10; 0; 0; 1; 1; 4,67337158529308
3795; 2; 0; 0; 1; 1; 7,02634502484776
3798; 11; 0; 0; 1; 1; 5,59288358699011
3805; 2; 1; 0; 0,52281863402711; 0,47718136597289; 5,02219466003125
3806; 3; 0; 0; 1; 1; 3,82362879777184
3809; 4; 0; 0; 1; 1; 8,02923830221735
3817; 2; 0; 0; 0,794736017097619; 0,794736017097619; 6,25308201004882
3817; 2; 0; 0; 1; 1; 7,04306688755844
3822; 16; 2; 0; 0,648420548615702; 0; 6,03051496147375
3824; 2; 0; 0; 0,930255675893002; 0,930255675893002; 6,15625633464721
3843; 16; 0; 0; 0,999863387832522; 0,999863387832522; 11,2792785448489
3846; 2; 0; 0; 0,999867578259919; 0,999867578259919; 7,05156359990031
3888; 10; 0; 0; 1; 1; 6,00862060966254
3940; 11; 0; 0; 1; 1; 5,59288358699011
3942; 2; 0; 0; 1; 1; 4,68793160165763
3958; 2; 1; 0; 1; 0; 4,6754236154916
3964; 2; 0; 0; 1; 1; 13,9851262525471
3984; 20; 0; 0; 1; 1; 8,07186001017923
4017; 10; 0; 0; 1; 1; 7,01005737793963
4030; 2; 0; 0; 1; 1; 5,62107601987821
4032; 10; 0; 0; 0,644003713847648; 0,644003713847648; 5,59298944406047
4047; 2; 1; 0; 0,750596237762321; 0,249403762237679; 4,32905677618765
4055; 16; 0; 0; 1; 1; 11,2709013206505
4069; 22; 0; 0; 1; 1; 12,0902060098384
4083; 10; 0; 0; 1; 1; 7,69397085143373
4085; 2; 0; 0; 1; 1; 7,03189740248644
4108; 2; 1; 0; 0,53675819865627; 0,46324180134373; 5,09580003457285
4124; 10; 0; 0; 1; 1; 11,1817096914785
4125; 16; 0; 0; 1; 1; 7,04610730015896
4144; 3; 1; 0; 0,531273417814824; 0,468058601383957; 9,36947936008866
4147; 22; 0; 0; 1; 1; 8,46314420688689
4153; 2; 0; 0; 0,667167925270308; 0,667167925270308; 7,01113123969638
4166; 2; 0; 0; 1; 1; 5,27839130740084
4193; 4; 0; 0; 1; 1; 11,2128235288417
4193; 17; 0; 0; 1; 1; 10,5688893630129
4207; 16; 2; 0; 0,419285669616198; 0; 5,27670059128953
4225; 10; 0; 0; 1; 1; 3,82366766069434
4225; 10; 0; 0; 1; 1; 7,04532067852356
4242; 2; 0; 0; 1; 1; 7,03785507653446
4245; 13; 0; 0; 0,563086630176158; 0,563086630176158; 7,6543357020633
4278; 20; 0; 0; 1; 1; 8,07186001017923
4294; 10; 0; 0; 1; 1; 6,0423318963862
4302; 11; 0; 0; 1; 1; 9,32147264498352
4317; 3; 0; 0; 0,98172237802438; 0,98172237802438; 7,05913304465251
4335; 2; 0; 0; 1; 1; 7,03189740248644
4341; 2; 0; 0; 1; 1; 5,60253347316479
4354; 2; 0; 0; 0,999960012524644; 0,999960012524644; 7,03985106062423
4355; 10; 0; 0; 0,900106651810572; 0,900106651810572; 6,56389325525972
4372; 2; 0; 0; 1; 1; 10,4888446894103
4379; 2; 0; 0; 1; 1; 4,66170875084903
4384; 10; 0; 0; 1; 1; 7,04532067852356
4391; 3; 0; 0; 1; 1; 4,67332408616558
4392; 19; 0; 0; 0,456654464494322; 0,456654464494322; 5,62116945715164
4431; 2; 0; 0; 1; 1; 4,14031079166606
4436; 2; 0; 0; 0,91716052739217; 0,91716052739217; 7,02315061497677
4466; 10; 1; 0; 1; 0; 5,08413954601478
4486; 20; 0; 0; 1; 1; 7,06287750890682
4488; 10; 0; 0; 1; 1; 14,0196087029426
4497; 10; 0; 0; 1; 1; 8,45926465494068
4497; 10; 0; 0; 1; 1; 7,81602704842274
4512; 20; 0; 0; 1; 1; 8,07186001017923
4517; 3; 0; 0; 1; 1; 4,20599167754902
4523; 4; 0; 0; 1; 1; 8,02923830221735
4523; 2; 0; 0; 1; 1; 9,37586320331525
4534; 10; 0; 0; 1; 1; 6,0423318963862
4565; 10; 1; 0; 1; 0; 5,59255350061626
4577; 10; 0; 0; 1; 1; 4,67337158529308
4589; 3; 2; 0; 0,714052499332521; 0,11660377573445; 7,56459039202001
4590; 19; 3; 0; 0,247538785901051; 0,077030372214782; 4,32397650550126
4592; 3; 0; 0; 1; 1; 8,41676651226188
4592; 16; 0; 0; 1; 1; 7,04610730015896
4608; 2; 0; 0; 1; 1; 7,04306688755844
4613; 3; 0; 0; 0,985056962766856; 0,985056962766856; 7,0417451552157
4622; 10; 0; 0; 1; 1; 7,01005737793963
4627; 10; 0; 0; 1; 1; 7,01005737793963
4634; 4; 0; 0; 1; 1; 7,02558351444018
4645; 4; 0; 0; 1; 1; 11,2128235288417
4645; 17; 0; 0; 1; 1; 8,45511149041034
4656; 3; 0; 0; 1; 1; 5,26047907016367
4656; 2; 0; 0; 1; 1; 9,38255872581438
4680; 2; 0; 0; 1; 1; 10,4888446894103
4704; 10; 0; 0; 0,999999902698172; 0,999999902698172; 13,9771371143482
4724; 2; 0; 0; 0,976179563664703; 0,976179563664703; 6,25308201004882
4746; 17; 0; 0; 1; 1; 8,45511149041034
4747; 10; 0; 0; 1; 1; 7,05056563444529
4749; 3; 0; 0; 1; 1; 8,07975115646205
4758; 19; 2; 0; 0,921474019010514; 0; 5,63116414470069
4765; 2; 0; 0; 1; 1; 7,03189740248644
4770; 2; 0; 0; 1; 1; 7,03691904436078
4771; 2; 0; 0; 1; 1; 6,39188411276705
4771; 2; 0; 0; 1; 1; 5,62953523548863
4784; 2; 0; 0; 1; 1; 4,68423001656517
4812; 16; 0; 0; 1; 1; 11,2792785448489
4816; 2; 0; 0; 1; 1; 5,26495618066078
4824; 2; 1; 0; 1; 0; 7,67983752066968
4914; 16; 0; 0; 1; 1; 11,2709013206505
4927; 2; 0; 0; 0,986200171148346; 0,986200171148346; 4,22391063637454
4932; 2; 0; 0; 1; 1; 7,03691904436078
4933; 2; 0; 0; 1; 1; 6,99256312627354
4936; 2; 0; 0; 1; 1; 11,1859736324442
4950; 2; 1; 0; 1; 0; 4,69235223055487
4965; 11; 0; 0; 1; 1; 13,9822089674753
4972; 3; 0; 0; 1; 1; 8,41676651226188
4972; 2; 0; 0; 1; 1; 7,03691904436078
5003; 4; 0; 0; 1; 1; 8,00915966345835
5073; 10; 0; 0; 1; 1; 4,69959147496705
5087; 10; 0; 0; 1; 1; 4,20603442676378
5120; 2; 1; 0; 1; 0; 4,42934868836047
5134; 2; 0; 0; 1; 1; 7,06903249527782
5153; 10; 0; 0; 1; 1; 5,28704040933793
5174; 2; 1; 0; 0,582529783366376; 0,417470216633624; 4,32905677618765
5197; 11; 0; 0; 1; 1; 13,9822089674753
5201; 10; 0; 0; 1; 1; 8,45926465494068
5211; 2; 0; 0; 0,728144510196476; 0,728144510196476; 4,68190366381908
5225; 2; 0; 0; 1; 1; 5,62551792198915
5227; 20; 0; 0; 1; 1; 8,07186001017923
5260; 4; 0; 0; 0,995016908714917; 0,995016908714917; 5,10951528322922
5302; 3; 0; 0; 1; 1; 8,07975115646205
5306; 2; 0; 0; 1; 1; 8,75869540429075
5321; 2; 0; 0; 0,728144510196476; 0,728144510196476; 4,68190366381908
5331; 3; 0; 0; 1; 1; 5,26047907016367
5355; 2; 0; 0; 0,859434606917927; 0,859434606917927; 3,74880524525515
5359; 2; 0; 0; 1; 1; 6,99256312627354
5396; 10; 0; 0; 1; 1; 11,215686962354
5397; 4; 0; 0; 1; 1; 7,00801470552606
5397; 2; 0; 0; 1; 1; 5,62551792198915
5424; 18; 0; 0; 1; 1; 5,09857694374108
5441; 10; 0; 0; 1; 1; 5,11201109423631
5445; 2; 0; 0; 1; 1; 7,06903249527782
5524; 2; 0; 0; 1; 1; 7,02162779069603
5548; 3; 0; 0; 1; 1; 7,06978226190429
5569; 10; 0; 0; 1; 1; 3,82366766069434
5571; 3; 0; 0; 1; 1; 6,00855953935574
5575; 10; 0; 0; 1; 1; 5,09803952834275
5611; 2; 0; 0; 1; 1; 9,37586320331525
5715; 10; 0; 0; 0,999999987449544; 0,999999987449544; 6,39493122143679
5716; 2; 1; 0; 1; 0; 4,14031079166606
5734; 2; 0; 0; 1; 1; 5,62107601987821
5759; 2; 0; 0; 1; 1; 5,62551792198915
5795; 11; 0; 0; 1; 1; 9,32147264498352
5798; 4; 0; 0; 1; 1; 9,34401960736808
5800; 10; 0; 0; 1; 1; 6,21394833401807
5800; 3; 1; 0; 0,907656656794777; 0,0475501397046732; 2,81669806208628
5804; 2; 0; 0; 1; 1; 4,69537792503896
5805; 4; 0; 0; 1; 1; 7,00801470552606
5814; 2; 1; 0; 0,99992235122159; 7,76487784102115E-05; 7,65379156855948
5833; 10; 0; 0; 1; 1; 3,01109722216164
5874; 3; 0; 0; 1; 1; 7,0234158438026
5889; 10; 0; 0; 1; 1; 4,22963232747034
5889; 10; 0; 0; 1; 1; 4,69688045234904
5892; 2; 0; 0; 1; 1; 2,47762643795801
5908; 14; 1; 0; 1; 0; 6,24832824769447
5930; 10; 0; 0; 1; 1; 5,61309976426031
5932; 3; 2; 0; 0,617952326680216; 0,002559128894907; 8,1950443610364
5937; 16; 0; 0; 0,999780423444501; 0,999780423444501; 6,27811633049087
5947; 10; 0; 0; 1; 1; 4,68392901225144
5951; 10; 0; 0; 1; 1; 9,40075417926039
5993; 3; 0; 0; 1; 1; 4,20838325613094
5996; 2; 0; 0; 1; 1; 14,1380649905556
5996; 11; 0; 0; 1; 1; 2,79644179349506
6004; 2; 0; 0; 1; 1; 7,02634502484776
6023; 2; 0; 0; 0,910609137043295; 0,910609137043295; 3,74552293105527
6032; 2; 0; 0; 0,966175274672724; 0,966175274672724; 7,04660407849692
6042; 3; 1; 0; 1; 0; 9,83405323324368
6057; 3; 0; 0; 1; 1; 7,06978226190429
6062; 3; 0; 0; 1; 1; 9,42637634920573
6066; 10; 0; 0; 1; 1; 7,02901525457492
6070; 4; 0; 0; 0,999962315772439; 0,999962315772439; 7,02558351444018
6076; 2; 0; 0; 1; 1; 5,27864349053323
6077; 10; 0; 0; 1; 1; 4,31372575475156
6083; 10; 0; 0; 1; 1; 7,04938721245057
6108; 10; 0; 0; 1; 1; 6,5091356306772
6119; 13; 2; 0; 0,495511851403808; 0,407065441773713; 4,67764959570535
6125; 10; 0; 0; 1; 1; 5,09803952834275
6130; 10; 0; 0; 0,922927927542221; 0,922927927542221; 6,03278366842539
6139; 2; 0; 0; 1; 1; 5,4085173261875
6153; 3; 0; 0; 1; 1; 4,6791851823837
6169; 3; 0; 0; 1; 1; 3,50499306462418
6171; 2; 0; 0; 1; 1; 4,69537792503896
6204; 10; 0; 0; 1; 1; 4,20603442676378
6206; 4; 0; 0; 1; 1; 9,34401960736808
6206; 10; 0; 0; 1; 1; 9,40075417926039
6209; 10; 1; 0; 0,586543880491127; 0; 2,33023062525678
6231; 20; 0; 0; 1; 1; 4,34638615932728
6236; 4; 0; 0; 1; 1; 9,34401960736808
6268; 2; 0; 0; 1; 1; 4,68738168269583
6283; 2; 0; 0; 1; 1; 9,42537666037043
6283; 11; 0; 0; 1; 1; 3,49555224186882
6286; 2; 0; 0; 1; 1; 5,27839130740084
6287; 2; 0; 0; 1; 1; 4,02460965003339
6297; 3; 0; 0; 1; 1; 6,01197608018705
6301; 3; 0; 0; 1; 1; 8,41676651226188
6305; 2; 0; 0; 1; 1; 8,01005980479059
6321; 2; 0; 0; 1; 1; 4,68738168269583
6323; 3; 0; 0; 1; 1; 5,65582580952344
6334; 2; 0; 0; 1; 1; 5,00496880245186
6346; 10; 0; 0; 1; 1; 9,3209225010271
6389; 13; 2; 0; 0,503029865297818; 0,383200624621207; 4,20988463613481
6401; 4; 0; 0; 0,386419587606573; 0,386419587606573; 2,95814042713271
6430; 2; 0; 0; 1; 1; 2,47762643795801
6450; 2; 0; 0; 1; 1; 5,61932379282275
6453; 10; 0; 0; 0,999999684668426; 0,999999684668426; 5,86202028631706
6472; 19; 0; 0; 0,382816313683231; 0,382816313683231; 4,16382922751973
6495; 2; 0; 0; 0,999327619843399; 0,999327619843399; 8,03967687006277
6503; 10; 0; 0; 1; 1; 4,50154871324242
6511; 10; 0; 0; 0,733158060301751; 0,733158060301751; 4,02185577895026
6511; 11; 0; 0; 1; 1; 9,32147264498352
6515; 10; 0; 0; 0,996287759725968; 0,996287759725968; 4,30065757364559
6523; 10; 0; 0; 1; 1; 3,2354110975106
6528; 10; 0; 0; 1; 1; 5,28867269992523
6549; 2; 0; 0; 1; 1; 2,67537352218233
6569; 2; 0; 0; 1; 1; 7,02634502484776
6615; 2; 0; 0; 1; 1; 7,03189740248644
6651; 18; 0; 0; 1; 1; 3,1157970211751
6676; 2; 0; 0; 1; 1; 4,6919033843563
6682; 2; 0; 0; 1; 1; 3,99431208726082
6687; 2; 0; 0; 0,695995174220377; 0,695995174220377; 5,10753126962082
6716; 2; 0; 0; 1; 1; 3,81412534160375
6718; 2; 0; 0; 0,590097273390434; 0,590097273390434; 4,38699993242606
6718; 13; 0; 0; 1; 1; 14,0344991935389
6721; 2; 0; 0; 1; 1; 3,12751957527146
6730; 3; 0; 0; 1; 1; 4,67598139570104
6733; 2; 0; 0; 1; 1; 4,68423001656517
6739; 10; 0; 0; 1; 1; 6,61992457829768
6749; 2; 1; 0; 0,750068793191953; 0,249931206808047; 6,02373269467623
6783; 10; 0; 0; 1; 1; 3,2354110975106
6787; 20; 0; 0; 1; 1; 5,65030200712546
6794; 2; 0; 0; 1; 1; 2,99681276840295
6820; 10; 3; 0; 1; 0; 4,66082453671706
6824; 2; 0; 0; 1; 1; 2,99681276840295
6826; 2; 0; 0; 0,995781407038614; 0,995781407038614; 4,69323404041615
6828; 10; 0; 0; 1; 1; 3,2354110975106
6836; 2; 0; 0; 1; 1; 2,79702525050942
6837; 3; 1; 0; 0,998375791369661; 0,0016242086303393; 7,03205924410529
6861; 10; 0; 0; 1; 1; 3,01109722216164
6863; 2; 0; 0; 1; 1; 7,65069318898626
6866; 10; 0; 0; 1; 1; 4,0067124232693
6878; 10; 0; 0; 1; 1; 4,22963232747034
6903; 2; 0; 0; 0,946123290159207; 0,946123290159207; 6,26364806977504
6907; 10; 0; 0; 0,999904735831777; 0,999904735831777; 6,2120609397103
6909; 2; 0; 0; 0,924345700726707; 0,924345700726707; 6,26364806977504
6912; 10; 0; 0; 1; 1; 4,22963232747034
6918; 2; 0; 0; 1; 1; 7,03189740248644
6937; 10; 0; 0; 1; 1; 2,47413789809634
6942; 2; 0; 0; 1; 1; 2,34563968145359
6960; 13; 2; 0; 0,49949041072063; 0,292812434696484; 3,50823719677901
6967; 16; 0; 0; 1; 1; 6,26161184480581
6970; 16; 0; 0; 1; 1; 6,03051496147375
6986; 2; 0; 0; 1; 1; 4,68423001656517
7011; 16; 0; 0; 0,968451673221434; 0,968451673221434; 5,12694479311313
7056; 2; 1; 0; 0,855884836895399; 0,144115163104601; 4,22403990483164
7056; 11; 0; 0; 1; 1; 2,79644179349506
7092; 10; 0; 0; 1; 1; 4,70104239993353
7130; 11; 0; 0; 1; 1; 9,32147264498352
7140; 2; 1; 0; 0,756159887942814; 0,243840112057186; 6,02373269467623
7155; 2; 1; 0; 1; 0; 3,75630234003117
7175; 16; 12; 0; 0,0634077283663018; 0,0488840745054732; 18,8343489914726
7200; 3; 0; 0; 1; 1; 7,01397209355156
7226; 2; 0; 0; 0,590097273390434; 0,590097273390434; 4,38699993242606
7244; 3; 0; 0; 1; 1; 4,6791851823837
7262; 10; 0; 0; 1; 1; 6,99069187577033
7278; 10; 0; 0; 0,999994505134871; 0,999994505134871; 9,31809140956545
7279; 10; 0; 0; 1; 1; 6,2309372013078
7283; 2; 1; 0; 1; 0; 6,03415805195475
7287; 18; 1; 0; 0,75924323582577; 0,178258933343655; 4,89662057351769
7288; 2; 0; 0; 1; 1; 4,68423001656517
7314; 2; 0; 0; 1; 1; 2,81476761774431
7316; 10; 0; 0; 1; 1; 9,39513110520466
7332; 10; 0; 0; 1; 1; 10,5245620579881
7334; 2; 0; 0; 1; 1; 9,37586320331525
7335; 2; 0; 0; 1; 1; 3,72802461477676
7344; 17; 0; 0; 1; 1; 3,84323249564106
7345; 3; 0; 0; 1; 1; 6,28425089947048
7364; 10; 1; 0; 0,689922955277549; 0; 3,31592862536635
7375; 2; 0; 0; 1; 1; 3,50336252376883
7466; 3; 0; 0; 1; 1; 5,65582580952344
7473; 10; 0; 0; 1; 1; 5,26942013878287
7473; 10; 0; 0; 0,99999998776291; 0,99999998776291; 6,39493122143679
7492; 10; 3; 0; 1; 0; 5,59298944406047
7521; 11; 2; 0; 0,565852014127276; 0; 1,39822089674753
7522; 16; 0; 0; 0,891379199540198; 0,891379199540198; 4,69969939368703
7528; 16; 0; 0; 0,999910604453262; 0,999910604453262; 7,06288087180223
7538; 2; 1; 0; 0,742193241852777; 0,257806758147223; 5,41019610693308
7552; 16; 11; 0; 0,0634077283663018; 0,0488840745054732; 18,8343489914726
7580; 16; 0; 0; 1; 1; 14,1257617436045
7591; 2; 0; 0; 1; 1; 5,62551792198915
7597; 2; 1; 0; 0,86461888358626; 0,13538111641374; 4,69337767203515
7617; 10; 0; 0; 1; 1; 6,2309372013078
7623; 4; 0; 0; 1; 1; 3,50400735276303
7626; 14; 1; 0; 1; 0; 4,01678244494644
7651; 2; 0; 0; 1; 1; 7,03189740248644
7662; 3; 1; 0; 0,473439915670092; 0,319669018878432; 3,30280872057158
7668; 3; 0; 0; 1; 1; 10,5886995669788
7698; 4; 0; 0; 0,960806792222465; 0,960806792222465; 3,20847696267236
7701; 10; 0; 0; 0,999999990577406; 0,999999990577406; 6,39493122143679
7702; 10; 0; 0; 1; 1; 2,47413789809634
7721; 2; 0; 0; 1; 1; 2,94870182798147
7724; 16; 0; 0; 1; 1; 6,0395205429934
7731; 2; 0; 0; 1; 1; 5,60835408966466
7766; 2; 0; 0; 1; 1; 6,99256312627354
7784; 2; 1; 0; 1; 0; 2,50248440122593
7787; 10; 0; 0; 1; 1; 3,00431030483127
7790; 10; 0; 0; 1; 1; 8,45926465494068
7796; 10; 0; 0; 1; 1; 3,00431030483127
7798; 2; 0; 0; 1; 1; 3,12751957527146
7812; 10; 0; 0; 1; 1; 7,65422695126406
7820; 3; 0; 0; 1; 1; 7,06978226190429
7832; 3; 0; 0; 1; 1; 6,01609523449333
7841; 16; 0; 0; 1; 1; 11,3006093948836
7846; 2; 1; 0; 1; 0; 4,68244953914383
7853; 2; 0; 0; 1; 1; 2,55376563481041
7859; 3; 0; 0; 1; 1; 3,82362879777184
7861; 10; 3; 0; 1; 0; 5,08453585823679
7902; 2; 1; 0; 1; 0; 5,86544028819359
7904; 10; 0; 0; 0,911666876599168; 0,911666876599168; 3,10603046985515
7959; 4; 0; 0; 0,346156153042832; 0,346156153042832; 3,12248156197341
7959; 2; 0; 0; 1; 1; 5,62551792198915
7970; 3; 0; 0; 1; 1; 14,118266089305
7974; 2; 0; 0; 1; 1; 2,80352093167671
7989; 10; 1; 0; 0,553613135270391; 0; 4,95273508611204
8007; 10; 0; 0; 1; 1; 3,2354110975106
8041; 2; 0; 0; 1; 1; 4,13036928864472
8090; 3; 0; 0; 1; 1; 4,20838325613094
8117; 2; 1; 0; 1; 0; 4,38979644294735
8125; 10; 1; 0; 0,660310785012265; 0; 3,13171036840155
8130; 2; 0; 0; 0,918894504469576; 0,918894504469576; 5,62777380904394
8130; 2; 0; 0; 1; 1; 4,02460965003339
8136; 10; 0; 0; 1; 1; 5,08453585823679
8156; 2; 0; 0; 0,652278676221609; 0,652278676221609; 5,6182843965829
8194; 17; 0; 0; 1; 1; 6,0393653502931
8206; 3; 0; 0; 1; 1; 4,67598139570104
8214; 13; 2; 0; 0,506928556034452; 0,364958456205116; 4,00941393917601
8215; 10; 0; 0; 1; 1; 3,84512029770031
8260; 10; 0; 0; 1; 1; 2,33668579264654
8304; 2; 0; 0; 1; 1; 5,99362553680589
8307; 2; 1; 0; 1; 0; 4,95044853404993
8312; 16; 2; 0; 0,365955247903751; 0; 4,69040052559069
8315; 2; 0; 0; 1; 1; 2,24215201521205
8341; 2; 0; 0; 1; 1; 3,12282001104345
8352; 2; 1; 0; 0,847108094588149; 0,152891905411851; 4,01983843503138
8356; 2; 1; 0; 1; 0; 2,66922858953816
8357; 3; 0; 0; 1; 1; 5,29434978348938
8366; 2; 0; 0; 1; 1; 9,38255872581438
8369; 2; 0; 0; 1; 1; 4,71268833018521
8373; 3; 0; 0; 1; 1; 8,47095965358302
8375; 10; 0; 0; 1; 1; 3,52528281722265
8376; 10; 0; 0; 1; 1; 6,26716945284026
8381; 16; 0; 0; 1; 1; 5,60113830716406
8389; 2; 0; 0; 1; 1; 7,06903249527782
8408; 10; 0; 0; 1; 1; 7,01637470532539
8410; 10; 0; 0; 1; 1; 3,73856232078468
8413; 16; 0; 0; 1; 1; 11,3006093948836
8419; 2; 0; 0; 1; 1; 5,63445351004675
8436; 2; 0; 0; 1; 1; 11,1840738443303
8445; 16; 0; 0; 1; 1; 9,39241776720872
8451; 14; 12; 0; 1; 0; 4,16555216512964
8462; 2; 1; 0; 0,732183140083131; 0,267816859916869; 6,03434272118805
8491; 4; 0; 0; 0,720874090025355; 0,720874090025355; 3,30615694797185
8491; 2; 0; 0; 1; 1; 4,71268833018521
8512; 2; 0; 0; 1; 1; 2,50772421096287
8530; 3; 0; 0; 1; 1; 7,06978226190429
8550; 2; 0; 0; 1; 1; 5,09850371787696
8554; 20; 0; 0; 1; 1; 9,41717001187576
8565; 10; 0; 0; 0,922927927542221; 0,922927927542221; 6,03278366842539
8608; 2; 0; 0; 1; 1; 9,3508472309832
8609; 16; 0; 0; 0,99998555681432; 0,99998555681432; 8,07186385348826
8623; 2; 0; 0; 1; 1; 7,03107252404375
8625; 10; 0; 0; 1; 1; 2,33668579264654
8627; 22; 0; 0; 0,950804753771702; 0,950804753771702; 4,03006866994614
8650; 4; 3; 0; 0,424197720873237; 0; 2,07644880163735
8650; 2; 0; 0; 1; 1; 9,42537666037043
8655; 4; 3; 0; 0,422100688149145; 0; 2,07644880163735
8669; 2; 1; 0; 1; 0; 3,70448860306963
8703; 2; 0; 0; 0,992301855669921; 0,992301855669921; 4,44622172249951
8705; 2; 0; 0; 1; 1; 5,99362553680589
8713; 10; 0; 0; 1; 1; 2,10301721338189
8713; 2; 0; 0; 1; 1; 5,63445351004675
8754; 2; 0; 0; 0,988752955594696; 0,988752955594696; 4,70154990403293
8762; 17; 0; 0; 0,514849162659071; 0,514849162659071; 5,60191802878257
8771; 16; 0; 0; 1; 1; 4,69040052559069
8796; 10; 0; 0; 1; 1; 2,81160610182997
8803; 19; 2; 0; 0,81087175423769; 0; 4,96867424532414
8810; 10; 0; 0; 0,999279277534827; 0,999279277534827; 4,70016496302388
8815; 10; 0; 0; 1; 1; 5,08453585823679
8817; 3; 0; 0; 1; 1; 5,26047907016367
8823; 16; 0; 0; 1; 1; 11,3006093948836
8824; 10; 0; 0; 1; 1; 8,0577892965089
8831; 10; 0; 0; 1; 1; 3,99346774695662
8834; 2; 0; 0; 1; 1; 7,06903249527782
8865; 3; 1; 0; 1; 0; 11,2436046970747
8886; 2; 0; 0; 0,998723131474948; 0,998723131474948; 5,28867269992523
8889; 3; 0; 0; 1; 1; 7,05913304465251
8902; 2; 0; 0; 1; 1; 5,26495618066078
8903; 2; 0; 0; 1; 1; 5,26495618066078
8909; 16; 0; 0; 0,999985417525974; 0,999985417525974; 8,07186385348826
8922; 10; 0; 0; 1; 1; 3,13171036840155
8937; 2; 0; 0; 1; 1; 2,8105380099391
8948; 2; 0; 0; 1; 1; 5,12223046367886
8951; 16; 0; 0; 1; 1; 4,70858724786815
8956; 3; 0; 0; 1; 1; 5,14165982683949
8959; 2; 0; 0; 1; 1; 5,62107601987821
8962; 2; 1; 0; 1; 0; 1,40932081567141
8976; 2; 0; 0; 0,999925725924297; 0,999925725924297; 9,37962301507323
8978; 2; 0; 0; 1; 1; 3,49628156313677
8994; 2; 1; 0; 0,899520701090073; 0,100479298909927; 5,60835408966466
9004; 2; 0; 0; 1; 1; 9,42537666037043
9010; 13; 2; 0; 0,959891392456917; 0; 4,00941393917601
9016; 2; 0; 0; 1; 1; 3,49628156313677
9016; 10; 0; 0; 1; 1; 3,51297016455498
9018; 2; 0; 0; 1; 1; 3,49628156313677
9039; 2; 1; 0; 0,870031717967183; 0,129968282032817; 2,34122476957192
9044; 2; 0; 0; 1; 1; 2,72446115640425
9051; 10; 0; 0; 1; 1; 5,60784348117702
9060; 16; 0; 0; 0,977292025046816; 0,977292025046816; 5,60113830716406
9089; 2; 0; 0; 1; 1; 4,69537792503896
9090; 10; 0; 0; 1; 1; 6,3655499676793
9123; 3; 0; 0; 1; 1; 14,118266089305
9163; 3; 0; 0; 1; 1; 3,82580296011903
9165; 10; 0; 0; 1; 1; 4,69688045234904
9172; 3; 0; 0; 0,659495844463246; 0,659495844463246; 4,47781101752863
9178; 2; 0; 0; 1; 1; 5,42486527388415
9188; 2; 0; 0; 0,577027218065205; 0,577027218065205; 3,69559357405054
9192; 16; 0; 0; 1; 1; 3,52305365007948
9198; 20; 0; 0; 1; 1; 8,07186001017923
9204; 10; 4; 0; 0,488935516559353; 0; 4,00935697447165
9205; 20; 0; 0; 1; 1; 9,41717001187576
9213; 20; 0; 0; 0,999999701693271; 0,999999701693271; 7,06287750890682
9220; 11; 0; 0; 1; 1; 6,99110448373764
9220; 2; 0; 0; 0,993963359903195; 0,993963359903195; 9,39547210466256
9253; 2; 0; 0; 0,999970453665028; 0,999970453665028; 6,25308201004882
9253; 2; 0; 0; 1; 1; 3,52153344377922
9258; 3; 0; 0; 1; 1; 8,07975115646205
9260; 16; 0; 0; 1; 1; 9,4171744957363
9275; 16; 0; 0; 1; 1; 4,69969939368703
9280; 2; 0; 0; 0,999772764308704; 0,999772764308704; 5,61088157994817
9287; 16; 0; 0; 1; 1; 4,69969939368703
9298; 16; 0; 0; 1; 1; 7,04431332540654
9314; 2; 0; 0; 0,503038794645173; 0,503038794645173; 5,36181061946233
9345; 2; 1; 0; 0,986735303465305; 0,0132646965346952; 4,13720878765471
9360; 2; 0; 0; 1; 1; 3,11502325741856
9388; 4; 0; 0; 1; 1; 1,80851992400673
9389; 2; 0; 0; 1; 1; 2,50772421096287
9395; 2; 1; 0; 1; 0; 4,44622172249297
9402; 20; 0; 0; 0,999984101591365; 0,999984101591365; 5,13663818829587
9419; 3; 2; 0; 0,575261275497204; 0,151798557569018; 3,17227523653022
9423; 10; 0; 0; 1; 1; 4,22963232747034
9423; 10; 0; 0; 1; 1; 3,90801352421137
9446; 2; 0; 0; 1; 1; 4,02109659677759
9451; 3; 0; 0; 1; 1; 4,03987557823103
9456; 18; 0; 0; 0,803070707279182; 0,803070707279182; 4,97352669566138
9460; 16; 0; 0; 0,9977069866504; 0,9977069866504; 7,00142288395508
9486; 10; 0; 0; 1; 1; 6,21394833401807
9527; 2; 1; 0; 1; 0; 3,24839599417429
9533; 19; 0; 0; 0,989988905805319; 0,989988905805319; 7,03895518087587
9549; 2; 0; 0; 1; 1; 10,4888446894103
9560; 10; 0; 0; 1; 1; 5,12461696647527
9614; 11; 0; 0; 1; 1; 1,55357877416392
9615; 13; 2; 0; 0,965008759651928; 0; 4,00941393917601
9620; 3; 2; 0; 0,504642820868373; 0,382527285249051; 3,64858675502333
9633; 2; 1; 0; 1; 0; 6,49679198834859
9636; 10; 0; 0; 1; 1; 4,30196423124328
9671; 10; 0; 0; 1; 1; 3,52469360622528
9671; 2; 0; 0; 1; 1; 3,75630234003117
9714; 2; 0; 0; 1; 1; 7,06903249527782
9726; 3; 2; 0; 0,798099240244018; 0,201900460095658; 4,31420306994588
9726; 2; 0; 0; 0,988785308437578; 0,988785308437578; 7,04660407849692
9758; 2; 0; 0; 1; 1; 5,62953523548863
9764; 2; 1; 0; 1; 0; 4,00750595613566
9773; 10; 0; 0; 1; 1; 5,6370786631228
9774; 16; 0; 0; 1; 1; 3,31743486613202
9779; 2; 0; 0; 1; 1; 9,42537666037043
9807; 3; 0; 0; 1; 1; 4,20838325613094
9813; 3; 0; 0; 1; 1; 3,77055053968229
9833; 2; 0; 0; 1; 1; 5,65522599622226
9834; 2; 0; 0; 1; 1; 4,02109659677759
9835; 3; 0; 0; 1; 1; 4,67598139570104
9841; 10; 1; 0; 1; 0; 8,63793860381745
9846; 10; 0; 0; 1; 1; 4,68396021940664
9923; 18; 0; 0; 0,852561924249272; 0,852561924249272; 4,69721965701353
9953; 2; 0; 0; 1; 1; 3,22733682751086
9960; 10; 0; 0; 1; 1; 6,00862060966254
9961; 10; 0; 0; 1; 1; 4,69756555260233
9995; 16; 0; 0; 1; 1; 6,49440072774096
10008; 2; 0; 0; 1; 1; 9,42537666037043
10009; 2; 0; 0; 1; 1; 5,09580003457285
10012; 2; 1; 0; 1; 0; 2,70712628685858
10012; 11; 0; 0; 1; 1; 5,59288358699011
10038; 2; 1; 0; 1; 0; 7,0131354232374
10048; 2; 0; 0; 0,753357969619722; 0,753357969619722; 2,96699119088718
10061; 10; 0; 0; 1; 1; 3,25356332882334
10065; 10; 0; 0; 0,708736258031207; 0,708736258031207; 4,95273508611204
10091; 3; 0; 0; 1; 1; 4,35063523809495
10133; 2; 0; 0; 0,999688635187237; 0,999688635187237; 4,40770303503087
10135; 2; 0; 0; 1; 1; 5,60253347316479
10161; 3; 0; 0; 1; 1; 6,05068546684501
10163; 2; 1; 0; 1; 0; 9,37080561810289
10172; 10; 3; 0; 0,555219160580656; 0; 3,84630741812744
10193; 16; 0; 0; 1; 1; 6,49440072774096
10199; 3; 1; 0; 1; 0; 3,78229519601001
10202; 2; 0; 0; 0,968753426125789; 0,968753426125789; 4,32905677618765
10203; 3; 0; 0; 1; 1; 7,05913304465251
10211; 2; 1; 0; 1; 0; 3,34247613899129
10216; 3; 0; 0; 1; 1; 6,28425089947048
10221; 2; 0; 0; 1; 1; 7,06903249527782
10223; 2; 1; 0; 0,985244208603312; 0,0147557913966885; 4,13720878765471
10233; 10; 0; 0; 1; 1; 4,30229957235421
10233; 2; 0; 0; 1; 1; 5,63445351004675
10237; 16; 0; 0; 1; 1; 4,69969939368703
10240; 2; 0; 0; 1; 1; 4,70944859151411
10242; 2; 1; 0; 0,969602097555786; 0,0303979024442141; 3,90736385500722
10246; 2; 0; 0; 1; 1; 2,5550345544901
10249; 3; 0; 0; 1; 1; 4,23547982679151
10309; 10; 0; 0; 1; 1; 5,12461696647527
10314; 19; 0; 0; 0,889133037152844; 0,889133037152844; 5,2792163856569
10337; 10; 0; 0; 1; 1; 3,0211659481931
10362; 10; 0; 0; 1; 1; 7,04634832890349
10363; 10; 0; 0; 1; 1; 9,32164907343411
10364; 2; 0; 0; 1; 1; 3,12282001104345
10374; 2; 0; 0; 1; 1; 4,03944714015875
10378; 10; 0; 0; 1; 1; 3,25356332882334
10384; 3; 0; 0; 1; 1; 4,35063523809495
10386; 2; 0; 0; 1; 1; 6,23004651483713
10405; 2; 0; 0; 1; 1; 7,06903249527782
10411; 2; 0; 0; 1; 1; 5,12223046367886
10414; 2; 0; 0; 0,724078844538355; 0,724078844538355; 3,51142774786431
10453; 10; 0; 0; 1; 1; 6,99123680507559
10457; 16; 0; 0; 1; 1; 4,70858724786815
10508; 10; 0; 0; 1; 1; 5,28704040933793
10526; 16; 0; 0; 1; 1; 3,75696710688349
10528; 2; 0; 0; 1; 1; 5,65133830981694
10544; 4; 0; 0; 1; 1; 4,00457983172918
10544; 2; 0; 0; 1; 1; 4,01822708713511
10545; 4; 0; 0; 1; 1; 3,11467320245603
10545; 17; 0; 0; 1; 1; 4,69728416133908
10575; 3; 0; 0; 1; 1; 8,07975115646205
10586; 10; 0; 0; 1; 1; 3,52469360622528
10602; 2; 0; 0; 0,998510395607526; 0,998510395607526; 4,22391063637454
10609; 2; 1; 0; 0,595792733642215; 0,404207266357785; 3,50969184035001
10614; 2; 1; 0; 1; 0; 4,42934868836047
10618; 3; 0; 0; 1; 1; 4,71318817460286
10621; 2; 0; 0; 1; 1; 9,42537666037043
10628; 10; 0; 0; 1; 1; 4,22963232747034
10641; 3; 0; 0; 0,649039434043182; 0,649039434043182; 4,28312358198391
10645; 2; 1; 0; 0,78445458449641; 0,21554541550359; 4,38851736918502
10651; 10; 0; 0; 1; 1; 3,37835885431822
10654; 10; 0; 0; 1; 1; 4,22963232747034
10662; 2; 0; 0; 1; 1; 5,26495618066078
10675; 10; 0; 0; 1; 1; 4,97757430581198
10678; 10; 0; 0; 1; 1; 3,84512029770031
10678; 16; 0; 0; 1; 1; 4,22766438009538
10687; 10; 0; 0; 1; 1; 7,04634832890349
10694; 16; 0; 0; 1; 1; 3,31743486613202
10696; 2; 0; 0; 1; 1; 2,81275896099458
10709; 10; 0; 0; 1; 1; 4,68911324296085
10767; 10; 0; 0; 0,998728778007524; 0,998728778007524; 8,41964964639047
10771; 10; 0; 0; 0,998776682186964; 0,998776682186964; 8,41964964639047
10777; 2; 0; 0; 1; 1; 3,13025195002597
10791; 4; 0; 0; 1; 1; 3,50400735276303
10827; 3; 0; 0; 1; 1; 2,00285317978525
10830; 2; 0; 0; 0,60772341294892; 0,60772341294892; 3,30487317446053
10833; 2; 0; 0; 1; 1; 4,01822708713511
10841; 3; 0; 0; 1; 1; 10,5886995669788
10888; 10; 0; 0; 1; 1; 2,33668579264654
10909; 2; 0; 0; 1; 1; 3,29825991961966
10921; 3; 0; 0; 1; 1; 2,00285317978525
10964; 2; 0; 0; 1; 1; 4,68423001656517
10964; 10; 0; 0; 0,999987035219307; 0,999987035219307; 4,67449782714751
10975; 10; 4; 0; 0,448597000474095; 0; 3,66071723756107
10976; 10; 0; 0; 1; 1; 4,22963232747034
10988; 2; 0; 0; 1; 1; 9,42537666037043
10989; 10; 0; 0; 1; 1; 2,43154500026794
10990; 3; 2; 0; 0,430561511380113; 0,158272094531883; 3,6422419382384
11009; 10; 0; 0; 1; 1; 4,22963232747034
11009; 10; 0; 0; 1; 1; 5,28399050889267
11025; 13; 2; 0; 0,988228193745931; 0; 4,95280545427625
11028; 10; 0; 0; 1; 1; 3,31592862536635
11044; 16; 0; 0; 1; 1; 6,26161184480581
11055; 2; 0; 0; 1; 1; 4,71268833018521
11065; 3; 0; 0; 1; 1; 2,62874479846814
11066; 3; 0; 0; 1; 1; 4,20838325613094
11138; 10; 0; 0; 1; 1; 4,69959147496705
11151; 2; 0; 0; 1; 1; 3,12282001104345
11158; 10; 0; 0; 1; 1; 3,84512029770031
11158; 2; 0; 0; 1; 1; 6,26050390005194
11164; 2; 0; 0; 1; 1; 2,46796345633184
11167; 3; 0; 0; 1; 1; 3,29296821976187
11172; 2; 0; 0; 1; 1; 2,56879014082588
11196; 2; 0; 0; 1; 1; 5,65522599622226
11208; 18; 1; 0; 0,950576366195747; 0,0494197860440058; 6,50384260201873
11226; 2; 0; 0; 0,786947357695367; 0,786947357695367; 4,0130602832735
11229; 2; 1; 0; 0,993875381326792; 0,00612461867320774; 2,55376563481041
11285; 2; 0; 0; 1; 1; 3,51317251242388
11295; 3; 0; 0; 1; 1; 10,5886995669788
11298; 10; 0; 0; 1; 1; 2,21370232987567
11306; 4; 0; 0; 1; 1; 3,50400735276303
11307; 2; 0; 0; 1; 1; 2,99681276840295
11315; 2; 1; 0; 1; 0; 3,11821137978349
11317; 10; 0; 0; 1; 1; 4,68396021940664
11317; 2; 1; 0; 1; 0; 1,87815117001558
11319; 16; 0; 0; 1; 1; 5,63963927242444
11320; 2; 0; 0; 1; 1; 3,22733682751086
11323; 22; 0; 0; 1; 1; 5,64209613792459
11329; 3; 0; 0; 1; 1; 7,06978226190429
11352; 10; 0; 0; 0,838245820864812; 0,838245820864812; 3,52481808209142
11379; 16; 0; 0; 1; 1; 14,1257617436045
11396; 2; 0; 0; 0,811126301262218; 0,811126301262218; 4,13126506763339
11402; 2; 0; 0; 1; 1; 3,51317251242388
11406; 3; 0; 0; 1; 1; 5,14165982683949
11414; 2; 1; 0; 1; 0; 3,66560531526473
11415; 2; 1; 0; 0,927876486769223; 0,0721235132307772; 4,13157312277397
11453; 3; 0; 0; 1; 1; 8,07975115646205
11476; 10; 0; 0; 1; 1; 2,22612227761597
11496; 3; 0; 0; 1; 1; 3,50698604677578
11496; 2; 0; 0; 1; 1; 7,03691904436078
11508; 10; 0; 0; 1; 1; 3,25356332882334
11508; 10; 0; 0; 1; 1; 2,81376973743219
11513; 2; 1; 0; 1; 0; 3,05182603994857
11552; 20; 0; 0; 0,99999632827899; 0,99999632827899; 5,65030200712546
11553; 2; 1; 0; 0,522106709039664; 0,477893290960336; 2,95699178767521
11581; 10; 0; 0; 1; 1; 3,2354110975106
11583; 10; 0; 0; 1; 1; 3,2354110975106
11591; 11; 0; 0; 1; 1; 13,9822089674753
11599; 10; 0; 0; 1; 1; 5,86202028631706
11600; 16; 0; 0; 1; 1; 10,5691609502384
11604; 16; 0; 0; 1; 1; 3,25204952315029
11607; 2; 0; 0; 1; 1; 2,47544346684223
11613; 14; 12; 0; 1; 0; 2,81174771146251
11634; 16; 0; 0; 1; 1; 9,4171744957363
11655; 10; 0; 0; 1; 1; 1,62137084517922
11658; 2; 0; 0; 1; 1; 2,5550345544901
11660; 16; 7; 0; 0,230225573802007; 0; 3,24720036387048
11663; 2; 0; 0; 0,628235838213117; 0,628235838213117; 3,51142774786431
11663; 2; 0; 0; 1; 1; 4,69127936290719
11668; 10; 0; 0; 0,999999997326106; 0,999999997326106; 7,01174674072127
11680; 13; 2; 0; 0,989108370973318; 0; 4,95280545427625
11697; 2; 1; 0; 1; 0; 3,66560531526473
11711; 3; 1; 0; 1; 0; 3,24556580497167
11723; 2; 0; 0; 1; 1; 5,08453346929284
11749; 20; 0; 0; 0,999989853837985; 0,999989853837985; 5,13663818829587
11760; 4; 0; 0; 1; 1; 2,24818672462086
11822; 2; 1; 0; 1; 0; 4,38699993242606
11848; 2; 1; 0; 1; 0; 2,93272014409679
11868; 16; 0; 0; 1; 1; 4,69740486677264
11910; 17; 0; 0; 1; 1; 6,0393653502931
11949; 2; 1; 0; 1; 0; 3,00684668764837
11957; 2; 1; 0; 0,522106709039664; 0,477893290960336; 2,95699178767521
11967; 10; 0; 0; 1; 1; 5,64045250755623
11973; 18; 13; 0; 0,45309532686306; 0; 1,48187201566983
11980; 10; 0; 0; 1; 1; 5,64045250755623
11987; 11; 0; 0; 1; 1; 14,016271067679
12014; 10; 0; 0; 0,999999999472602; 0,999999999472602; 7,05280661381425
12055; 2; 0; 0; 1; 1; 3,12282001104345
12082; 2; 1; 0; 1; 0; 4,20958536270771
12097; 2; 0; 0; 1; 1; 3,51553626202188
12105; 10; 0; 0; 1; 1; 2,47413789809634
12120; 10; 0; 0; 1; 1; 2,33668579264654
12162; 10; 0; 0; 1; 1; 6,2309372013078
12162; 10; 0; 0; 0,988816773817853; 0,988816773817853; 7,07017000013846
12168; 10; 0; 0; 1; 1; 2,34979573748352
12175; 13; 2; 0; 0,898149917479354; 0; 3,36790770890785
12181; 10; 0; 0; 1; 1; 2,95958537034734
12195; 10; 0; 0; 1; 1; 9,40075417926039
12199; 10; 0; 0; 1; 1; 2,00287353655418
12213; 2; 1; 0; 1; 0; 2,34490575376831
12226; 3; 0; 0; 1; 1; 4,21126666414533
12227; 4; 0; 0; 1; 1; 2,34186117148006
12228; 2; 1; 0; 0,974150605137935; 0,0258493948620654; 2,44273234634039
12228; 2; 0; 0; 1; 1; 9,42537666037043
12235; 2; 0; 0; 1; 1; 4,01505429991301
12236; 2; 0; 0; 1; 1; 5,65522599622226
12237; 10; 1; 0; 0,606593099686823; 0; 2,11481616373517
12242; 10; 0; 0; 1; 1; 2,34979573748352
12248; 3; 0; 0; 1; 1; 6,22005108177243
12251; 4; 0; 0; 1; 1; 2,55475764161461
12255; 16; 0; 0; 0,986917656290451; 0,986917656290451; 6,00121961481864
12258; 3; 0; 0; 1; 1; 6,28425089947048
12273; 2; 0; 0; 0,999938803823204; 0,999938803823204; 4,96930663102886
12274; 2; 0; 0; 1; 1; 2,09776893788206
12288; 3; 1; 0; 0,759846763003972; 0,0383043915564497; 4,6828824920208
12325; 18; 2; 0; 0,634391397090089; 0,365608602909911; 3,01964120808013
12345; 2; 1; 0; 1; 0; 0,837032443338542
12345; 16; 0; 0; 1; 1; 10,5691609502384
12360; 10; 0; 0; 1; 1; 4,70037708963019
12365; 10; 0; 0; 1; 1; 5,59085484573927
12365; 10; 0; 0; 0,999605164460694; 0,999605164460694; 9,42689333351794
12383; 2; 1; 0; 1; 0; 0,817566572563227
12383; 16; 0; 0; 1; 1; 10,5691609502384
12400; 4; 0; 0; 1; 1; 9,34401960736808
12400; 2; 0; 0; 1; 1; 9,42537666037043
12404; 20; 0; 0; 0,998619117404949; 0,998619117404949; 3,53143875445341
12431; 10; 0; 0; 1; 1; 3,32713882359457
12434; 22; 0; 0; 1; 1; 8,46314420688689
12453; 2; 0; 0; 1; 1; 1,74814078156839
12462; 2; 0; 0; 1; 1; 1,90706267080187
12464; 16; 0; 0; 1; 1; 7,04610730015896
12482; 2; 0; 0; 1; 1; 4,67996104947625
12486; 10; 0; 0; 1; 1; 2,57097090914126
12489; 3; 0; 0; 0,549183404171878; 0,549183404171878; 3,41234415224059
12503; 10; 8; 0; 0,341500696828275; 0; 1,92315370906372
12512; 16; 0; 0; 1; 1; 5,28458047511922
12513; 4; 0; 0; 1; 1; 5,60641176442085
12514; 10; 0; 0; 1; 1; 3,30777188450585
12515; 10; 0; 0; 1; 1; 2,79649472203023
12535; 3; 2; 0; 0,515823655158175; 0,474318919807032; 2,24338559637186
12544; 2; 0; 0; 1; 1; 9,42537666037043
12551; 4; 0; 0; 1; 1; 5,60641176442085
12568; 2; 0; 0; 1; 1; 4,70154990403293
12574; 2; 1; 0; 0,523912922398711; 0,476087077601289; 5,92621173730047
12579; 16; 0; 0; 1; 1; 5,63963927242444
12581; 3; 0; 0; 1; 1; 0,667617726595083
12595; 16; 0; 0; 1; 1; 7,04610730015896
12625; 2; 0; 0; 1; 1; 0,700672504753767
12625; 10; 0; 0; 1; 1; 7,04634832890349
12661; 10; 0; 0; 1; 1; 4,21556419746598
12670; 2; 1; 0; 1; 0; 0,739247946918802
12670; 10; 0; 0; 0,956796923415031; 0,956796923415031; 3,76030167170416
12675; 2; 0; 0; 1; 1; 3,22733682751086
12750; 2; 0; 0; 1; 1; 3,12282001104345
12762; 2; 1; 0; 0,958773506571541; 0,0412264934284587; 2,50845511025563
12765; 11; 0; 0; 1; 1; 9,32147264498352
12780; 10; 0; 0; 1; 1; 11,1817096914785
12780; 10; 0; 0; 1; 1; 3,77075733340718
12784; 3; 0; 0; 1; 1; 6,01197608018705
12833; 2; 1; 0; 1; 0; 1,40176046583835
12840; 10; 0; 0; 1; 1; 2,47413789809634
12867; 2; 0; 0; 1; 1; 9,42537666037043
12868; 3; 0; 0; 1; 1; 4,67448561829383
12896; 2; 1; 0; 1; 0; 7,0191998918817
12901; 2; 0; 0; 0,988769397162377; 0,988769397162377; 7,98862417452163
12920; 10; 0; 0; 1; 1; 1,86432981468682
12940; 3; 0; 0; 1; 1; 6,28425089947048
12950; 2; 0; 0; 1; 1; 7,06903249527782
12963; 10; 0; 0; 1; 1; 3,01111728390427
12963; 2; 0; 0; 1; 1; 2,4497623956725
12965; 2; 0; 0; 1; 1; 2,79702525050942
12965; 10; 0; 0; 1; 1; 2,81037613164398
12996; 10; 0; 0; 1; 1; 5,26945524683247
13029; 10; 0; 0; 1; 1; 4,66082453671706
13047; 2; 0; 0; 1; 1; 4,68738168269583
13055; 10; 0; 0; 1; 1; 3,76030167170416
13058; 2; 1; 0; 1; 0; 6,39866213257482
13070; 17; 0; 0; 1; 1; 8,45511149041034
13097; 10; 0; 0; 0,962101973095612; 0,962101973095612; 5,65613600011077
13099; 3; 0; 0; 0,757243493511231; 0,757243493511231; 5,79481425797823
13100; 2; 0; 0; 1; 1; 4,71268833018521
13106; 3; 0; 0; 1; 1; 4,67598139570104
13118; 13; 0; 0; 1; 1; 5,26293719757707
13128; 10; 0; 0; 1; 1; 1,92861704967602
13146; 2; 1; 0; 1; 0; 2,6700199349302
13147; 11; 0; 0; 1; 1; 6,99110448373764
13150; 2; 0; 0; 1; 1; 4,12173901378388
13151; 10; 0; 0; 1; 1; 3,82366766069434
13154; 2; 0; 0; 1; 1; 14,1380649905556
13164; 3; 0; 0; 1; 1; 4,20838325613094
13209; 4; 0; 0; 1; 1; 4,68372234296012
13212; 10; 0; 0; 1; 1; 5,59085484573927
13214; 10; 0; 0; 1; 1; 2,11481616373517
13216; 2; 1; 0; 0,988695946240493; 0,0113040537595069; 10,5421563203657
13236; 14; 7; 0; 0,418678696739608; 0,000976621580778468; 1,78523664219842
13237; 10; 0; 0; 1; 1; 2,48801901615902
13246; 19; 0; 0; 1; 1; 6,04345462083218
13267; 2; 0; 0; 1; 1; 0,76786027918221
13301; 2; 0; 0; 1; 1; 2,56879014082588
13312; 2; 1; 0; 1; 0; 2,63400125981458
13325; 10; 0; 0; 1; 1; 5,59298944406047
13363; 20; 0; 0; 1; 1; 8,07186001017923
13373; 2; 1; 0; 1; 0; 2,56879014082588
13378; 16; 7; 0; 0,289406297063652; 0; 2,48315321943037
13405; 2; 1; 0; 1; 0; 4,95044853404993
13418; 3; 0; 0; 1; 1; 3,82457914224041
13422; 3; 0; 0; 1; 1; 5,63339612417256
13428; 10; 4; 0; 0,374071076132004; 0; 1,47183932738433
13430; 10; 0; 0; 0,533196525632196; 0,533196525632196; 3,77075733340718
13441; 2; 1; 0; 1; 0; 1,17047591595477
13470; 2; 0; 0; 1; 1; 2,55705360090416
13472; 2; 0; 0; 1; 1; 7,02634502484776
13494; 10; 0; 0; 1; 1; 2,22612227761597
13497; 10; 0; 0; 1; 1; 2,43819281790305
13503; 3; 2; 0; 0,804120603588484; 0,120546140593009; 3,07849507455093
13513; 2; 0; 0; 1; 1; 9,42537666037043
13513; 11; 0; 0; 1; 1; 4,66073632249176
13517; 3; 0; 0; 1; 1; 4,20838325613094
13523; 2; 0; 0; 0,698700985936989; 0,698700985936989; 4,00596720690333
13571; 2; 0; 0; 0,506452585466199; 0,506452585466199; 6,38109081080155
13572; 10; 6; 0; 0,17146766893759; 0,023730767755158; 8,81280930566978
13586; 2; 0; 0; 0,75883690510695; 0,75883690510695; 4,66003076847095
13603; 10; 0; 0; 1; 1; 2,48801901615902
13614; 2; 1; 0; 1; 0; 4,14842638591141
13644; 2; 1; 0; 1; 0; 2,21467434418023
13653; 10; 0; 0; 1; 1; 2,67040165770334
13689; 2; 0; 0; 0,999417807856566; 0,999417807856566; 5,03737489717814
13690; 2; 0; 0; 1; 1; 1,67821515030565
13691; 2; 0; 0; 1; 1; 3,51892753826723
13720; 3; 0; 0; 1; 1; 8,07975115646205
13735; 3; 2; 0; 0,396864925706879; 0,243165858081569; 8,47095965358302
13737; 20; 0; 0; 0,999884098664688; 0,999884098664688; 8,07186001017923
13745; 3; 0; 0; 1; 1; 6,01197608018705
13746; 10; 0; 0; 1; 1; 3,77075733340718
13786; 2; 0; 0; 1; 1; 3,19594205638352
13803; 16; 6; 0; 0,0814093660660053; 0,0195932562813942; 8,07186385348826
13846; 3; 2; 0; 1; 0; 10,9213571922136
13859; 2; 0; 0; 1; 1; 3,51594870124322
13879; 3; 0; 0; 1; 1; 7,01397209355156
13894; 2; 0; 0; 0,999740304389563; 0,999740304389563; 5,25153296258267
13898; 4; 0; 0; 1; 1; 3,73760784294723
13898; 17; 0; 0; 1; 1; 8,45511149041034
13904; 3; 0; 0; 1; 1; 7,01397209355156
13905; 10; 0; 0; 1; 1; 2,01418176119509
13907; 4; 0; 0; 1; 1; 3,50400735276303
13907; 2; 1; 0; 1; 0; 1,40637948049729
13937; 2; 0; 0; 1; 1; 9,34506977225569
13942; 2; 0; 0; 1; 1; 9,37586320331525
13951; 10; 0; 0; 1; 1; 2,57097090914126
13985; 10; 8; 0; 0,118563324329322; 0,0286711792741547; 11,7504124075597
13996; 3; 2; 0; 0,530587067998736; 0,129826183061081; 2,89647722257568
14006; 2; 0; 0; 1; 1; 4,66170875084903
14022; 2; 0; 0; 1; 1; 4,19553787576412
14029; 2; 1; 0; 0,883249306451982; 0,116750693548018; 7,0191998918817
14032; 10; 2; 0; 1; 0; 6,01403546170748
14036; 10; 0; 0; 1; 1; 7,04532067852356
14040; 2; 0; 0; 1; 1; 5,99362553680589
14059; 16; 14; 0; 0,0650692899309814; 0,0239606510352795; 11,3006093948836
14090; 4; 0; 0; 1; 1; 5,62046681155214
14128; 2; 1; 0; 0,669201329516375; 0,330798670483625; 2,41763146196427
14128; 10; 0; 0; 1; 1; 10,5679810177853
14139; 10; 0; 0; 1; 1; 13,9771371143482
14148; 2; 0; 0; 1; 1; 10,4888446894103
14166; 10; 0; 0; 1; 1; 5,59085484573927
14185; 3; 0; 0; 1; 1; 6,24303630560231
14196; 2; 0; 0; 1; 1; 3,19594205638352
14198; 2; 0; 0; 1; 1; 9,42537666037043
14206; 4; 0; 0; 1; 1; 6,24496312394683
14206; 2; 0; 0; 1; 1; 9,38255872581438
14210; 2; 0; 0; 0,968969885959956; 0,968969885959956; 5,60704186335341
14218; 16; 0; 0; 0,951175536102603; 0,951175536102603; 4,33496204640402
14219; 2; 0; 0; 0,989625596821754; 0,989625596821754; 7,98862417452163
14222; 3; 0; 0; 1; 1; 6,2593290268584
14225; 16; 0; 0; 0,951175536102603; 0,951175536102603; 4,33496204640402
14231; 16; 0; 0; 0,807470993362834; 0,807470993362834; 3,13080592240291
14247; 3; 1; 0; 1; 0; 8,64875017854338
14267; 10; 0; 0; 1; 1; 3,51297016455498
14268; 2; 0; 0; 1; 1; 3,13025195002597
14269; 10; 1; 0; 0,955056861924423; 0,000549825969446367; 11,2293201849627
14324; 2; 0; 0; 1; 1; 5,27839130740084
14324; 2; 0; 0; 1; 1; 9,37586320331525
14326; 4; 0; 0; 1; 1; 6,24496312394683
14326; 2; 0; 0; 1; 1; 3,12528773443842
14350; 2; 0; 0; 1; 1; 2,66922858953816
14361; 18; 0; 0; 0,999954337168173; 0,999954337168173; 6,23159404235021
14370; 2; 0; 0; 0,941297333737615; 0,941297333737615; 7,65069318898626
14371; 13; 2; 0; 0,985416776316882; 0; 12,028241817528
14390; 17; 0; 0; 0,704393724419253; 0,704393724419253; 7,63897913015805
14392; 2; 0; 0; 1; 1; 4,69537792503896
14416; 2; 0; 0; 1; 1; 4,68423001656517
14427; 16; 0; 0; 1; 1; 8,45532876019076
14431; 16; 7; 0; 0,0747180096205567; 0,0217086234278179; 9,4171744957363
14436; 2; 0; 0; 1; 1; 9,36846003313035
14444; 3; 0; 0; 1; 1; 9,42637634920573
14445; 10; 0; 0; 0,999996782038172; 0,999996782038172; 8,0577892965089
14455; 20; 0; 0; 0,986411530931319; 0,986411530931319; 5,13663818829587
14463; 10; 0; 0; 1; 1; 9,3464058019617
14468; 19; 2; 0; 0,997820487775883; 0; 5,91702048121225
14491; 4; 0; 0; 1; 1; 7,00801470552606
14501; 2; 0; 0; 0,756606564784371; 0,756606564784371; 5,61278048361028
14524; 3; 0; 0; 1; 1; 8,07975115646205
14535; 10; 0; 0; 1; 1; 5,60784348117702
14555; 2; 1; 0; 0,756863564993241; 0,243136435006759; 3,74552293105527
14570; 16; 0; 0; 0,999383187617658; 0,999383187617658; 12,0024392296373
14573; 2; 1; 0; 1; 0; 4,68981150753662
14576; 10; 0; 0; 1; 1; 10,5740808186759
14586; 10; 0; 0; 1; 1; 10,5740808186759
14586; 10; 0; 0; 1; 1; 6,39493122143679
14609; 2; 0; 0; 1; 1; 5,60538003803013
14618; 2; 0; 0; 1; 1; 4,68793160165763
14625; 10; 2; 0; 1; 0; 7,01637470532539
14634; 2; 0; 0; 0,969994829209041; 0,969994829209041; 8,41576250788488
14642; 10; 0; 0; 1; 1; 11,215686962354
14649; 10; 0; 0; 1; 1; 11,2809050151125
14650; 2; 1; 0; 0,562370345062959; 0,437629654937041; 10,0747497943563
14656; 10; 0; 0; 1; 1; 8,45926465494068
14656; 10; 0; 0; 1; 1; 7,04532067852356
14674; 10; 8; 0; 0,118563324329322; 0,0286711792741547; 11,7504124075597
14677; 2; 0; 0; 1; 1; 7,69261483625488
14681; 10; 2; 0; 1; 0; 9,35516627376719
14682; 16; 14; 0; 0,081399426119475; 0,0195298993168258; 8,05064380046461
14685; 2; 0; 0; 1; 1; 9,42537666037043
14702; 3; 1; 0; 0,990617202910911; 0,00173357560911643; 6,23863869441298
14719; 2; 1; 0; 1; 0; 5,25985156742805
14721; 3; 0; 0; 1; 1; 5,63339612417256
14724; 4; 0; 0; 1; 1; 8,00915966345835
14724; 10; 0; 0; 1; 1; 9,40075417926039
14734; 10; 0; 0; 1; 1; 6,00862060966254
14740; 2; 0; 0; 1; 1; 9,38255872581438
14756; 3; 0; 0; 1; 1; 10,5209581403273
14756; 2; 0; 0; 1; 1; 7,03691904436078
14764; 2; 0; 0; 1; 1; 7,03189740248644
14811; 3; 0; 0; 1; 1; 5,63339612417256
14811; 2; 0; 0; 1; 1; 10,0099376049037
14818; 3; 0; 0; 1; 1; 6,01609523449333
14827; 16; 0; 0; 1; 1; 14,0990981810611
14829; 4; 0; 0; 1; 1; 9,34401960736808
14830; 2; 1; 0; 1; 0; 4,68981150753662
14833; 4; 0; 0; 1; 1; 9,34401960736808
14833; 2; 0; 0; 1; 1; 5,62551792198915
14838; 10; 1; 0; 1; 0; 7,03274277349256
14852; 3; 2; 0; 0,907265933937131; 0,0927274024269404; 5,90917651679445
14853; 4; 0; 0; 1; 1; 8,02923830221735
14858; 18; 0; 0; 0,681034264286043; 0,681034264286043; 9,38228053770054
14862; 4; 0; 0; 1; 1; 8,00915966345835
14867; 18; 1; 0; 0,943753419144772; 0,0480422452638846; 6,62483959946511
14872; 2; 0; 0; 0,610552823125261; 0,610552823125261; 7,79014582188486
14874; 2; 0; 0; 1; 1; 5,27126547658249
14875; 16; 0; 0; 1; 1; 10,5691609502384
14917; 3; 0; 0; 1; 1; 3,82362879777184
14921; 17; 0; 0; 1; 1; 14,0918524840172
14931; 10; 0; 0; 1; 1; 4,20603442676378
14942; 2; 0; 0; 0,853004577756858; 0,853004577756858; 7,80350068330752
14943; 2; 0; 0; 1; 1; 5,62107601987821
14954; 10; 0; 0; 1; 1; 8,41206885352755
14954; 10; 0; 0; 1; 1; 7,81602704842274
14955; 20; 0; 0; 1; 1; 9,41717001187576
14972; 16; 0; 0; 1; 1; 5,12694479311313
14973; 4; 0; 0; 1; 1; 11,2128235288417
14978; 2; 0; 0; 1; 1; 4,6794665945878
14978; 10; 0; 0; 1; 1; 7,04532067852356
14980; 2; 0; 0; 0,602398389357659; 0,602398389357659; 7,79014582188486
14991; 2; 1; 0; 0,633874878682688; 0,366125121317312; 10,4888446894103
14998; 2; 1; 0; 0,587038927743678; 0,412961072256323; 13,9851262525471
15010; 3; 0; 0; 1; 1; 14,0279441871031
15010; 16; 0; 0; 1; 1; 10,5691609502384
15012; 2; 0; 0; 1; 1; 7,03785507653446
15018; 20; 0; 0; 1; 1; 8,07186001017923
15029; 2; 0; 0; 1; 1; 7,0385283458323
15033; 11; 0; 0; 1; 1; 13,9822089674753
15050; 2; 0; 0; 1; 1; 10,5600997620791
15056; 18; 0; 0; 1; 1; 7,04911668882286
15057; 3; 0; 0; 1; 1; 14,118266089305
15071; 3; 0; 0; 1; 1; 10,5209581403273
15071; 2; 0; 0; 1; 1; 7,03691904436078
15075; 3; 0; 0; 1; 1; 3,82580296011903
15078; 3; 0; 0; 0,709990318045671; 0,709990318045671; 6,2593290268584
15083; 4; 0; 0; 1; 1; 9,34401960736808
15083; 17; 0; 0; 1; 1; 8,45511149041034
15115; 2; 0; 0; 1; 1; 5,62551792198915
15134; 17; 2; 0; 1; 0; 8,40287704317386
15165; 10; 0; 0; 1; 1; 14,1011312688906
15166; 2; 0; 0; 0,517404732226388; 0,517404732226388; 8,7844478855761
15169; 4; 0; 0; 1; 1; 7,02558351444018
15185; 4; 0; 0; 1; 1; 8,02923830221735
15185; 10; 0; 0; 1; 1; 11,2809050151125
15187; 2; 1; 0; 0,633874878682688; 0,366125121317312; 10,4888446894103
15194; 2; 1; 0; 0,503425774009288; 0,496574225990712; 5,10753126962082
15208; 2; 0; 0; 1; 1; 4,68556931251776
15213; 3; 2; 0; 0,816694475753195; 0,183305524246805; 5,59804597359519
15216; 16; 0; 0; 1; 1; 14,0922146003179
15217; 16; 0; 0; 1; 1; 10,5691609502384
15224; 2; 0; 0; 1; 1; 5,60538003803013
15261; 19; 2; 0; 0,999999132852611; 0; 7,48676546453171
15262; 10; 0; 0; 1; 1; 3,82366766069434
15267; 2; 0; 0; 0,760816209077044; 0,760816209077044; 11,7125971807681
15272; 3; 0; 0; 1; 1; 7,06978226190429
15281; 2; 0; 0; 0,753276549882581; 0,753276549882581; 6,38515846246887
15283; 11; 0; 0; 1; 1; 14,0796335057272
15284; 22; 0; 0; 1; 1; 12,0902060098384
15286; 2; 0; 0; 1; 1; 10,5600997620791
15287; 2; 0; 0; 1; 1; 4,00384288430724
15295; 16; 0; 0; 1; 1; 11,2709013206505
15299; 18; 0; 0; 0,643555785127561; 0,643555785127561; 6,62278626190626
15301; 17; 0; 0; 1; 1; 10,5688893630129
15311; 2; 0; 0; 0,606530729081163; 0,606530729081163; 7,65069318898626
15360; 2; 0; 0; 1; 1; 7,0385283458323
15361; 2; 0; 0; 1; 1; 9,37586320331525
15393; 10; 0; 0; 0,992055132134708; 0,992055132134708; 5,83508747037269
15419; 3; 0; 0; 1; 1; 14,118266089305
15430; 18; 0; 0; 1; 1; 7,04911668882286
15431; 3; 0; 0; 1; 1; 4,20838325613094
15431; 2; 0; 0; 1; 1; 9,38255872581438
15432; 2; 0; 0; 1; 1; 5,62107601987821
15432; 2; 0; 0; 0,86499944338659; 0,86499944338659; 6,26364806977504
15458; 4; 0; 0; 1; 1; 11,2128235288417
15458; 10; 0; 0; 1; 1; 11,2809050151125
15462; 4; 0; 0; 1; 1; 9,34401960736808
15466; 2; 1; 0; 0,633874878682688; 0,366125121317312; 10,4888446894103
15472; 2; 0; 0; 0,999996948346033; 0,999996948346033; 4,19553787576412
15485; 22; 0; 0; 1; 1; 9,40349356320765
15497; 10; 0; 0; 1; 1; 7,04938721245057
15505; 2; 1; 0; 1; 0; 5,25985156742805
15522; 2; 0; 0; 1; 1; 7,03985106062423
15523; 3; 0; 0; 1; 1; 4,20838325613094
15531; 2; 0; 0; 0,839790944607008; 0,839790944607008; 8,41576250788488
15546; 4; 0; 0; 1; 1; 7,02558351444018
15546; 10; 0; 0; 1; 1; 11,2809050151125
15554; 10; 7; 0; 0,103059029695508; 0,0724687327404301; 13,9771371143482
15562; 18; 0; 0; 0,690998105196013; 0,690998105196013; 8,66056665018511
15587; 10; 2; 0; 0,454917649259903; 0,294841542417719; 5,59255350061626
15602; 16; 2; 0; 0,571972579616045; 0; 6,49440072774096
15620; 3; 0; 0; 1; 1; 14,118266089305
15622; 2; 0; 0; 1; 1; 7,05156359990031
15630; 10; 0; 0; 0,879314095133865; 0,879314095133865; 7,0272281598274
15641; 2; 1; 0; 0,997516088305745; 0,00248391169425512; 10,0475070557329
15646; 10; 6; 0; 1; 0; 5,09803952834275
15659; 10; 0; 0; 1; 1; 5,28399050889267
15671; 4; 0; 0; 1; 1; 9,34401960736808
15671; 2; 0; 0; 1; 1; 7,03189740248644
15689; 3; 0; 0; 1; 1; 6,01609523449333
15699; 2; 0; 0; 0,996058528844335; 0,996058528844335; 5,42486527388415
15703; 4; 0; 0; 1; 1; 11,2128235288417
15703; 10; 0; 0; 1; 1; 11,2809050151125
15718; 2; 0; 0; 1; 1; 4,68981150753662
15726; 10; 0; 0; 0,99996817672445; 0,99996817672445; 5,6422452910514
15736; 2; 0; 0; 0,535924241634771; 0,535924241634771; 4,67573464995681
15740; 2; 0; 0; 1; 1; 10,5600997620791
15750; 10; 0; 0; 1; 1; 10,5740808186759
15750; 10; 0; 0; 1; 1; 5,28399050889267
15754; 3; 1; 0; 0,446230886911078; 0,209704591803676; 5,4633629073576
15766; 3; 0; 0; 1; 1; 4,67332408616558
15772; 10; 0; 0; 1; 1; 7,01005737793963
15773; 3; 0; 0; 0,984449408565111; 0,984449408565111; 7,0417451552157
15798; 2; 0; 0; 1; 1; 14,0861337751169
15810; 2; 0; 0; 0,596026666232678; 0,596026666232678; 8,76391404962047
15810; 10; 0; 0; 1; 1; 7,04532067852356
15830; 22; 0; 0; 1; 1; 16,9262884137738
15840; 20; 0; 0; 1; 1; 6,27811334125051
15875; 16; 0; 0; 1; 1; 4,33818405571111
15900; 4; 0; 0; 1; 1; 9,34401960736808
