MAC; alternativas; MasProb; Elección; MaxProb; ElecProb; %linkOK; %linkNO; %DistOK; %DistNO
4; 11; 0; 0; 1; 1; 1; 0; 1; 0
21; 2; 0; 0; 1; 1; 1; 0; 1; 0
32; 10; 0; 0; 1; 1; 1; 0; 1; 0
54; 20; 0; 0; 1; 1; 1; 0; 1; 0
68; 3; 0; 0; 1; 1; 1; 0; 1; 0
70; 16; 0; 0; 1; 1; 1; 0; 1; 0
77; 16; 0; 0; 1; 1; 1; 0; 1; 0
109; 2; 0; 0; 1; 1; 1; 0; 1; 0
113; 40; 12; 0; 0,1; 0,1; 1; 0; 1; 0
128; 2; 0; 0; 1; 1; 1; 0; 1; 0
176; 10; 0; 0; 1; 1; 1; 0; 1; 0
191; 10; 0; 0; 1; 1; 1; 0; 1; 0
231; 20; 0; 0; 1; 1; 1; 0; 1; 0
235; 10; 0; 0; 1; 1; 1; 0; 1; 0
244; 20; 0; 0; 1; 1; 1; 0; 1; 0
273; 3; 0; 0; 1; 1; 1; 0; 1; 0
277; 10; 0; 0; 1; 1; 1; 0; 1; 0
281; 10; 0; 0; 1; 1; 1; 0; 1; 0
302; 10; 0; 0; 1; 1; 1; 0; 1; 0
304; 10; 0; 0; 1; 1; 1; 0; 1; 0
321; 10; 3; 0; 0,1; 0,1; 1; 0; 1; 0
340; 2; 1; 1; 1; 1; 0; 0; 0,167385047325938; 0,832614952674062
358; 2; 0; 0; 0,5; 0,5; 1; 0; 1; 0
362; 3; 0; 0; 1; 1; 1; 0; 1; 0
363; 3; 0; 0; 1; 1; 1; 0; 1; 0
365; 10; 0; 0; 1; 1; 1; 0; 1; 0
379; 68; 24; 0; 0,0588235294117647; 0,0588235294117647; 1; 0; 1; 0
402; 2; 1; 1; 1; 1; 0; 0; 0,200412394553236; 0,799587605446764
416; 10; 0; 2; 1; 0; 0; 0; 0,14218621912864; 0,85781378087136
447; 10; 0; 0; 1; 1; 1; 0; 1; 0
468; 10; 0; 0; 1; 1; 1; 0; 1; 0
477; 2; 0; 0; 1; 1; 1; 0; 1; 0
498; 2; 0; 0; 1; 1; 1; 0; 1; 0
503; 2; 0; 1; 0,5; 0,5; 0; 1; 0; 1
510; 2; 1; 1; 1; 1; 0; 0; 0,201011461648518; 0,798988538351482
528; 2; 0; 0; 1; 1; 1; 0; 1; 0
537; 10; 0; 0; 1; 1; 1; 0; 1; 0
541; 2; 0; 0; 1; 1; 1; 0; 1; 0
543; 20; 0; 0; 1; 1; 1; 0; 1; 0
546; 10; 0; 0; 1; 1; 1; 0; 1; 0
555; 10; 0; 0; 1; 1; 1; 0; 1; 0
565; 2; 0; 0; 1; 1; 1; 0; 1; 0
570; 10; 3; 0; 1; 0; 1; 0; 1; 0
615; 2; 0; 0; 1; 1; 1; 0; 1; 0
620; 18; 0; 2; 1; 0; 0; 0; 0,249836158183357; 0,750163841816643
630; 10; 3; 0; 0,1; 0,1; 1; 0; 1; 0
671; 2; 1; 1; 1; 1; 0; 1; 0; 1
673; 13; 2; 0; 1; 0; 1; 0; 1; 0
679; 4; 0; 0; 1; 1; 1; 0; 1; 0
692; 10; 0; 0; 1; 1; 1; 0; 1; 0
718; 2; 0; 0; 1; 1; 1; 0; 1; 0
734; 10; 0; 0; 1; 1; 1; 0; 1; 0
743; 2; 1; 1; 1; 1; 0; 0; 0,428193131701094; 0,571806868298906
766; 2; 0; 0; 1; 1; 1; 0; 1; 0
786; 10; 0; 0; 1; 1; 1; 0; 1; 0
794; 13; 2; 0; 1; 0; 1; 0; 1; 0
795; 2; 0; 0; 1; 1; 1; 0; 1; 0
821; 2; 0; 0; 1; 1; 1; 0; 1; 0
825; 3; 0; 0; 1; 1; 1; 0; 1; 0
827; 10; 0; 0; 1; 1; 1; 0; 1; 0
828; 16; 0; 0; 1; 1; 1; 0; 1; 0
829; 2; 0; 0; 1; 1; 1; 0; 1; 0
830; 68; 0; 0; 1; 1; 1; 0; 1; 0
844; 2; 0; 0; 1; 1; 1; 0; 1; 0
881; 18; 0; 2; 1; 0; 0; 0; 0,249836158183357; 0,750163841816643
894; 10; 0; 0; 1; 1; 1; 0; 1; 0
914; 10; 0; 0; 1; 1; 1; 0; 1; 0
919; 10; 0; 0; 1; 1; 1; 0; 1; 0
928; 11; 0; 0; 1; 1; 1; 0; 1; 0
987; 13; 0; 0; 1; 1; 1; 0; 1; 0
991; 3; 0; 0; 1; 1; 1; 0; 1; 0
1001; 2; 0; 0; 1; 1; 1; 0; 1; 0
1007; 3; 0; 0; 1; 1; 1; 0; 1; 0
1018; 3; 0; 0; 1; 1; 1; 0; 1; 0
1051; 10; 0; 0; 1; 1; 1; 0; 1; 0
1092; 10; 0; 0; 1; 1; 1; 0; 1; 0
1093; 10; 0; 1; 1; 0; 0; 1; 0; 1
1098; 40; 12; 0; 0,1; 0,1; 1; 0; 1; 0
1102; 10; 0; 1; 1; 0; 0; 1; 0; 1
1110; 10; 3; 0; 0,1; 0,1; 1; 0; 1; 0
1111; 10; 0; 0; 1; 1; 1; 0; 1; 0
1127; 2; 0; 0; 1; 1; 1; 0; 1; 0
1183; 3; 0; 0; 1; 1; 1; 0; 1; 0
1187; 2; 0; 0; 1; 1; 1; 0; 1; 0
1208; 16; 0; 0; 1; 1; 1; 0; 1; 0
1212; 3; 0; 0; 1; 1; 1; 0; 1; 0
1250; 16; 0; 0; 1; 1; 1; 0; 1; 0
1256; 2; 0; 1; 0,5; 0,5; 0; 0; 0,37453846769788; 0,62546153230212
1271; 2; 0; 0; 1; 1; 1; 0; 1; 0
1273; 3; 0; 0; 1; 1; 1; 0; 1; 0
1315; 16; 0; 0; 1; 1; 1; 0; 1; 0
1329; 2; 0; 0; 1; 1; 1; 0; 1; 0
1331; 10; 0; 0; 1; 1; 1; 0; 1; 0
1338; 16; 0; 0; 1; 1; 1; 0; 1; 0
1342; 2; 0; 1; 0,5; 0,5; 0; 0; 0,499871699868275; 0,500128300131725
1347; 13; 0; 0; 1; 1; 1; 0; 1; 0
1354; 2; 0; 0; 1; 1; 1; 0; 1; 0
1368; 3; 0; 0; 1; 1; 1; 0; 1; 0
1370; 2; 0; 0; 1; 1; 1; 0; 1; 0
1376; 2; 0; 0; 1; 1; 1; 0; 1; 0
1380; 20; 0; 0; 1; 1; 1; 0; 1; 0
1392; 2; 0; 0; 1; 1; 1; 0; 1; 0
1431; 2; 0; 0; 1; 1; 1; 0; 1; 0
1438; 2; 0; 0; 1; 1; 1; 0; 1; 0
1471; 3; 0; 0; 1; 1; 1; 0; 1; 0
1474; 3; 0; 0; 1; 1; 1; 0; 1; 0
1477; 10; 0; 0; 1; 1; 1; 0; 1; 0
1478; 3; 0; 0; 1; 1; 1; 0; 1; 0
1484; 3; 0; 0; 1; 1; 1; 0; 1; 0
1489; 2; 0; 0; 1; 1; 1; 0; 1; 0
1495; 20; 0; 0; 1; 1; 1; 0; 1; 0
1576; 20; 1; 0; 1; 0; 1; 0; 1; 0
1587; 10; 0; 0; 1; 1; 1; 0; 1; 0
1588; 2; 0; 0; 1; 1; 1; 0; 1; 0
1607; 10; 0; 0; 1; 1; 1; 0; 1; 0
1618; 18; 0; 0; 1; 1; 1; 0; 1; 0
1624; 2; 0; 0; 1; 1; 1; 0; 1; 0
1649; 22; 8; 0; 0,0454545454545455; 0,0454545454545455; 1; 0; 1; 0
1650; 2; 1; 0; 1; 0; 1; 0; 1; 0
1675; 13; 0; 0; 1; 1; 1; 0; 1; 0
1676; 2; 0; 0; 0,5; 0,5; 1; 0; 1; 0
1687; 2; 0; 0; 1; 1; 1; 0; 1; 0
1690; 2; 0; 0; 1; 1; 1; 0; 1; 0
1691; 22; 8; 0; 0,0454545454545455; 0,0454545454545455; 1; 0; 1; 0
1698; 2; 0; 0; 1; 1; 1; 0; 1; 0
1703; 10; 0; 2; 1; 0; 0; 0; 0,248741993199409; 0,751258006800591
1729; 2; 0; 0; 1; 1; 1; 0; 1; 0
1753; 10; 0; 2; 1; 0; 0; 0; 0,14218621912864; 0,85781378087136
1800; 10; 0; 0; 1; 1; 1; 0; 1; 0
1808; 18; 0; 2; 1; 0; 0; 0; 0,249836158183357; 0,750163841816643
1809; 48; 0; 0; 1; 1; 1; 0; 1; 0
1811; 18; 0; 2; 1; 0; 0; 0; 0,249836158183357; 0,750163841816643
1813; 2; 1; 0; 1; 0; 1; 0; 1; 0
1842; 2; 0; 0; 0,5; 0,5; 1; 0; 1; 0
1875; 4; 0; 0; 1; 1; 1; 0; 1; 0
1945; 10; 0; 0; 1; 1; 1; 0; 1; 0
1954; 10; 0; 0; 1; 1; 1; 0; 1; 0
1956; 10; 0; 0; 1; 1; 1; 0; 1; 0
1965; 3; 0; 0; 1; 1; 1; 0; 1; 0
1975; 2; 0; 0; 1; 1; 1; 0; 1; 0
1980; 2; 0; 0; 1; 1; 1; 0; 1; 0
1981; 2; 0; 0; 1; 1; 1; 0; 1; 0
1997; 2; 0; 0; 1; 1; 1; 0; 1; 0
2008; 22; 3; 0; 1; 0; 1; 0; 1; 0
2021; 2; 0; 1; 0,5; 0,5; 0; 0; 0,333212359042951; 0,666787640957049
2023; 2; 0; 0; 1; 1; 1; 0; 1; 0
2030; 2; 1; 1; 1; 1; 0; 0; 0,333212359042951; 0,666787640957049
2031; 10; 0; 0; 1; 1; 1; 0; 1; 0
2032; 2; 1; 0; 1; 0; 1; 0; 1; 0
2033; 2; 1; 0; 1; 0; 1; 0; 1; 0
2059; 2; 0; 0; 1; 1; 1; 0; 1; 0
2102; 10; 0; 0; 1; 1; 1; 0; 1; 0
2126; 10; 0; 0; 1; 1; 1; 0; 1; 0
2145; 18; 0; 0; 1; 1; 1; 0; 1; 0
2155; 2; 1; 1; 1; 1; 0; 0; 0,199321718519391; 0,800678281480609
2163; 2; 0; 0; 1; 1; 1; 0; 1; 0
2175; 2; 0; 0; 1; 1; 1; 0; 1; 0
2187; 2; 1; 0; 1; 0; 1; 0; 1; 0
2224; 2; 0; 0; 1; 1; 1; 0; 1; 0
2246; 10; 0; 0; 1; 1; 1; 0; 1; 0
2278; 2; 1; 0; 1; 0; 1; 0; 1; 0
2283; 2; 1; 0; 1; 0; 1; 0; 1; 0
2291; 2; 0; 1; 0,5; 0,5; 0; 0; 0,37453846769788; 0,62546153230212
2299; 4; 0; 0; 1; 1; 1; 0; 1; 0
2310; 10; 0; 0; 1; 1; 1; 0; 1; 0
2329; 22; 0; 0; 1; 1; 1; 0; 1; 0
2398; 2; 0; 0; 1; 1; 1; 0; 1; 0
2417; 10; 0; 0; 1; 1; 1; 0; 1; 0
2421; 2; 0; 0; 1; 1; 1; 0; 1; 0
2423; 3; 0; 0; 0,333333333333333; 0,333333333333333; 1; 0; 1; 0
2426; 16; 0; 0; 1; 1; 1; 0; 1; 0
2442; 2; 0; 0; 1; 1; 1; 0; 1; 0
2453; 18; 4; 0; 0,0555555555555555; 0,0555555555555555; 1; 0; 1; 0
2456; 10; 0; 0; 1; 1; 1; 0; 1; 0
2496; 16; 0; 0; 1; 1; 1; 0; 1; 0
2507; 10; 0; 0; 1; 1; 1; 0; 1; 0
2514; 40; 0; 0; 1; 1; 1; 0; 1; 0
2518; 2; 0; 0; 0,5; 0,5; 1; 0; 1; 0
2531; 22; 0; 0; 1; 1; 1; 0; 1; 0
2532; 14; 10; 0; 1; 0; 1; 0; 1; 0
2536; 10; 0; 0; 1; 1; 1; 0; 1; 0
2542; 2; 0; 0; 1; 1; 1; 0; 1; 0
2553; 2; 0; 0; 1; 1; 1; 0; 1; 0
2571; 3; 0; 0; 1; 1; 1; 0; 1; 0
2626; 10; 0; 0; 1; 1; 1; 0; 1; 0
2627; 19; 4; 0; 0,0526315789473684; 0,0526315789473684; 1; 0; 1; 0
2636; 16; 0; 0; 1; 1; 1; 0; 1; 0
2657; 10; 0; 0; 1; 1; 1; 0; 1; 0
2663; 10; 0; 0; 1; 1; 1; 0; 1; 0
2708; 2; 0; 0; 1; 1; 1; 0; 1; 0
2738; 10; 0; 0; 1; 1; 1; 0; 1; 0
2766; 26; 2; 0; 1; 0; 1; 0; 1; 0
2775; 3; 0; 0; 1; 1; 1; 0; 1; 0
2801; 16; 3; 0; 0,0625; 0,0625; 1; 0; 1; 0
2807; 11; 0; 0; 1; 1; 1; 0; 1; 0
2814; 10; 0; 0; 1; 1; 1; 0; 1; 0
2822; 17; 0; 0; 1; 1; 1; 0; 1; 0
2832; 10; 0; 0; 1; 1; 1; 0; 1; 0
2838; 11; 0; 0; 1; 1; 1; 0; 1; 0
2856; 2; 0; 0; 1; 1; 1; 0; 1; 0
2858; 68; 12; 0; 0,0588235294117647; 0,0588235294117647; 1; 0; 1; 0
2872; 18; 1; 2; 1; 0; 0; 0; 0,500296553284424; 0,499703446715576
2874; 2; 0; 0; 1; 1; 1; 0; 1; 0
2875; 3; 0; 0; 1; 1; 1; 0; 1; 0
2878; 8; 0; 0; 1; 1; 1; 0; 1; 0
2883; 3; 0; 0; 1; 1; 1; 0; 1; 0
2895; 2; 0; 0; 1; 1; 1; 0; 1; 0
2898; 3; 0; 0; 1; 1; 1; 0; 1; 0
2911; 2; 0; 0; 1; 1; 1; 0; 1; 0
2922; 10; 0; 1; 1; 0; 0; 1; 0; 1
2936; 40; 0; 0; 1; 1; 1; 0; 1; 0
2952; 10; 0; 0; 1; 1; 1; 0; 1; 0
2957; 2; 0; 0; 1; 1; 1; 0; 1; 0
2973; 2; 0; 0; 0,5; 0,5; 1; 0; 1; 0
2992; 2; 0; 0; 1; 1; 1; 0; 1; 0
2994; 3; 0; 0; 1; 1; 1; 0; 1; 0
3011; 10; 0; 0; 1; 1; 1; 0; 1; 0
3018; 2; 1; 0; 1; 0; 1; 0; 1; 0
3045; 6; 0; 0; 1; 1; 1; 0; 1; 0
3053; 11; 2; 0; 0,0909090909090909; 0,0909090909090909; 1; 0; 1; 0
3060; 2; 0; 0; 1; 1; 1; 0; 1; 0
3063; 100; 0; 0; 1; 1; 1; 0; 1; 0
3069; 2; 0; 0; 1; 1; 1; 0; 1; 0
3081; 11; 2; 0; 0,0909090909090909; 0,0909090909090909; 1; 0; 1; 0
3082; 3; 0; 0; 1; 1; 1; 0; 1; 0
3100; 2; 0; 0; 1; 1; 1; 0; 1; 0
3103; 3; 0; 0; 1; 1; 1; 0; 1; 0
3121; 2; 0; 1; 0,5; 0,5; 0; 0; 0,500599967389935; 0,499400032610065
3129; 16; 0; 0; 1; 1; 1; 0; 1; 0
3130; 2; 0; 0; 1; 1; 1; 0; 1; 0
3152; 3; 0; 0; 1; 1; 1; 0; 1; 0
3160; 2; 0; 0; 0,5; 0,5; 1; 0; 1; 0
3169; 10; 0; 0; 1; 1; 1; 0; 1; 0
3212; 22; 4; 0; 0,0454545454545455; 0,0454545454545455; 1; 0; 1; 0
3214; 3; 0; 0; 1; 1; 1; 0; 1; 0
3220; 11; 0; 0; 1; 1; 1; 0; 1; 0
3225; 10; 0; 0; 1; 1; 1; 0; 1; 0
3226; 2; 0; 1; 0,5; 0,5; 0; 0; 0,499975874235971; 0,500024125764029
3229; 13; 0; 0; 1; 1; 1; 0; 1; 0
3270; 17; 3; 0; 0,0588235294117647; 0,0588235294117647; 1; 0; 1; 0
3304; 2; 0; 0; 1; 1; 1; 0; 1; 0
3315; 2; 0; 0; 1; 1; 1; 0; 1; 0
3321; 16; 0; 0; 1; 1; 1; 0; 1; 0
3327; 19; 4; 0; 0,0526315789473684; 0,0526315789473684; 1; 0; 1; 0
3332; 10; 0; 0; 1; 1; 1; 0; 1; 0
3336; 3; 0; 0; 1; 1; 1; 0; 1; 0
3355; 2; 0; 0; 1; 1; 1; 0; 1; 0
3359; 10; 0; 0; 1; 1; 1; 0; 1; 0
3366; 2; 1; 0; 1; 0; 1; 0; 1; 0
3395; 18; 0; 2; 1; 0; 0; 0; 0,249836158183357; 0,750163841816643
3402; 2; 0; 0; 0,5; 0,5; 1; 0; 1; 0
3405; 3; 0; 0; 1; 1; 1; 0; 1; 0
3409; 3; 2; 2; 1; 1; 0; 0; 0,499204896857961; 0,500795103142039
3420; 2; 0; 0; 1; 1; 1; 0; 1; 0
3435; 10; 0; 0; 1; 1; 1; 0; 1; 0
3472; 10; 0; 0; 1; 1; 1; 0; 1; 0
3475; 2; 0; 0; 1; 1; 1; 0; 1; 0
3477; 10; 2; 0; 0,1; 0,1; 1; 0; 1; 0
3484; 2; 0; 0; 1; 1; 1; 0; 1; 0
3486; 2; 0; 0; 1; 1; 1; 0; 1; 0
3512; 3; 0; 0; 1; 1; 1; 0; 1; 0
3527; 2; 0; 0; 1; 1; 1; 0; 1; 0
3539; 3; 0; 0; 1; 1; 1; 0; 1; 0
3567; 16; 0; 0; 1; 1; 1; 0; 1; 0
3570; 16; 0; 0; 1; 1; 1; 0; 1; 0
3578; 2; 0; 0; 1; 1; 1; 0; 1; 0
3594; 3; 0; 0; 1; 1; 1; 0; 1; 0
3600; 3; 0; 0; 1; 1; 1; 0; 1; 0
3604; 100; 0; 0; 1; 1; 1; 0; 1; 0
3611; 3; 0; 0; 1; 1; 1; 0; 1; 0
3645; 2; 0; 0; 1; 1; 1; 0; 1; 0
3648; 2; 0; 1; 1; 0; 0; 1; 0; 1
3658; 2; 0; 0; 1; 1; 1; 0; 1; 0
3676; 10; 0; 0; 1; 1; 1; 0; 1; 0
3682; 2; 0; 0; 0,5; 0,5; 1; 0; 1; 0
3695; 10; 0; 0; 1; 1; 1; 0; 1; 0
3740; 2; 0; 0; 1; 1; 1; 0; 1; 0
3769; 10; 0; 0; 1; 1; 1; 0; 1; 0
3771; 10; 0; 0; 1; 1; 1; 0; 1; 0
3783; 10; 0; 0; 1; 1; 1; 0; 1; 0
3790; 10; 0; 0; 1; 1; 1; 0; 1; 0
3795; 2; 0; 0; 1; 1; 1; 0; 1; 0
3798; 11; 0; 0; 1; 1; 1; 0; 1; 0
3805; 2; 1; 0; 1; 0; 1; 0; 1; 0
3806; 3; 0; 0; 1; 1; 1; 0; 1; 0
3809; 4; 0; 0; 1; 1; 1; 0; 1; 0
3817; 4; 0; 1; 1; 0; 0; 0; 0,500296553284424; 0,499703446715576
3822; 16; 3; 0; 0,0625; 0,0625; 1; 0; 1; 0
3824; 2; 0; 1; 1; 0; 0; 0; 0,374756081309079; 0,625243918690921
3843; 16; 0; 0; 1; 1; 1; 0; 1; 0
3846; 2; 0; 0; 1; 1; 1; 0; 1; 0
3888; 10; 0; 0; 1; 1; 1; 0; 1; 0
3940; 11; 0; 0; 1; 1; 1; 0; 1; 0
3942; 2; 0; 0; 1; 1; 1; 0; 1; 0
3958; 2; 0; 0; 0,5; 0,5; 1; 0; 1; 0
3964; 2; 0; 0; 1; 1; 1; 0; 1; 0
3984; 20; 0; 0; 1; 1; 1; 0; 1; 0
4017; 10; 0; 0; 1; 1; 1; 0; 1; 0
4030; 2; 0; 0; 1; 1; 1; 0; 1; 0
4032; 10; 0; 0; 1; 1; 1; 0; 1; 0
4047; 2; 0; 0; 1; 1; 1; 0; 1; 0
4055; 16; 0; 0; 1; 1; 1; 0; 1; 0
4069; 22; 0; 0; 1; 1; 1; 0; 1; 0
4083; 10; 0; 0; 1; 1; 1; 0; 1; 0
4085; 2; 0; 0; 1; 1; 1; 0; 1; 0
4108; 2; 0; 0; 1; 1; 1; 0; 1; 0
4124; 10; 0; 0; 1; 1; 1; 0; 1; 0
4125; 16; 0; 0; 1; 1; 1; 0; 1; 0
4144; 3; 0; 0; 1; 1; 1; 0; 1; 0
4147; 22; 4; 0; 0,0454545454545455; 0,0454545454545455; 1; 0; 1; 0
4153; 2; 1; 0; 1; 0; 1; 0; 1; 0
4166; 2; 0; 0; 0,5; 0,5; 1; 0; 1; 0
4193; 68; 0; 0; 1; 1; 1; 0; 1; 0
4207; 16; 3; 0; 0,0625; 0,0625; 1; 0; 1; 0
4225; 100; 0; 0; 1; 1; 1; 0; 1; 0
4242; 2; 0; 0; 1; 1; 1; 0; 1; 0
4245; 13; 2; 2; 1; 1; 0; 1; 0; 1
4278; 20; 0; 0; 1; 1; 1; 0; 1; 0
4294; 10; 0; 0; 1; 1; 1; 0; 1; 0
4302; 11; 0; 0; 1; 1; 1; 0; 1; 0
4317; 3; 0; 0; 1; 1; 1; 0; 1; 0
4335; 2; 0; 0; 1; 1; 1; 0; 1; 0
4341; 2; 1; 0; 1; 0; 1; 0; 1; 0
4354; 2; 0; 0; 1; 1; 1; 0; 1; 0
4355; 10; 0; 2; 1; 0; 0; 0; 0,14218621912864; 0,85781378087136
4372; 2; 0; 0; 1; 1; 1; 0; 1; 0
4379; 2; 0; 0; 1; 1; 1; 0; 1; 0
4384; 10; 0; 0; 1; 1; 1; 0; 1; 0
4391; 3; 0; 0; 1; 1; 1; 0; 1; 0
4392; 19; 2; 2; 1; 1; 0; 0; 0,500256624585928; 0,499743375414072
4431; 2; 0; 1; 0,5; 0,5; 0; 0; 0,429144910859318; 0,570855089140682
4436; 2; 0; 0; 1; 1; 1; 0; 1; 0
4466; 10; 0; 0; 1; 1; 1; 0; 1; 0
4486; 20; 0; 0; 1; 1; 1; 0; 1; 0
4488; 10; 0; 0; 1; 1; 1; 0; 1; 0
4497; 100; 0; 0; 1; 1; 1; 0; 1; 0
4512; 20; 0; 0; 1; 1; 1; 0; 1; 0
4517; 3; 0; 0; 1; 1; 1; 0; 1; 0
4523; 8; 0; 0; 1; 1; 1; 0; 1; 0
4534; 10; 0; 0; 1; 1; 1; 0; 1; 0
4565; 10; 0; 0; 1; 1; 1; 0; 1; 0
4577; 10; 0; 0; 1; 1; 1; 0; 1; 0
4589; 3; 1; 0; 1; 0; 1; 0; 1; 0
4590; 19; 0; 2; 1; 0; 0; 0; 0,500256624585928; 0,499743375414072
4592; 48; 0; 0; 1; 1; 1; 0; 1; 0
4608; 2; 0; 0; 1; 1; 1; 0; 1; 0
4613; 3; 0; 0; 1; 1; 1; 0; 1; 0
4622; 10; 0; 0; 1; 1; 1; 0; 1; 0
4627; 10; 0; 0; 1; 1; 1; 0; 1; 0
4634; 4; 0; 0; 1; 1; 1; 0; 1; 0
4645; 68; 0; 0; 1; 1; 1; 0; 1; 0
4656; 6; 0; 0; 1; 1; 1; 0; 1; 0
4680; 2; 0; 0; 1; 1; 1; 0; 1; 0
4704; 10; 0; 0; 1; 1; 1; 0; 1; 0
4724; 2; 0; 0; 1; 1; 1; 0; 1; 0
4746; 17; 3; 0; 0,0588235294117647; 0,0588235294117647; 1; 0; 1; 0
4747; 10; 0; 0; 1; 1; 1; 0; 1; 0
4749; 3; 0; 0; 1; 1; 1; 0; 1; 0
4758; 19; 4; 0; 0,0526315789473684; 0,0526315789473684; 1; 0; 1; 0
4765; 2; 0; 0; 1; 1; 1; 0; 1; 0
4770; 2; 0; 0; 1; 1; 1; 0; 1; 0
4771; 4; 0; 0; 1; 1; 1; 0; 1; 0
4784; 2; 0; 0; 1; 1; 1; 0; 1; 0
4812; 16; 0; 0; 1; 1; 1; 0; 1; 0
4816; 2; 0; 0; 1; 1; 1; 0; 1; 0
4824; 2; 1; 1; 1; 1; 0; 0; 0,167385047325938; 0,832614952674062
4914; 16; 0; 0; 1; 1; 1; 0; 1; 0
4927; 2; 0; 0; 1; 1; 1; 0; 1; 0
4932; 2; 0; 0; 1; 1; 1; 0; 1; 0
4933; 2; 0; 0; 1; 1; 1; 0; 1; 0
4936; 2; 0; 0; 1; 1; 1; 0; 1; 0
4950; 2; 1; 1; 1; 1; 0; 0; 0,333212359042951; 0,666787640957049
4965; 11; 0; 0; 1; 1; 1; 0; 1; 0
4972; 6; 0; 0; 1; 1; 1; 0; 1; 0
5003; 4; 0; 0; 1; 1; 1; 0; 1; 0
5073; 10; 0; 0; 1; 1; 1; 0; 1; 0
5087; 10; 0; 0; 1; 1; 1; 0; 1; 0
5120; 2; 0; 0; 0,5; 0,5; 1; 0; 1; 0
5134; 2; 0; 0; 1; 1; 1; 0; 1; 0
5153; 10; 0; 0; 1; 1; 1; 0; 1; 0
5174; 2; 0; 0; 1; 1; 1; 0; 1; 0
5197; 11; 0; 0; 1; 1; 1; 0; 1; 0
5201; 10; 0; 0; 1; 1; 1; 0; 1; 0
5211; 2; 0; 0; 1; 1; 1; 0; 1; 0
5225; 2; 0; 0; 1; 1; 1; 0; 1; 0
5227; 20; 0; 0; 1; 1; 1; 0; 1; 0
5260; 4; 0; 0; 1; 1; 1; 0; 1; 0
5302; 3; 0; 0; 1; 1; 1; 0; 1; 0
5306; 2; 0; 0; 1; 1; 1; 0; 1; 0
5321; 2; 1; 1; 1; 1; 0; 1; 0; 1
5331; 3; 0; 0; 1; 1; 1; 0; 1; 0
5355; 2; 0; 0; 1; 1; 1; 0; 1; 0
5359; 2; 0; 0; 1; 1; 1; 0; 1; 0
5396; 10; 0; 0; 1; 1; 1; 0; 1; 0
5397; 8; 0; 0; 1; 1; 1; 0; 1; 0
5424; 18; 0; 0; 1; 1; 1; 0; 1; 0
5441; 10; 0; 0; 1; 1; 1; 0; 1; 0
5445; 2; 0; 0; 1; 1; 1; 0; 1; 0
5524; 2; 1; 0; 1; 0; 1; 0; 1; 0
5548; 3; 0; 0; 1; 1; 1; 0; 1; 0
5569; 10; 0; 0; 1; 1; 1; 0; 1; 0
5571; 3; 0; 0; 1; 1; 1; 0; 1; 0
5575; 10; 0; 0; 1; 1; 1; 0; 1; 0
5611; 2; 0; 0; 1; 1; 1; 0; 1; 0
5715; 10; 0; 0; 1; 1; 1; 0; 1; 0
5716; 2; 1; 1; 1; 1; 0; 0; 0,334321691806297; 0,665678308193703
5734; 2; 0; 0; 1; 1; 1; 0; 1; 0
5759; 2; 0; 0; 1; 1; 1; 0; 1; 0
5795; 11; 0; 0; 1; 1; 1; 0; 1; 0
5798; 4; 0; 0; 1; 1; 1; 0; 1; 0
5800; 30; 0; 0; 1; 1; 1; 0; 1; 0
5804; 2; 0; 0; 1; 1; 1; 0; 1; 0
5805; 4; 0; 0; 1; 1; 1; 0; 1; 0
5814; 2; 1; 0; 1; 0; 1; 0; 1; 0
5833; 10; 0; 0; 1; 1; 1; 0; 1; 0
5874; 3; 0; 0; 1; 1; 1; 0; 1; 0
5889; 100; 0; 0; 1; 1; 1; 0; 1; 0
5892; 2; 0; 0; 1; 1; 1; 0; 1; 0
5908; 14; 3; 0; 0,0714285714285714; 0,0714285714285714; 1; 0; 1; 0
5930; 10; 0; 1; 1; 0; 0; 1; 0; 1
5932; 3; 2; 1; 1; 0; 0; 0; 0,125364729711433; 0,874635270288566
5937; 16; 0; 0; 1; 1; 1; 0; 1; 0
5947; 10; 0; 0; 1; 1; 1; 0; 1; 0
5951; 10; 0; 0; 1; 1; 1; 0; 1; 0
5993; 3; 0; 0; 1; 1; 1; 0; 1; 0
5996; 22; 0; 0; 1; 1; 1; 0; 1; 0
6004; 2; 0; 0; 1; 1; 1; 0; 1; 0
6023; 2; 0; 1; 1; 0; 0; 1; 0; 1
6032; 2; 0; 0; 1; 1; 1; 0; 1; 0
6042; 3; 1; 1; 1; 1; 0; 0; 0,124270025085709; 0,875729974914291
6057; 3; 0; 0; 1; 1; 1; 0; 1; 0
6062; 3; 0; 0; 1; 1; 1; 0; 1; 0
6066; 10; 0; 0; 1; 1; 1; 0; 1; 0
6070; 4; 0; 0; 1; 1; 1; 0; 1; 0
6076; 2; 1; 1; 1; 1; 0; 1; 0; 1
6077; 10; 0; 0; 1; 1; 1; 0; 1; 0
6083; 10; 0; 0; 1; 1; 1; 0; 1; 0
6108; 10; 0; 0; 1; 1; 1; 0; 1; 0
6119; 13; 0; 2; 1; 0; 0; 0; 0,251375822415968; 0,748624177584032
6125; 10; 0; 0; 1; 1; 1; 0; 1; 0
6130; 10; 0; 2; 1; 0; 0; 1; 0; 1
6139; 2; 1; 1; 1; 1; 0; 0; 0,200934938820447; 0,799065061179553
6153; 3; 2; 0; 1; 0; 1; 0; 1; 0
6169; 3; 0; 0; 1; 1; 1; 0; 1; 0
6171; 2; 0; 0; 1; 1; 1; 0; 1; 0
6204; 10; 0; 0; 1; 1; 1; 0; 1; 0
6206; 40; 8; 0; 0,1; 0,1; 1; 0; 1; 0
6209; 10; 2; 1; 0,1; 0,1; 0; 1; 0; 1
6231; 20; 0; 0; 1; 1; 1; 0; 1; 0
6236; 4; 0; 0; 1; 1; 1; 0; 1; 0
6268; 2; 1; 0; 1; 0; 1; 0; 1; 0
6283; 22; 0; 0; 1; 1; 1; 0; 1; 0
6286; 2; 0; 0; 1; 1; 1; 0; 1; 0
6287; 2; 0; 0; 1; 1; 1; 0; 1; 0
6297; 3; 0; 0; 1; 1; 1; 0; 1; 0
6301; 3; 0; 0; 1; 1; 1; 0; 1; 0
6305; 2; 0; 0; 1; 1; 1; 0; 1; 0
6321; 2; 1; 0; 1; 0; 1; 0; 1; 0
6323; 3; 0; 0; 1; 1; 1; 0; 1; 0
6334; 2; 0; 0; 1; 1; 1; 0; 1; 0
6346; 10; 0; 0; 1; 1; 1; 0; 1; 0
6389; 13; 0; 2; 1; 0; 0; 1; 0; 1
6401; 4; 0; 0; 1; 1; 1; 0; 1; 0
6430; 2; 0; 0; 1; 1; 1; 0; 1; 0
6450; 2; 0; 0; 1; 1; 1; 0; 1; 0
6453; 10; 0; 0; 1; 1; 1; 0; 1; 0
6472; 19; 2; 0; 1; 0; 1; 0; 1; 0
6495; 2; 0; 0; 1; 1; 1; 0; 1; 0
6503; 10; 2; 0; 0,1; 0,1; 1; 0; 1; 0
6511; 110; 0; 0; 1; 1; 1; 0; 1; 0
6515; 10; 0; 0; 1; 1; 1; 0; 1; 0
6523; 10; 0; 0; 1; 1; 1; 0; 1; 0
6528; 10; 0; 0; 1; 1; 1; 0; 1; 0
6549; 2; 0; 0; 1; 1; 1; 0; 1; 0
6569; 2; 0; 0; 1; 1; 1; 0; 1; 0
6615; 2; 0; 0; 1; 1; 1; 0; 1; 0
6651; 18; 0; 0; 1; 1; 1; 0; 1; 0
6676; 2; 0; 0; 1; 1; 1; 0; 1; 0
6682; 2; 0; 0; 1; 1; 1; 0; 1; 0
6687; 2; 0; 1; 1; 0; 0; 1; 0; 1
6716; 2; 0; 0; 1; 1; 1; 0; 1; 0
6718; 26; 1; 1; 1; 1; 0; 0; 0,499204896857961; 0,500795103142039
6721; 2; 0; 0; 1; 1; 1; 0; 1; 0
6730; 3; 0; 0; 1; 1; 1; 0; 1; 0
6733; 2; 0; 0; 1; 1; 1; 0; 1; 0
6739; 10; 2; 0; 0,1; 0,1; 1; 0; 1; 0
6749; 2; 1; 0; 1; 0; 1; 0; 1; 0
6783; 10; 0; 0; 1; 1; 1; 0; 1; 0
6787; 20; 0; 0; 1; 1; 1; 0; 1; 0
6794; 2; 0; 0; 1; 1; 1; 0; 1; 0
6820; 10; 0; 0; 1; 1; 1; 0; 1; 0
6824; 2; 0; 0; 1; 1; 1; 0; 1; 0
6826; 2; 0; 0; 1; 1; 1; 0; 1; 0
6828; 10; 0; 0; 1; 1; 1; 0; 1; 0
6836; 2; 0; 0; 1; 1; 1; 0; 1; 0
6837; 3; 1; 0; 1; 0; 1; 0; 1; 0
6861; 10; 0; 0; 1; 1; 1; 0; 1; 0
6863; 2; 0; 0; 1; 1; 1; 0; 1; 0
6866; 10; 0; 0; 1; 1; 1; 0; 1; 0
6878; 10; 0; 0; 1; 1; 1; 0; 1; 0
6903; 2; 0; 0; 1; 1; 1; 0; 1; 0
6907; 10; 0; 0; 1; 1; 1; 0; 1; 0
6909; 2; 0; 0; 1; 1; 1; 0; 1; 0
6912; 10; 0; 0; 1; 1; 1; 0; 1; 0
6918; 2; 0; 0; 1; 1; 1; 0; 1; 0
6937; 10; 0; 0; 1; 1; 1; 0; 1; 0
6942; 2; 0; 0; 1; 1; 1; 0; 1; 0
6960; 13; 2; 1; 1; 0; 0; 0; 0,331599996738756; 0,668400003261244
6967; 16; 0; 0; 1; 1; 1; 0; 1; 0
6970; 16; 0; 0; 1; 1; 1; 0; 1; 0
6986; 2; 0; 0; 1; 1; 1; 0; 1; 0
7011; 16; 0; 0; 1; 1; 1; 0; 1; 0
7056; 22; 1; 1; 1; 1; 0; 0; 0,499871699868275; 0,500128300131725
7092; 10; 0; 0; 1; 1; 1; 0; 1; 0
7130; 11; 0; 0; 1; 1; 1; 0; 1; 0
7140; 2; 1; 0; 1; 0; 1; 0; 1; 0
7155; 2; 0; 0; 0,5; 0,5; 1; 0; 1; 0
7175; 16; 0; 0; 1; 1; 1; 0; 1; 0
7200; 3; 0; 0; 1; 1; 1; 0; 1; 0
7226; 2; 1; 1; 1; 1; 0; 0; 0,19881132297054; 0,80118867702946
7244; 3; 0; 0; 1; 1; 1; 0; 1; 0
7262; 10; 0; 0; 1; 1; 1; 0; 1; 0
7278; 10; 0; 0; 1; 1; 1; 0; 1; 0
7279; 10; 0; 0; 1; 1; 1; 0; 1; 0
7283; 2; 1; 0; 1; 0; 1; 0; 1; 0
7287; 18; 1; 2; 1; 0; 0; 0; 0,500296553284424; 0,499703446715576
7288; 2; 0; 0; 1; 1; 1; 0; 1; 0
7314; 2; 0; 0; 1; 1; 1; 0; 1; 0
7316; 10; 0; 0; 1; 1; 1; 0; 1; 0
7332; 10; 0; 0; 1; 1; 1; 0; 1; 0
7334; 2; 0; 0; 1; 1; 1; 0; 1; 0
7335; 2; 0; 0; 1; 1; 1; 0; 1; 0
7344; 17; 0; 0; 1; 1; 1; 0; 1; 0
7345; 3; 0; 0; 1; 1; 1; 0; 1; 0
7364; 10; 2; 0; 0,1; 0,1; 1; 0; 1; 0
7375; 2; 1; 0; 1; 0; 1; 0; 1; 0
7466; 3; 0; 0; 1; 1; 1; 0; 1; 0
7473; 100; 0; 0; 1; 1; 1; 0; 1; 0
7492; 10; 0; 0; 1; 1; 1; 0; 1; 0
7521; 11; 2; 0; 0,0909090909090909; 0,0909090909090909; 1; 0; 1; 0
7522; 16; 0; 0; 1; 1; 1; 0; 1; 0
7528; 16; 0; 0; 1; 1; 1; 0; 1; 0
7538; 2; 1; 0; 1; 0; 1; 0; 1; 0
7552; 16; 0; 0; 1; 1; 1; 0; 1; 0
7580; 16; 0; 0; 1; 1; 1; 0; 1; 0
7591; 2; 0; 0; 1; 1; 1; 0; 1; 0
7597; 2; 1; 1; 1; 1; 0; 0; 0,334321691806297; 0,665678308193703
7617; 10; 0; 0; 1; 1; 1; 0; 1; 0
7623; 4; 0; 0; 1; 1; 1; 0; 1; 0
7626; 14; 3; 3; 0,0714285714285714; 0,0714285714285714; 0; 0; 0,499619597261387; 0,500380402738613
7651; 2; 0; 0; 1; 1; 1; 0; 1; 0
7662; 3; 2; 1; 1; 0; 0; 0; 0,124270025085709; 0,875729974914291
7668; 3; 0; 0; 1; 1; 1; 0; 1; 0
7698; 4; 0; 2; 0,25; 0,25; 0; 0; 0,25018242581366; 0,74981757418634
7701; 10; 0; 0; 1; 1; 1; 0; 1; 0
7702; 10; 0; 0; 1; 1; 1; 0; 1; 0
7721; 2; 0; 0; 0,5; 0,5; 1; 0; 1; 0
7724; 16; 0; 0; 1; 1; 1; 0; 1; 0
7731; 2; 1; 0; 1; 0; 1; 0; 1; 0
7766; 2; 0; 0; 1; 1; 1; 0; 1; 0
7784; 2; 0; 0; 0,5; 0,5; 1; 0; 1; 0
7787; 10; 0; 0; 1; 1; 1; 0; 1; 0
7790; 10; 0; 0; 1; 1; 1; 0; 1; 0
7796; 10; 0; 0; 1; 1; 1; 0; 1; 0
7798; 2; 0; 0; 1; 1; 1; 0; 1; 0
7812; 10; 0; 0; 1; 1; 1; 0; 1; 0
7820; 3; 0; 0; 1; 1; 1; 0; 1; 0
7832; 3; 2; 0; 1; 0; 1; 0; 1; 0
7841; 16; 0; 0; 1; 1; 1; 0; 1; 0
7846; 2; 1; 0; 1; 0; 1; 0; 1; 0
7853; 2; 0; 0; 1; 1; 1; 0; 1; 0
7859; 3; 0; 0; 1; 1; 1; 0; 1; 0
7861; 10; 0; 0; 1; 1; 1; 0; 1; 0
7902; 2; 1; 1; 1; 1; 0; 0; 0,428193131701094; 0,571806868298906
7904; 10; 0; 0; 1; 1; 1; 0; 1; 0
7959; 8; 0; 0; 1; 1; 1; 0; 1; 0
7970; 3; 0; 0; 1; 1; 1; 0; 1; 0
7974; 2; 0; 0; 1; 1; 1; 0; 1; 0
7989; 10; 2; 0; 0,1; 0,1; 1; 0; 1; 0
8007; 10; 0; 0; 1; 1; 1; 0; 1; 0
8041; 2; 1; 0; 1; 0; 1; 0; 1; 0
8090; 3; 0; 0; 1; 1; 1; 0; 1; 0
8117; 2; 1; 0; 1; 0; 1; 0; 1; 0
8125; 10; 2; 0; 0,1; 0,1; 1; 0; 1; 0
8130; 4; 0; 1; 1; 0; 0; 0; 0,500296553284424; 0,499703446715576
8136; 10; 0; 0; 1; 1; 1; 0; 1; 0
8156; 2; 1; 1; 1; 1; 0; 1; 0; 1
8194; 17; 0; 0; 1; 1; 1; 0; 1; 0
8206; 3; 0; 0; 1; 1; 1; 0; 1; 0
8214; 13; 2; 0; 1; 0; 1; 0; 1; 0
8215; 10; 0; 0; 1; 1; 1; 0; 1; 0
8260; 10; 0; 0; 1; 1; 1; 0; 1; 0
8304; 2; 0; 0; 1; 1; 1; 0; 1; 0
8307; 2; 0; 0; 0,5; 0,5; 1; 0; 1; 0
8312; 16; 3; 0; 0,0625; 0,0625; 1; 0; 1; 0
8315; 2; 1; 0; 1; 0; 1; 0; 1; 0
8341; 2; 0; 0; 1; 1; 1; 0; 1; 0
8352; 2; 0; 0; 1; 1; 1; 0; 1; 0
8356; 2; 1; 0; 1; 0; 1; 0; 1; 0
8357; 3; 0; 0; 1; 1; 1; 0; 1; 0
8366; 2; 0; 0; 1; 1; 1; 0; 1; 0
8369; 2; 0; 0; 1; 1; 1; 0; 1; 0
8373; 3; 0; 0; 1; 1; 1; 0; 1; 0
8375; 10; 0; 0; 1; 1; 1; 0; 1; 0
8376; 10; 0; 0; 1; 1; 1; 0; 1; 0
8381; 16; 0; 0; 1; 1; 1; 0; 1; 0
8389; 2; 0; 0; 1; 1; 1; 0; 1; 0
8408; 10; 0; 2; 1; 0; 0; 0; 0,332032239591889; 0,667967760408111
8410; 10; 0; 0; 1; 1; 1; 0; 1; 0
8413; 16; 0; 0; 1; 1; 1; 0; 1; 0
8419; 2; 0; 0; 1; 1; 1; 0; 1; 0
8436; 2; 0; 0; 1; 1; 1; 0; 1; 0
8445; 16; 0; 0; 1; 1; 1; 0; 1; 0
8451; 14; 3; 0; 0,0714285714285714; 0,0714285714285714; 1; 0; 1; 0
8462; 2; 1; 1; 1; 1; 0; 0; 0,500599967389935; 0,499400032610065
8491; 8; 0; 0; 1; 1; 1; 0; 1; 0
8512; 2; 0; 0; 0,5; 0,5; 1; 0; 1; 0
8530; 3; 0; 0; 1; 1; 1; 0; 1; 0
8550; 2; 1; 0; 1; 0; 1; 0; 1; 0
8554; 20; 0; 0; 1; 1; 1; 0; 1; 0
8565; 10; 0; 2; 1; 0; 0; 0; 0,249836158183357; 0,750163841816643
8608; 2; 0; 0; 1; 1; 1; 0; 1; 0
8609; 16; 0; 0; 1; 1; 1; 0; 1; 0
8623; 2; 0; 1; 1; 0; 0; 0; 0,429374810511337; 0,570625189488663
8625; 10; 0; 0; 1; 1; 1; 0; 1; 0
8627; 22; 3; 0; 1; 0; 1; 0; 1; 0
8650; 8; 0; 0; 0,25; 0,25; 1; 0; 1; 0
8655; 4; 0; 0; 0,25; 0,25; 1; 0; 1; 0
8669; 2; 1; 1; 1; 1; 0; 0; 0,334321691806297; 0,665678308193703
8703; 2; 0; 0; 1; 1; 1; 0; 1; 0
8705; 2; 0; 0; 1; 1; 1; 0; 1; 0
8713; 20; 0; 0; 1; 1; 1; 0; 1; 0
8754; 2; 0; 0; 1; 1; 1; 0; 1; 0
8762; 17; 2; 2; 1; 1; 0; 1; 0; 1
8771; 16; 0; 0; 1; 1; 1; 0; 1; 0
8796; 10; 0; 0; 1; 1; 1; 0; 1; 0
8803; 19; 4; 2; 0,0526315789473684; 0,0526315789473684; 0; 1; 0; 1
8810; 10; 0; 0; 1; 1; 1; 0; 1; 0
8815; 10; 0; 0; 1; 1; 1; 0; 1; 0
8817; 3; 0; 0; 1; 1; 1; 0; 1; 0
8823; 16; 0; 0; 1; 1; 1; 0; 1; 0
8824; 10; 2; 0; 0,1; 0,1; 1; 0; 1; 0
8831; 10; 0; 0; 1; 1; 1; 0; 1; 0
8834; 2; 0; 0; 1; 1; 1; 0; 1; 0
8865; 3; 0; 2; 0,333333333333333; 0,333333333333333; 0; 0; 0,499830914844845; 0,500169085155155
8886; 2; 0; 0; 1; 1; 1; 0; 1; 0
8889; 3; 0; 0; 1; 1; 1; 0; 1; 0
8902; 2; 0; 0; 1; 1; 1; 0; 1; 0
8903; 2; 0; 0; 1; 1; 1; 0; 1; 0
8909; 16; 0; 0; 1; 1; 1; 0; 1; 0
8922; 10; 0; 0; 1; 1; 1; 0; 1; 0
8937; 2; 0; 0; 1; 1; 1; 0; 1; 0
8948; 2; 0; 0; 1; 1; 1; 0; 1; 0
8951; 16; 0; 0; 1; 1; 1; 0; 1; 0
8956; 3; 0; 0; 1; 1; 1; 0; 1; 0
8959; 2; 0; 0; 1; 1; 1; 0; 1; 0
8962; 2; 0; 0; 0,5; 0,5; 1; 0; 1; 0
8976; 2; 0; 1; 1; 0; 0; 1; 0; 1
8978; 2; 0; 0; 1; 1; 1; 0; 1; 0
8994; 2; 1; 0; 1; 0; 1; 0; 1; 0
9004; 2; 0; 0; 1; 1; 1; 0; 1; 0
9010; 13; 2; 2; 1; 1; 0; 1; 0; 1
9016; 20; 0; 0; 1; 1; 1; 0; 1; 0
9018; 2; 0; 0; 1; 1; 1; 0; 1; 0
9039; 2; 1; 0; 1; 0; 1; 0; 1; 0
9044; 2; 1; 1; 1; 1; 0; 1; 0; 1
9051; 10; 0; 0; 1; 1; 1; 0; 1; 0
9060; 16; 0; 0; 1; 1; 1; 0; 1; 0
9089; 2; 0; 0; 1; 1; 1; 0; 1; 0
9090; 10; 0; 0; 1; 1; 1; 0; 1; 0
9123; 3; 0; 0; 1; 1; 1; 0; 1; 0
9163; 3; 0; 0; 1; 1; 1; 0; 1; 0
9165; 10; 0; 0; 1; 1; 1; 0; 1; 0
9172; 3; 2; 2; 1; 1; 0; 0; 0,124080736305665; 0,875919263694335
9178; 2; 0; 0; 1; 1; 1; 0; 1; 0
9188; 2; 1; 1; 1; 1; 0; 1; 0; 1
9192; 16; 0; 0; 1; 1; 1; 0; 1; 0
9198; 20; 0; 0; 1; 1; 1; 0; 1; 0
9204; 10; 2; 2; 0,1; 0,1; 0; 0; 0,499743375414072; 0,500256624585928
9205; 20; 0; 0; 1; 1; 1; 0; 1; 0
9213; 20; 0; 0; 1; 1; 1; 0; 1; 0
9220; 22; 0; 0; 1; 1; 1; 0; 1; 0
9253; 4; 0; 1; 1; 0; 0; 0; 0,500296553284424; 0,499703446715576
9258; 3; 0; 0; 1; 1; 1; 0; 1; 0
9260; 16; 0; 0; 1; 1; 1; 0; 1; 0
9275; 16; 0; 0; 1; 1; 1; 0; 1; 0
9280; 2; 0; 1; 1; 0; 0; 1; 0; 1
9287; 16; 0; 0; 1; 1; 1; 0; 1; 0
9298; 16; 0; 0; 1; 1; 1; 0; 1; 0
9314; 2; 1; 0; 1; 0; 1; 0; 1; 0
9345; 2; 1; 1; 1; 1; 0; 0; 0,200412394553236; 0,799587605446764
9360; 2; 0; 0; 1; 1; 1; 0; 1; 0
9388; 4; 0; 0; 1; 1; 1; 0; 1; 0
9389; 2; 0; 0; 0,5; 0,5; 1; 0; 1; 0
9395; 2; 1; 1; 1; 1; 0; 0; 0,167385047325938; 0,832614952674062
9402; 20; 0; 0; 1; 1; 1; 0; 1; 0
9419; 3; 2; 1; 1; 0; 0; 1; 0; 1
9423; 100; 0; 0; 1; 1; 1; 0; 1; 0
9446; 2; 0; 0; 1; 1; 1; 0; 1; 0
9451; 3; 0; 0; 1; 1; 1; 0; 1; 0
9456; 18; 1; 1; 1; 1; 0; 1; 0; 1
9460; 16; 0; 0; 1; 1; 1; 0; 1; 0
9486; 10; 0; 0; 1; 1; 1; 0; 1; 0
9527; 2; 1; 1; 1; 1; 0; 1; 0; 1
9533; 19; 0; 0; 1; 1; 1; 0; 1; 0
9549; 2; 0; 0; 1; 1; 1; 0; 1; 0
9560; 10; 0; 0; 1; 1; 1; 0; 1; 0
9614; 11; 0; 0; 1; 1; 1; 0; 1; 0
9615; 13; 0; 2; 1; 0; 0; 1; 0; 1
9620; 3; 0; 1; 1; 0; 0; 1; 0; 1
9633; 2; 1; 0; 1; 0; 1; 0; 1; 0
9636; 10; 0; 0; 1; 1; 1; 0; 1; 0
9671; 20; 0; 0; 1; 1; 1; 0; 1; 0
9714; 2; 0; 0; 1; 1; 1; 0; 1; 0
9726; 6; 0; 0; 1; 1; 1; 0; 1; 0
9758; 2; 0; 0; 1; 1; 1; 0; 1; 0
9764; 2; 0; 0; 0,5; 0,5; 1; 0; 1; 0
9773; 10; 0; 0; 1; 1; 1; 0; 1; 0
9774; 16; 0; 0; 1; 1; 1; 0; 1; 0
9779; 2; 0; 0; 1; 1; 1; 0; 1; 0
9807; 3; 0; 0; 1; 1; 1; 0; 1; 0
9813; 3; 0; 0; 1; 1; 1; 0; 1; 0
9833; 2; 0; 0; 1; 1; 1; 0; 1; 0
9834; 2; 0; 0; 1; 1; 1; 0; 1; 0
9835; 3; 0; 0; 1; 1; 1; 0; 1; 0
9841; 10; 2; 0; 1; 0; 1; 0; 1; 0
9846; 10; 0; 0; 1; 1; 1; 0; 1; 0
9923; 18; 1; 1; 1; 1; 0; 1; 0; 1
9953; 2; 0; 0; 1; 1; 1; 0; 1; 0
9960; 10; 0; 0; 1; 1; 1; 0; 1; 0
9961; 10; 0; 0; 1; 1; 1; 0; 1; 0
9995; 16; 0; 0; 1; 1; 1; 0; 1; 0
10008; 2; 0; 0; 1; 1; 1; 0; 1; 0
10009; 2; 1; 0; 1; 0; 1; 0; 1; 0
10012; 22; 1; 0; 1; 0; 1; 0; 1; 0
10038; 2; 0; 0; 1; 1; 1; 0; 1; 0
10048; 2; 0; 0; 1; 1; 1; 0; 1; 0
10061; 10; 0; 0; 1; 1; 1; 0; 1; 0
10065; 10; 0; 0; 1; 1; 1; 0; 1; 0
10091; 3; 0; 0; 1; 1; 1; 0; 1; 0
10133; 2; 0; 0; 1; 1; 1; 0; 1; 0
10135; 2; 1; 0; 1; 0; 1; 0; 1; 0
10161; 3; 0; 0; 1; 1; 1; 0; 1; 0
10163; 2; 1; 0; 1; 0; 1; 0; 1; 0
10172; 10; 2; 0; 0,1; 0,1; 1; 0; 1; 0
10193; 16; 0; 0; 1; 1; 1; 0; 1; 0
10199; 3; 2; 0; 1; 0; 1; 0; 1; 0
10202; 2; 0; 0; 1; 1; 1; 0; 1; 0
10203; 3; 0; 0; 1; 1; 1; 0; 1; 0
10211; 2; 1; 1; 1; 1; 0; 0; 0,19881132297054; 0,80118867702946
10216; 3; 0; 0; 1; 1; 1; 0; 1; 0
10221; 2; 0; 0; 1; 1; 1; 0; 1; 0
10223; 2; 1; 1; 1; 1; 0; 0; 0,334321691806297; 0,665678308193703
10233; 20; 0; 0; 1; 1; 1; 0; 1; 0
10237; 16; 0; 0; 1; 1; 1; 0; 1; 0
10240; 2; 0; 0; 1; 1; 1; 0; 1; 0
10242; 2; 1; 1; 1; 1; 0; 0; 0,200412394553236; 0,799587605446764
10246; 2; 0; 0; 1; 1; 1; 0; 1; 0
10249; 3; 0; 0; 1; 1; 1; 0; 1; 0
10309; 10; 0; 0; 1; 1; 1; 0; 1; 0
10314; 19; 0; 0; 1; 1; 1; 0; 1; 0
10337; 10; 0; 0; 1; 1; 1; 0; 1; 0
10362; 10; 0; 0; 1; 1; 1; 0; 1; 0
10363; 10; 0; 0; 1; 1; 1; 0; 1; 0
10364; 2; 0; 0; 1; 1; 1; 0; 1; 0
10374; 2; 0; 0; 1; 1; 1; 0; 1; 0
10378; 10; 0; 0; 1; 1; 1; 0; 1; 0
10384; 3; 0; 0; 1; 1; 1; 0; 1; 0
10386; 2; 0; 0; 1; 1; 1; 0; 1; 0
10405; 2; 0; 0; 1; 1; 1; 0; 1; 0
10411; 2; 0; 0; 1; 1; 1; 0; 1; 0
10414; 2; 1; 0; 1; 0; 1; 0; 1; 0
10453; 10; 0; 0; 1; 1; 1; 0; 1; 0
10457; 16; 0; 0; 1; 1; 1; 0; 1; 0
10508; 10; 0; 0; 1; 1; 1; 0; 1; 0
10526; 16; 0; 0; 1; 1; 1; 0; 1; 0
10528; 2; 0; 0; 1; 1; 1; 0; 1; 0
10544; 8; 0; 0; 1; 1; 1; 0; 1; 0
10545; 68; 0; 0; 1; 1; 1; 0; 1; 0
10575; 3; 0; 0; 1; 1; 1; 0; 1; 0
10586; 10; 0; 0; 1; 1; 1; 0; 1; 0
10602; 2; 0; 0; 1; 1; 1; 0; 1; 0
10609; 2; 1; 0; 1; 0; 1; 0; 1; 0
10614; 2; 0; 0; 1; 1; 1; 0; 1; 0
10618; 3; 0; 0; 1; 1; 1; 0; 1; 0
10621; 2; 0; 0; 1; 1; 1; 0; 1; 0
10628; 10; 0; 0; 1; 1; 1; 0; 1; 0
10641; 3; 2; 2; 1; 1; 0; 0; 0,124080736305665; 0,875919263694335
10645; 2; 1; 1; 1; 1; 0; 0; 0,166235758316226; 0,833764241683774
10651; 10; 0; 0; 1; 1; 1; 0; 1; 0
10654; 10; 0; 0; 1; 1; 1; 0; 1; 0
10662; 2; 0; 0; 1; 1; 1; 0; 1; 0
10675; 10; 0; 0; 1; 1; 1; 0; 1; 0
10678; 160; 0; 0; 1; 1; 1; 0; 1; 0
10687; 10; 0; 0; 1; 1; 1; 0; 1; 0
10694; 16; 0; 0; 1; 1; 1; 0; 1; 0
10696; 2; 0; 0; 1; 1; 1; 0; 1; 0
10709; 10; 2; 0; 0,1; 0,1; 1; 0; 1; 0
10767; 10; 0; 0; 1; 1; 1; 0; 1; 0
10771; 10; 0; 0; 1; 1; 1; 0; 1; 0
10777; 2; 0; 0; 1; 1; 1; 0; 1; 0
10791; 4; 0; 0; 1; 1; 1; 0; 1; 0
10827; 3; 0; 0; 1; 1; 1; 0; 1; 0
10830; 2; 0; 0; 1; 1; 1; 0; 1; 0
10833; 2; 0; 0; 1; 1; 1; 0; 1; 0
10841; 3; 0; 0; 1; 1; 1; 0; 1; 0
10888; 10; 0; 0; 1; 1; 1; 0; 1; 0
10909; 2; 0; 0; 1; 1; 1; 0; 1; 0
10921; 3; 0; 0; 1; 1; 1; 0; 1; 0
10964; 20; 0; 0; 1; 1; 1; 0; 1; 0
10975; 10; 2; 0; 0,1; 0,1; 1; 0; 1; 0
10976; 10; 0; 0; 1; 1; 1; 0; 1; 0
10988; 2; 0; 0; 1; 1; 1; 0; 1; 0
10989; 10; 0; 0; 1; 1; 1; 0; 1; 0
10990; 3; 1; 1; 1; 1; 0; 1; 0; 1
11009; 100; 0; 0; 1; 1; 1; 0; 1; 0
11025; 13; 2; 0; 1; 0; 1; 0; 1; 0
11028; 10; 0; 0; 1; 1; 1; 0; 1; 0
11044; 16; 0; 0; 1; 1; 1; 0; 1; 0
11055; 2; 0; 0; 1; 1; 1; 0; 1; 0
11065; 3; 0; 0; 1; 1; 1; 0; 1; 0
11066; 3; 0; 0; 1; 1; 1; 0; 1; 0
11138; 10; 0; 0; 1; 1; 1; 0; 1; 0
11151; 2; 0; 0; 1; 1; 1; 0; 1; 0
11158; 20; 0; 0; 1; 1; 1; 0; 1; 0
11164; 2; 0; 0; 1; 1; 1; 0; 1; 0
11167; 3; 0; 0; 1; 1; 1; 0; 1; 0
11172; 2; 0; 0; 1; 1; 1; 0; 1; 0
11196; 2; 0; 0; 1; 1; 1; 0; 1; 0
11208; 18; 1; 1; 1; 1; 0; 1; 0; 1
11226; 2; 1; 1; 1; 1; 0; 1; 0; 1
11229; 2; 1; 1; 1; 1; 0; 1; 0; 1
11285; 2; 0; 0; 1; 1; 1; 0; 1; 0
11295; 3; 0; 0; 1; 1; 1; 0; 1; 0
11298; 10; 0; 0; 1; 1; 1; 0; 1; 0
11306; 4; 0; 0; 1; 1; 1; 0; 1; 0
11307; 2; 0; 0; 1; 1; 1; 0; 1; 0
11315; 2; 1; 0; 1; 0; 1; 0; 1; 0
11317; 20; 0; 0; 0,5; 0,5; 1; 0; 1; 0
11319; 16; 0; 0; 1; 1; 1; 0; 1; 0
11320; 2; 0; 0; 1; 1; 1; 0; 1; 0
11323; 22; 0; 0; 1; 1; 1; 0; 1; 0
11329; 3; 0; 0; 1; 1; 1; 0; 1; 0
11352; 10; 0; 0; 1; 1; 1; 0; 1; 0
11379; 16; 0; 0; 1; 1; 1; 0; 1; 0
11396; 2; 0; 1; 1; 0; 0; 0; 0,199332582175966; 0,800667417824035
11402; 2; 0; 0; 1; 1; 1; 0; 1; 0
11406; 3; 0; 0; 1; 1; 1; 0; 1; 0
11414; 2; 0; 0; 0,5; 0,5; 1; 0; 1; 0
11415; 2; 1; 1; 1; 1; 0; 0; 0,199321718519391; 0,800678281480609
11453; 3; 0; 0; 1; 1; 1; 0; 1; 0
11476; 10; 0; 0; 1; 1; 1; 0; 1; 0
11496; 6; 0; 0; 1; 1; 1; 0; 1; 0
11508; 100; 0; 0; 1; 1; 1; 0; 1; 0
11513; 2; 1; 1; 1; 1; 0; 0; 0,19881132297054; 0,80118867702946
11552; 20; 0; 0; 1; 1; 1; 0; 1; 0
11553; 2; 0; 1; 1; 0; 0; 1; 0; 1
11581; 10; 0; 0; 1; 1; 1; 0; 1; 0
11583; 10; 0; 0; 1; 1; 1; 0; 1; 0
11591; 11; 0; 0; 1; 1; 1; 0; 1; 0
11599; 10; 0; 0; 1; 1; 1; 0; 1; 0
11600; 16; 0; 0; 1; 1; 1; 0; 1; 0
11604; 16; 0; 0; 1; 1; 1; 0; 1; 0
11607; 2; 0; 0; 1; 1; 1; 0; 1; 0
11613; 14; 3; 10; 0,0714285714285714; 0,0714285714285714; 0; 1; 0; 1
11634; 16; 0; 0; 1; 1; 1; 0; 1; 0
11655; 10; 0; 0; 1; 1; 1; 0; 1; 0
11658; 2; 0; 0; 1; 1; 1; 0; 1; 0
11660; 16; 3; 0; 0,0625; 0,0625; 1; 0; 1; 0
11663; 4; 0; 0; 1; 1; 1; 0; 1; 0
11668; 10; 0; 0; 1; 1; 1; 0; 1; 0
11680; 13; 0; 0; 1; 1; 1; 0; 1; 0
11697; 2; 0; 0; 0,5; 0,5; 1; 0; 1; 0
11711; 3; 2; 1; 1; 0; 0; 0; 0,428193131701094; 0,571806868298906
11723; 2; 0; 0; 1; 1; 1; 0; 1; 0
11749; 20; 0; 0; 1; 1; 1; 0; 1; 0
11760; 4; 0; 0; 1; 1; 1; 0; 1; 0
11822; 2; 1; 1; 1; 1; 0; 0; 0,19881132297054; 0,80118867702946
11848; 2; 1; 1; 1; 1; 0; 0; 0,334321691806297; 0,665678308193703
11868; 16; 0; 0; 1; 1; 1; 0; 1; 0
11910; 17; 3; 0; 0,0588235294117647; 0,0588235294117647; 1; 0; 1; 0
11949; 2; 1; 1; 1; 1; 0; 0; 0,499954889917529; 0,500045110082471
11957; 2; 0; 0; 1; 1; 1; 0; 1; 0
11967; 10; 0; 0; 1; 1; 1; 0; 1; 0
11973; 18; 4; 2; 0,0555555555555555; 0,0555555555555555; 0; 0; 0,500296553284424; 0,499703446715576
11980; 10; 2; 0; 1; 0; 1; 0; 1; 0
11987; 11; 0; 0; 1; 1; 1; 0; 1; 0
12014; 10; 0; 0; 1; 1; 1; 0; 1; 0
12055; 2; 0; 0; 1; 1; 1; 0; 1; 0
12082; 2; 1; 1; 1; 1; 0; 0; 0,332035938147038; 0,667964061852961
12097; 2; 0; 0; 1; 1; 1; 0; 1; 0
12105; 10; 0; 0; 1; 1; 1; 0; 1; 0
12120; 10; 0; 0; 1; 1; 1; 0; 1; 0
12162; 100; 0; 0; 1; 1; 1; 0; 1; 0
12168; 10; 0; 0; 1; 1; 1; 0; 1; 0
12175; 13; 2; 2; 1; 1; 0; 0; 0,251375822415968; 0,748624177584032
12181; 10; 0; 0; 1; 1; 1; 0; 1; 0
12195; 10; 0; 0; 1; 1; 1; 0; 1; 0
12199; 10; 0; 0; 1; 1; 1; 0; 1; 0
12213; 2; 0; 1; 0,5; 0,5; 0; 1; 0; 1
12226; 3; 2; 0; 1; 0; 1; 0; 1; 0
12227; 4; 0; 0; 1; 1; 1; 0; 1; 0
12228; 4; 0; 1; 1; 0; 0; 0; 0,334791303513529; 0,665208696486471
12235; 2; 0; 0; 1; 1; 1; 0; 1; 0
12236; 2; 0; 0; 1; 1; 1; 0; 1; 0
12237; 10; 2; 0; 0,1; 0,1; 1; 0; 1; 0
12242; 10; 0; 0; 1; 1; 1; 0; 1; 0
12248; 3; 0; 0; 1; 1; 1; 0; 1; 0
12251; 4; 0; 0; 1; 1; 1; 0; 1; 0
12255; 16; 0; 0; 1; 1; 1; 0; 1; 0
12258; 3; 0; 0; 1; 1; 1; 0; 1; 0
12273; 2; 0; 0; 1; 1; 1; 0; 1; 0
12274; 2; 0; 0; 1; 1; 1; 0; 1; 0
12288; 3; 2; 2; 1; 1; 0; 0; 0,428139817652065; 0,571860182347935
12325; 18; 4; 1; 0,0555555555555555; 0,0555555555555555; 0; 1; 0; 1
12345; 32; 1; 1; 1; 1; 0; 0; 0,500984484812199; 0,499015515187801
12360; 10; 2; 0; 1; 0; 1; 0; 1; 0
12365; 100; 0; 0; 1; 1; 1; 0; 1; 0
12383; 32; 0; 1; 0,5; 0,5; 0; 0; 0,500984484812199; 0,499015515187801
12400; 8; 0; 0; 1; 1; 1; 0; 1; 0
12404; 20; 0; 0; 1; 1; 1; 0; 1; 0
12431; 10; 0; 0; 1; 1; 1; 0; 1; 0
12434; 22; 0; 0; 1; 1; 1; 0; 1; 0
12453; 2; 0; 0; 1; 1; 1; 0; 1; 0
12462; 2; 0; 0; 1; 1; 1; 0; 1; 0
12464; 16; 0; 0; 1; 1; 1; 0; 1; 0
12482; 2; 0; 0; 1; 1; 1; 0; 1; 0
12486; 10; 0; 0; 1; 1; 1; 0; 1; 0
12489; 3; 2; 1; 1; 0; 0; 0; 0,125174011812684; 0,874825988187316
12503; 10; 5; 0; 0,1; 0,1; 1; 0; 1; 0
12512; 16; 0; 0; 1; 1; 1; 0; 1; 0
12513; 4; 0; 0; 1; 1; 1; 0; 1; 0
12514; 10; 0; 0; 1; 1; 1; 0; 1; 0
12515; 10; 0; 0; 1; 1; 1; 0; 1; 0
12535; 3; 0; 2; 1; 0; 0; 1; 0; 1
12544; 2; 0; 0; 1; 1; 1; 0; 1; 0
12551; 4; 0; 0; 1; 1; 1; 0; 1; 0
12568; 2; 0; 0; 1; 1; 1; 0; 1; 0
12574; 2; 1; 1; 1; 1; 0; 1; 0; 1
12579; 16; 0; 0; 1; 1; 1; 0; 1; 0
12581; 3; 0; 0; 1; 1; 1; 0; 1; 0
12595; 16; 0; 0; 1; 1; 1; 0; 1; 0
12625; 20; 0; 0; 1; 1; 1; 0; 1; 0
12661; 10; 0; 0; 1; 1; 1; 0; 1; 0
12670; 20; 1; 1; 0,5; 0,5; 0; 0; 0,500984484812199; 0,499015515187801
12675; 2; 0; 0; 1; 1; 1; 0; 1; 0
12750; 2; 0; 0; 1; 1; 1; 0; 1; 0
12762; 2; 1; 1; 1; 1; 0; 0; 0,199321718519391; 0,800678281480609
12765; 11; 0; 0; 1; 1; 1; 0; 1; 0
12780; 100; 0; 0; 1; 1; 1; 0; 1; 0
12784; 3; 0; 0; 1; 1; 1; 0; 1; 0
12833; 2; 1; 0; 0,5; 0,5; 1; 0; 1; 0
12840; 10; 0; 0; 1; 1; 1; 0; 1; 0
12867; 2; 0; 0; 1; 1; 1; 0; 1; 0
12868; 3; 0; 0; 1; 1; 1; 0; 1; 0
12896; 2; 1; 0; 1; 0; 1; 0; 1; 0
12901; 2; 1; 0; 1; 0; 1; 0; 1; 0
12920; 10; 0; 0; 1; 1; 1; 0; 1; 0
12940; 3; 0; 0; 1; 1; 1; 0; 1; 0
12950; 2; 0; 0; 1; 1; 1; 0; 1; 0
12963; 20; 0; 0; 1; 1; 1; 0; 1; 0
12965; 20; 0; 0; 1; 1; 1; 0; 1; 0
12996; 10; 0; 0; 1; 1; 1; 0; 1; 0
13029; 10; 0; 0; 1; 1; 1; 0; 1; 0
13047; 2; 0; 0; 1; 1; 1; 0; 1; 0
13055; 10; 2; 0; 1; 0; 1; 0; 1; 0
13058; 2; 1; 0; 1; 0; 1; 0; 1; 0
13070; 17; 9; 0; 0,0588235294117647; 0,0588235294117647; 1; 0; 1; 0
13097; 10; 0; 0; 1; 1; 1; 0; 1; 0
13099; 3; 2; 2; 1; 1; 0; 0; 0,299206021369357; 0,700793978630643
13100; 2; 0; 0; 1; 1; 1; 0; 1; 0
13106; 3; 0; 0; 1; 1; 1; 0; 1; 0
13118; 13; 0; 0; 1; 1; 1; 0; 1; 0
13128; 10; 0; 0; 1; 1; 1; 0; 1; 0
13146; 2; 1; 0; 0,5; 0,5; 1; 0; 1; 0
13147; 11; 0; 0; 1; 1; 1; 0; 1; 0
13150; 2; 0; 0; 1; 1; 1; 0; 1; 0
13151; 10; 0; 0; 1; 1; 1; 0; 1; 0
13154; 2; 0; 0; 1; 1; 1; 0; 1; 0
13164; 3; 0; 0; 1; 1; 1; 0; 1; 0
13209; 4; 0; 0; 1; 1; 1; 0; 1; 0
13212; 10; 0; 0; 1; 1; 1; 0; 1; 0
13214; 10; 0; 0; 1; 1; 1; 0; 1; 0
13216; 2; 1; 0; 1; 0; 1; 0; 1; 0
13236; 14; 8; 12; 0,0714285714285714; 0,0714285714285714; 0; 0; 0,251375822415968; 0,748624177584032
13237; 10; 0; 0; 1; 1; 1; 0; 1; 0
13246; 19; 0; 0; 1; 1; 1; 0; 1; 0
13267; 2; 0; 0; 1; 1; 1; 0; 1; 0
13301; 2; 0; 0; 1; 1; 1; 0; 1; 0
13312; 2; 1; 1; 0,5; 0,5; 0; 1; 0; 1
13325; 10; 0; 0; 1; 1; 1; 0; 1; 0
13363; 20; 0; 0; 1; 1; 1; 0; 1; 0
13373; 2; 1; 0; 0,5; 0,5; 1; 0; 1; 0
13378; 16; 9; 0; 0,0625; 0,0625; 1; 0; 1; 0
13405; 2; 1; 0; 0,5; 0,5; 1; 0; 1; 0
13418; 3; 0; 0; 1; 1; 1; 0; 1; 0
13422; 3; 0; 0; 1; 1; 1; 0; 1; 0
13428; 10; 5; 0; 0,1; 0,1; 1; 0; 1; 0
13430; 10; 0; 0; 1; 1; 1; 0; 1; 0
13441; 2; 1; 1; 0,5; 0,5; 0; 0; 0,500256624585928; 0,499743375414072
13470; 2; 0; 0; 1; 1; 1; 0; 1; 0
13472; 2; 0; 0; 1; 1; 1; 0; 1; 0
13494; 10; 0; 0; 1; 1; 1; 0; 1; 0
13497; 10; 0; 0; 1; 1; 1; 0; 1; 0
13503; 3; 2; 2; 1; 1; 0; 1; 0; 1
13513; 22; 0; 0; 1; 1; 1; 0; 1; 0
13517; 3; 0; 0; 1; 1; 1; 0; 1; 0
13523; 2; 1; 0; 1; 0; 1; 0; 1; 0
13571; 2; 1; 0; 1; 0; 1; 0; 1; 0
13572; 10; 3; 0; 1; 0; 1; 0; 1; 0
13586; 2; 1; 0; 1; 0; 1; 0; 1; 0
13603; 10; 0; 0; 1; 1; 1; 0; 1; 0
13614; 2; 1; 0; 0,5; 0,5; 1; 0; 1; 0
13644; 2; 1; 0; 0,5; 0,5; 1; 0; 1; 0
13653; 10; 0; 0; 1; 1; 1; 0; 1; 0
13689; 2; 0; 0; 1; 1; 1; 0; 1; 0
13690; 2; 0; 0; 1; 1; 1; 0; 1; 0
13691; 2; 1; 0; 1; 0; 1; 0; 1; 0
13720; 3; 0; 0; 1; 1; 1; 0; 1; 0
13735; 3; 0; 0; 1; 1; 1; 0; 1; 0
13737; 20; 0; 0; 1; 1; 1; 0; 1; 0
13745; 3; 0; 0; 1; 1; 1; 0; 1; 0
13746; 10; 0; 0; 1; 1; 1; 0; 1; 0
13786; 2; 0; 0; 1; 1; 1; 0; 1; 0
13803; 16; 0; 0; 1; 1; 1; 0; 1; 0
13846; 3; 1; 0; 0,333333333333333; 0,333333333333333; 1; 0; 1; 0
13859; 2; 0; 0; 1; 1; 1; 0; 1; 0
13879; 3; 0; 0; 1; 1; 1; 0; 1; 0
13894; 2; 0; 0; 1; 1; 1; 0; 1; 0
13898; 68; 0; 0; 1; 1; 1; 0; 1; 0
13904; 3; 0; 0; 1; 1; 1; 0; 1; 0
13905; 10; 0; 0; 1; 1; 1; 0; 1; 0
13907; 8; 4; 0; 0,5; 0,5; 1; 0; 1; 0
13937; 2; 0; 0; 1; 1; 1; 0; 1; 0
13942; 2; 0; 0; 1; 1; 1; 0; 1; 0
13951; 10; 0; 0; 1; 1; 1; 0; 1; 0
13985; 10; 0; 0; 1; 1; 1; 0; 1; 0
13996; 3; 1; 1; 1; 1; 0; 0; 0,499871699868275; 0,500128300131725
14006; 2; 0; 0; 1; 1; 1; 0; 1; 0
14022; 2; 0; 0; 1; 1; 1; 0; 1; 0
14029; 2; 1; 0; 1; 0; 1; 0; 1; 0
14032; 10; 0; 0; 1; 1; 1; 0; 1; 0
14036; 10; 0; 0; 1; 1; 1; 0; 1; 0
14040; 2; 0; 0; 1; 1; 1; 0; 1; 0
14059; 16; 0; 0; 1; 1; 1; 0; 1; 0
14090; 4; 0; 0; 1; 1; 1; 0; 1; 0
14128; 20; 1; 0; 1; 0; 1; 0; 1; 0
14139; 10; 0; 0; 1; 1; 1; 0; 1; 0
14148; 2; 0; 0; 1; 1; 1; 0; 1; 0
14166; 10; 0; 0; 1; 1; 1; 0; 1; 0
14185; 3; 0; 0; 1; 1; 1; 0; 1; 0
14196; 2; 1; 0; 1; 0; 1; 0; 1; 0
14198; 2; 0; 0; 1; 1; 1; 0; 1; 0
14206; 8; 0; 0; 1; 1; 1; 0; 1; 0
14210; 2; 0; 0; 1; 1; 1; 0; 1; 0
14218; 16; 0; 0; 1; 1; 1; 0; 1; 0
14219; 2; 0; 0; 1; 1; 1; 0; 1; 0
14222; 3; 0; 0; 1; 1; 1; 0; 1; 0
14225; 16; 0; 0; 1; 1; 1; 0; 1; 0
14231; 16; 0; 0; 1; 1; 1; 0; 1; 0
14247; 3; 0; 0; 1; 1; 1; 0; 1; 0
14267; 10; 0; 0; 1; 1; 1; 0; 1; 0
14268; 2; 0; 0; 1; 1; 1; 0; 1; 0
14269; 10; 2; 0; 1; 0; 1; 0; 1; 0
14324; 4; 0; 0; 1; 1; 1; 0; 1; 0
14326; 8; 0; 0; 1; 1; 1; 0; 1; 0
14350; 2; 0; 0; 1; 1; 1; 0; 1; 0
14361; 18; 0; 0; 1; 1; 1; 0; 1; 0
14370; 2; 0; 0; 1; 1; 1; 0; 1; 0
14371; 13; 2; 0; 1; 0; 1; 0; 1; 0
14390; 17; 2; 2; 1; 1; 0; 1; 0; 1
14392; 2; 0; 0; 1; 1; 1; 0; 1; 0
14416; 2; 0; 0; 1; 1; 1; 0; 1; 0
14427; 16; 0; 0; 1; 1; 1; 0; 1; 0
14431; 16; 0; 0; 1; 1; 1; 0; 1; 0
14436; 2; 0; 0; 1; 1; 1; 0; 1; 0
14444; 3; 0; 0; 1; 1; 1; 0; 1; 0
14445; 10; 5; 0; 0,1; 0,1; 1; 0; 1; 0
14455; 20; 0; 0; 1; 1; 1; 0; 1; 0
14463; 10; 0; 0; 1; 1; 1; 0; 1; 0
14468; 19; 0; 4; 1; 0; 0; 1; 0; 1
14491; 4; 0; 0; 1; 1; 1; 0; 1; 0
14501; 2; 1; 1; 1; 1; 0; 0; 0,499204896857961; 0,500795103142039
14524; 3; 0; 0; 1; 1; 1; 0; 1; 0
14535; 10; 0; 0; 1; 1; 1; 0; 1; 0
14555; 2; 0; 1; 1; 0; 0; 0; 0,500256624585928; 0,499743375414072
14570; 16; 0; 0; 1; 1; 1; 0; 1; 0
14573; 2; 0; 0; 1; 1; 1; 0; 1; 0
14576; 10; 0; 0; 1; 1; 1; 0; 1; 0
14586; 100; 0; 0; 1; 1; 1; 0; 1; 0
14609; 2; 1; 0; 1; 0; 1; 0; 1; 0
14618; 2; 0; 0; 1; 1; 1; 0; 1; 0
14625; 10; 0; 0; 1; 1; 1; 0; 1; 0
14634; 2; 0; 0; 1; 1; 1; 0; 1; 0
14642; 10; 0; 0; 1; 1; 1; 0; 1; 0
14649; 10; 7; 0; 0,1; 0,1; 1; 0; 1; 0
14650; 2; 0; 0; 1; 1; 1; 0; 1; 0
14656; 100; 0; 0; 1; 1; 1; 0; 1; 0
14674; 10; 0; 0; 1; 1; 1; 0; 1; 0
14677; 2; 0; 0; 1; 1; 1; 0; 1; 0
14681; 10; 0; 0; 1; 1; 1; 0; 1; 0
14682; 16; 0; 0; 1; 1; 1; 0; 1; 0
14685; 2; 0; 0; 1; 1; 1; 0; 1; 0
14702; 3; 1; 2; 1; 0; 0; 0; 0,499204896857961; 0,500795103142039
14719; 2; 1; 0; 0,5; 0,5; 1; 0; 1; 0
14721; 3; 0; 0; 1; 1; 1; 0; 1; 0
14724; 40; 28; 0; 0,1; 0,1; 1; 0; 1; 0
14734; 10; 0; 0; 1; 1; 1; 0; 1; 0
14740; 2; 0; 0; 1; 1; 1; 0; 1; 0
14756; 6; 0; 0; 1; 1; 1; 0; 1; 0
14764; 2; 0; 0; 1; 1; 1; 0; 1; 0
14811; 6; 0; 0; 1; 1; 1; 0; 1; 0
14818; 3; 0; 0; 1; 1; 1; 0; 1; 0
14827; 16; 0; 0; 1; 1; 1; 0; 1; 0
14829; 4; 0; 0; 1; 1; 1; 0; 1; 0
14830; 2; 0; 0; 1; 1; 1; 0; 1; 0
14833; 8; 0; 0; 1; 1; 1; 0; 1; 0
14838; 10; 0; 2; 1; 0; 0; 0; 0,14218621912864; 0,85781378087136
14852; 3; 2; 0; 1; 0; 1; 0; 1; 0
14853; 4; 0; 0; 1; 1; 1; 0; 1; 0
14858; 18; 0; 2; 1; 0; 0; 0; 0,249836158183357; 0,750163841816643
14862; 4; 0; 0; 1; 1; 1; 0; 1; 0
14867; 18; 1; 0; 1; 0; 1; 0; 1; 0
14872; 2; 1; 0; 1; 0; 1; 0; 1; 0
14874; 2; 1; 1; 1; 1; 0; 0; 0,499975874235971; 0,500024125764029
14875; 16; 0; 0; 1; 1; 1; 0; 1; 0
14917; 3; 0; 0; 1; 1; 1; 0; 1; 0
14921; 17; 13; 0; 0,0588235294117647; 0,0588235294117647; 1; 0; 1; 0
14931; 10; 0; 0; 1; 1; 1; 0; 1; 0
14942; 2; 0; 0; 1; 1; 1; 0; 1; 0
14943; 2; 0; 0; 1; 1; 1; 0; 1; 0
14954; 100; 0; 0; 1; 1; 1; 0; 1; 0
14955; 20; 0; 0; 1; 1; 1; 0; 1; 0
14972; 16; 0; 0; 1; 1; 1; 0; 1; 0
14973; 4; 0; 0; 1; 1; 1; 0; 1; 0
14978; 20; 1; 1; 0,5; 0,5; 0; 0; 0,499954889917529; 0,500045110082471
14980; 2; 1; 0; 1; 0; 1; 0; 1; 0
14991; 2; 0; 0; 1; 1; 1; 0; 1; 0
14998; 2; 0; 0; 1; 1; 1; 0; 1; 0
15010; 48; 0; 0; 1; 1; 1; 0; 1; 0
15012; 2; 0; 0; 1; 1; 1; 0; 1; 0
15018; 20; 0; 0; 1; 1; 1; 0; 1; 0
15029; 2; 1; 1; 1; 1; 0; 0; 0,429144910859318; 0,570855089140682
15033; 11; 0; 0; 1; 1; 1; 0; 1; 0
15050; 2; 1; 1; 0,5; 0,5; 0; 0; 0,500599967389935; 0,499400032610065
15056; 18; 0; 0; 1; 1; 1; 0; 1; 0
15057; 3; 0; 0; 1; 1; 1; 0; 1; 0
15071; 6; 0; 0; 1; 1; 1; 0; 1; 0
15075; 3; 0; 0; 1; 1; 1; 0; 1; 0
15078; 3; 0; 0; 1; 1; 1; 0; 1; 0
15083; 68; 0; 0; 1; 1; 1; 0; 1; 0
15115; 2; 0; 0; 1; 1; 1; 0; 1; 0
15134; 17; 13; 2; 0,0588235294117647; 0,0588235294117647; 0; 1; 0; 1
15165; 10; 0; 0; 1; 1; 1; 0; 1; 0
15166; 2; 0; 1; 1; 0; 0; 1; 0; 1
15169; 4; 0; 0; 1; 1; 1; 0; 1; 0
15185; 40; 28; 0; 0,1; 0,1; 1; 0; 1; 0
15187; 2; 0; 0; 1; 1; 1; 0; 1; 0
15194; 2; 1; 1; 1; 1; 0; 0; 0,500256624585928; 0,499743375414072
15208; 2; 1; 1; 1; 1; 0; 0; 0,499975874235971; 0,500024125764029
15213; 3; 0; 0; 1; 1; 1; 0; 1; 0
15216; 16; 0; 0; 1; 1; 1; 0; 1; 0
15217; 16; 0; 0; 1; 1; 1; 0; 1; 0
15224; 2; 0; 0; 1; 1; 1; 0; 1; 0
15261; 19; 14; 2; 0,0526315789473684; 0,0526315789473684; 0; 0; 0,250253057687106; 0,749746942312894
15262; 10; 0; 0; 1; 1; 1; 0; 1; 0
15267; 2; 1; 1; 1; 1; 0; 1; 0; 1
15272; 3; 0; 0; 1; 1; 1; 0; 1; 0
15281; 2; 1; 1; 1; 1; 0; 0; 0,429117560232381; 0,570882439767619
15283; 11; 0; 0; 1; 1; 1; 0; 1; 0
15284; 22; 17; 0; 0,0454545454545455; 0,0454545454545455; 1; 0; 1; 0
15286; 2; 1; 1; 0,5; 0,5; 0; 0; 0,499871699868275; 0,500128300131725
15287; 2; 0; 0; 1; 1; 1; 0; 1; 0
15295; 16; 0; 0; 1; 1; 1; 0; 1; 0
15299; 18; 0; 2; 1; 0; 0; 0; 0,249836158183357; 0,750163841816643
15301; 17; 13; 0; 0,0588235294117647; 0,0588235294117647; 1; 0; 1; 0
15311; 2; 0; 0; 1; 1; 1; 0; 1; 0
15360; 2; 1; 1; 1; 1; 0; 0; 0,428193131701094; 0,571806868298906
15361; 2; 0; 0; 1; 1; 1; 0; 1; 0
15393; 10; 0; 0; 1; 1; 1; 0; 1; 0
15419; 3; 0; 0; 1; 1; 1; 0; 1; 0
15430; 18; 0; 0; 1; 1; 1; 0; 1; 0
15431; 6; 0; 0; 1; 1; 1; 0; 1; 0
15432; 4; 0; 0; 1; 1; 1; 0; 1; 0
15458; 40; 0; 0; 1; 1; 1; 0; 1; 0
15462; 4; 0; 0; 1; 1; 1; 0; 1; 0
15466; 2; 0; 0; 1; 1; 1; 0; 1; 0
15472; 2; 0; 0; 1; 1; 1; 0; 1; 0
15485; 22; 0; 0; 1; 1; 1; 0; 1; 0
15497; 10; 0; 0; 1; 1; 1; 0; 1; 0
15505; 2; 1; 0; 0,5; 0,5; 1; 0; 1; 0
15522; 2; 0; 0; 1; 1; 1; 0; 1; 0
15523; 3; 0; 0; 1; 1; 1; 0; 1; 0
15531; 2; 0; 0; 1; 1; 1; 0; 1; 0
15546; 40; 0; 0; 1; 1; 1; 0; 1; 0
15554; 10; 0; 0; 1; 1; 1; 0; 1; 0
15562; 18; 0; 2; 1; 0; 0; 0; 0,249836158183357; 0,750163841816643
15587; 10; 0; 0; 1; 1; 1; 0; 1; 0
15602; 16; 12; 0; 0,0625; 0,0625; 1; 0; 1; 0
15620; 3; 0; 0; 1; 1; 1; 0; 1; 0
15622; 2; 0; 0; 1; 1; 1; 0; 1; 0
15630; 10; 0; 0; 1; 1; 1; 0; 1; 0
15641; 2; 1; 1; 1; 1; 0; 0; 0,334321691806297; 0,665678308193703
15646; 10; 7; 0; 0,1; 0,1; 1; 0; 1; 0
15659; 10; 0; 0; 1; 1; 1; 0; 1; 0
15671; 8; 0; 0; 1; 1; 1; 0; 1; 0
15689; 3; 2; 0; 1; 0; 1; 0; 1; 0
15699; 2; 0; 0; 1; 1; 1; 0; 1; 0
15703; 40; 28; 0; 0,1; 0,1; 1; 0; 1; 0
15718; 2; 0; 0; 1; 1; 1; 0; 1; 0
15726; 10; 0; 0; 1; 1; 1; 0; 1; 0
15736; 2; 0; 0; 1; 1; 1; 0; 1; 0
15740; 2; 1; 1; 0,5; 0,5; 0; 0; 0,428950995718092; 0,571049004281908
15750; 100; 0; 0; 1; 1; 1; 0; 1; 0
15754; 3; 2; 2; 1; 1; 0; 0; 0,428139817652065; 0,571860182347935
15766; 3; 0; 0; 1; 1; 1; 0; 1; 0
15772; 10; 0; 0; 1; 1; 1; 0; 1; 0
15773; 3; 0; 0; 1; 1; 1; 0; 1; 0
15798; 2; 0; 0; 1; 1; 1; 0; 1; 0
15810; 20; 0; 0; 1; 1; 1; 0; 1; 0
15830; 22; 17; 0; 0,0454545454545455; 0,0454545454545455; 1; 0; 1; 0
15840; 20; 0; 0; 1; 1; 1; 0; 1; 0
15875; 16; 0; 0; 1; 1; 1; 0; 1; 0
15900; 4; 0; 0; 1; 1; 1; 0; 1; 0
