MAC; alternativas; MasProb; Elección; MaxProb; ElecProb; velocidad
21; 2; 0; 0; 1; 1; 12,823902347215
32; 10; 0; 0; 1; 1; 11,2809050151125
46; 10; 0; 0; 1; 1; 15,0220457055629
54; 10; 0; 0; 1; 1; 6,95421785492364
68; 19; 0; 0; 1; 1; 9,0493212952375
69; 10; 0; 0; 1; 1; 15,0674791931781
74; 13; 0; 0; 1; 1; 12,9276018503106
77; 16; 0; 0; 1; 1; 5,0130126865995
113; 10; 0; 0; 1; 1; 15,0412066868166
158; 21; 0; 0; 1; 1; 11,1859788881209
176; 25; 4; 0; 1; 0; 7,82399363189568
191; 10; 0; 0; 1; 1; 12,7817986792346
213; 2; 1; 0; 1; 0; 6,43223769395772
231; 10; 0; 0; 1; 1; 6,02698880760049
235; 10; 0; 0; 1; 1; 9,04048751590685
244; 10; 0; 0; 1; 1; 8,21862110127339
244; 19; 0; 0; 1; 1; 6,3908993396173
257; 16; 0; 0; 1; 1; 14,9602882467209
268; 17; 0; 0; 1; 1; 5,61921209245106
277; 2; 0; 0; 1; 1; 5,29713692443577
302; 10; 0; 0; 1; 1; 15,0674791931781
304; 10; 0; 0; 1; 1; 6,41121995434511
321; 17; 0; 0; 1; 1; 7,49395574873619
321; 10; 0; 0; 1; 1; 12,8924628744142
332; 19; 0; 0; 1; 1; 7,54110107936458
340; 19; 0; 0; 1; 1; 12,8872016780814
352; 13; 0; 0; 1; 1; 5,65582580951087
363; 20; 0; 0; 1; 1; 11,2709013206505
365; 2; 1; 0; 1; 0; 8,981550341806
372; 18; 0; 0; 1; 1; 9,93929750353649
379; 16; 0; 0; 1; 1; 11,2128235288417
386; 10; 0; 0; 1; 1; 5,96483938364282
412; 16; 0; 0; 1; 1; 9,96695424785928
428; 16; 0; 0; 1; 1; 5,63963927242444
445; 19; 0; 0; 1; 1; 12,7839698656506
454; 10; 1; 0; 1; 0; 7,11395475598868
463; 19; 0; 0; 1; 1; 11,2194239950308
468; 16; 0; 0; 1; 1; 11,2202161850407
482; 2; 0; 0; 1; 1; 14,9506891388576
498; 18; 0; 0; 1; 1; 6,3895483951306
510; 18; 0; 0; 1; 1; 8,18238483173393
528; 20; 0; 0; 1; 1; 7,52166783989366
541; 2; 0; 0; 1; 1; 5,99899148556841
543; 10; 0; 0; 1; 1; 10,0449813460008
546; 18; 0; 0; 1; 1; 6,88105211783295
570; 3; 0; 0; 1; 1; 9,65342424805833
615; 2; 0; 0; 1; 1; 12,823902347215
620; 23; 0; 0; 1; 1; 9,67216480787073
630; 10; 0; 0; 1; 1; 11,2809050151125
647; 2; 0; 0; 1; 1; 5,29322778138389
666; 19; 0; 0; 1; 1; 9,94139897273803
673; 11; 0; 0; 1; 1; 9,62259345402243
679; 16; 0; 0; 1; 1; 9,96695424785928
684; 13; 0; 0; 1; 1; 18,0986425904348
692; 19; 0; 0; 1; 1; 7,49346328656561
718; 2; 0; 0; 1; 1; 12,8872016783743
730; 10; 0; 0; 1; 1; 7,12579058516241
734; 2; 0; 0; 1; 1; 6,93471201236523
794; 2; 0; 0; 1; 1; 9,0044380944703
814; 11; 2; 0; 1; 0; 4,64538994332117
817; 10; 0; 0; 1; 1; 9,04048321140073
826; 16; 0; 0; 1; 1; 15,0390380597985
827; 10; 0; 0; 1; 1; 12,3081837380078
828; 10; 0; 0; 1; 1; 14,912098459107
830; 16; 0; 0; 1; 1; 9,96695424785928
830; 2; 1; 0; 1; 0; 6,42749087739473
846; 19; 0; 0; 1; 1; 12,8872016780814
875; 22; 0; 0; 1; 1; 12,2206653974489
881; 23; 0; 0; 1; 1; 7,96531219471707
882; 2; 0; 0; 1; 1; 5,99382623194315
886; 10; 0; 0; 1; 1; 11,2809050151125
914; 2; 0; 0; 1; 1; 6,00342184769387
919; 10; 0; 0; 1; 1; 10,0274711245444
923; 21; 0; 0; 1; 1; 5,96585540699783
928; 19; 0; 0; 1; 1; 12,7817986792346
935; 2; 1; 0; 1; 0; 11,2493468224031
960; 10; 0; 0; 1; 1; 14,9134760016434
987; 18; 0; 0; 1; 1; 5,59085484573927
991; 19; 0; 0; 1; 1; 9,0493212952375
1007; 20; 0; 0; 1; 1; 11,2709013206505
1051; 2; 1; 0; 1; 0; 4,73954356396885
1070; 16; 0; 0; 1; 1; 12,8906040512559
1070; 10; 0; 0; 1; 1; 11,212224664152
1090; 2; 1; 0; 1; 0; 5,28779707913684
1090; 2; 1; 0; 1; 0; 5,62405451772039
1092; 2; 1; 0; 1; 0; 6,40289539790262
1093; 16; 0; 0; 1; 1; 12,823104211475
1098; 10; 0; 0; 1; 1; 9,02472401208997
1102; 16; 0; 0; 1; 1; 9,97352549781391
1111; 2; 0; 0; 1; 1; 6,43223769395772
1127; 16; 0; 0; 1; 1; 9,97352549781391
1155; 11; 2; 0; 1; 0; 5,85723079810061
1177; 16; 0; 0; 1; 1; 12,823104211475
1187; 16; 0; 0; 1; 1; 9,96695424785928
1208; 10; 0; 0; 1; 1; 6,94209539391536
1228; 2; 0; 0; 1; 1; 4,73917794445805
1236; 2; 0; 0; 1; 1; 4,08602501569665
1236; 10; 0; 0; 1; 1; 15,0412066868166
1250; 20; 0; 0; 1; 1; 11,2709013206505
1267; 2; 0; 0; 1; 1; 4,49530679426057
1271; 2; 0; 0; 1; 1; 11,2689070200935
1273; 19; 0; 0; 1; 1; 9,0493212952375
1306; 19; 0; 0; 1; 1; 17,8975578119108
1308; 2; 1; 0; 1; 0; 5,628207982213
1315; 20; 0; 0; 1; 1; 12,8810300807434
1316; 10; 0; 0; 1; 1; 9,02600140787238
1331; 18; 0; 0; 1; 1; 14,9089462553047
1342; 16; 0; 0; 1; 1; 11,2665342791647
1364; 16; 0; 0; 1; 1; 5,63963927242444
1370; 16; 0; 0; 1; 1; 9,97352549781391
1370; 10; 0; 0; 1; 1; 12,8760391761967
1376; 2; 0; 0; 1; 1; 15,03506862477
1380; 16; 0; 0; 1; 1; 9,97352549781391
1380; 2; 1; 0; 1; 0; 4,28815846263848
1422; 10; 0; 0; 1; 1; 6,39089933961731
1471; 2; 0; 0; 1; 1; 12,8872016783743
1474; 19; 0; 0; 1; 1; 6,96101638095192
1477; 2; 0; 0; 1; 1; 6,01008374404987
1484; 20; 0; 0; 1; 1; 10,0185789516893
1495; 10; 0; 0; 1; 1; 6,95421785492364
1507; 2; 1; 0; 1; 0; 9,623089651935
1522; 3; 2; 0; 1; 0; 8,44674621705104
1553; 3; 2; 0; 1; 0; 6,00465954412835
1573; 2; 1; 0; 1; 0; 7,48413301901036
1581; 19; 0; 0; 1; 1; 5,6097119975154
1587; 19; 0; 0; 1; 1; 7,96552276383727
1588; 20; 0; 0; 1; 1; 6,76950105590429
1597; 19; 0; 0; 1; 1; 8,97553919602463
1607; 10; 0; 0; 1; 1; 9,02600140787238
1611; 19; 0; 0; 1; 1; 5,98369279734975
1629; 2; 0; 0; 1; 1; 9,96712609257172
1675; 11; 0; 0; 1; 1; 9,62259345402243
1687; 2; 0; 0; 1; 1; 5,30301506827929
1688; 19; 0; 0; 1; 1; 11,2194239950308
1691; 23; 0; 0; 1; 1; 8,46314420688689
1703; 3; 0; 0; 1; 1; 5,40537416690915
1716; 23; 0; 0; 1; 1; 7,96531219471707
1726; 10; 2; 0; 1; 0; 5,63188084849104
1776; 19; 0; 0; 1; 1; 9,94139897273803
1779; 10; 0; 0; 1; 1; 9,02600140787238
1800; 2; 1; 0; 1; 0; 9,00513277154081
1803; 21; 0; 0; 1; 1; 11,1859788881209
1808; 3; 2; 0; 1; 0; 8,57808506304049
1809; 3; 2; 0; 1; 0; 6,67184393792038
1811; 23; 0; 0; 1; 1; 9,67216480787073
1813; 16; 0; 0; 1; 1; 7,47521568589446
1842; 19; 0; 0; 1; 1; 4,07979054364756
1875; 16; 0; 0; 1; 1; 8,97617294803252
1883; 2; 1; 0; 1; 0; 6,42195667708194
1944; 20; 0; 0; 1; 1; 18,0842825914142
1948; 15; 0; 0; 1; 1; 6,43032589861123
1954; 21; 0; 0; 1; 1; 11,1859788881209
1954; 2; 0; 0; 1; 1; 7,51260468006233
1956; 2; 1; 0; 1; 0; 4,73954356396885
1965; 2; 1; 0; 1; 0; 4,99478532695619
1984; 15; 0; 0; 1; 1; 6,92496635235055
2008; 23; 0; 0; 1; 1; 11,2841922758492
2031; 19; 0; 0; 1; 1; 7,12704668343335
2107; 21; 0; 0; 1; 1; 6,39198793606911
2126; 10; 0; 0; 1; 1; 15,0412066868166
2133; 3; 2; 0; 1; 0; 5,63059809053036
2175; 10; 0; 0; 1; 1; 6,02698880760049
2177; 10; 0; 0; 1; 1; 6,02698880760049
2190; 2; 0; 0; 1; 1; 4,5025663857704
2199; 19; 0; 0; 1; 1; 4,98641066445813
2210; 11; 2; 0; 1; 0; 4,49054361187713
2233; 2; 1; 0; 1; 0; 7,0949579813189
2246; 10; 0; 0; 1; 1; 6,88314276998924
2262; 18; 0; 0; 1; 1; 7,45447312765236
2278; 16; 0; 0; 1; 1; 7,47521568589446
2281; 16; 0; 0; 1; 1; 11,2202161850407
2283; 2; 0; 0; 1; 1; 7,48370731148038
2287; 18; 0; 0; 1; 1; 8,13215250289349
2294; 19; 0; 0; 1; 1; 4,97154383664188
2299; 16; 0; 0; 1; 1; 11,2128235288417
2300; 19; 0; 0; 1; 1; 4,98641066445813
2313; 13; 0; 0; 1; 1; 18,0986425904348
2316; 18; 0; 0; 1; 1; 11,1817096914785
2337; 13; 0; 0; 1; 1; 8,2266557229249
2340; 2; 0; 0; 1; 1; 5,99382623194315
2378; 2; 0; 0; 1; 1; 12,8787508801069
2416; 2; 0; 0; 1; 1; 7,49228278992893
2423; 10; 0; 0; 1; 1; 5,96539040065734
2423; 19; 0; 0; 1; 1; 4,743912525619
2426; 10; 0; 0; 1; 1; 8,20429455644543
2440; 19; 0; 0; 1; 1; 6,96101638095192
2453; 10; 1; 0; 1; 0; 5,01036763414776
2455; 2; 1; 0; 1; 0; 12,2631159637947
2478; 19; 0; 0; 1; 1; 11,2763014683212
2496; 2; 0; 0; 1; 1; 11,2716690540019
2499; 16; 0; 0; 1; 1; 12,8906040512559
2514; 10; 0; 0; 1; 1; 12,8924628744142
2518; 2; 0; 0; 1; 1; 3,60605024642992
2519; 2; 0; 0; 1; 1; 5,97497281836483
2531; 23; 0; 0; 1; 1; 9,02735382067934
2532; 18; 0; 0; 1; 1; 11,1817096914785
2532; 2; 0; 0; 1; 1; 5,63445351004675
2536; 19; 2; 0; 1; 0; 7,49346328656561
2540; 18; 0; 0; 1; 1; 8,96587544029502
2542; 19; 0; 0; 1; 1; 6,90426092001895
2553; 2; 0; 0; 1; 1; 15,03506862477
2571; 19; 0; 0; 1; 1; 9,0493212952375
2577; 2; 1; 0; 1; 0; 6,00342184769387
2587; 18; 0; 0; 1; 1; 6,3895483951306
2616; 23; 0; 0; 1; 1; 7,96531219471707
2626; 2; 0; 0; 1; 1; 6,91585660655472
2627; 3; 0; 0; 1; 1; 6,43561616537222
2657; 10; 0; 0; 1; 1; 6,88314276998924
2663; 13; 0; 0; 1; 1; 6,96101638093646
2671; 2; 0; 0; 1; 1; 8,97673164305051
2691; 18; 0; 0; 1; 1; 8,19938714636043
2695; 18; 0; 0; 1; 1; 7,45447312765236
2701; 10; 0; 0; 1; 1; 4,75814905863196
2702; 2; 0; 0; 1; 1; 12,823902347215
2708; 2; 0; 0; 1; 1; 5,60538003803013
2715; 15; 0; 0; 1; 1; 6,92496635235055
2723; 10; 0; 0; 1; 1; 8,21862501446077
2738; 19; 0; 0; 1; 1; 7,51753431221416
2760; 19; 0; 0; 1; 1; 11,2194239950308
2762; 3; 2; 0; 1; 0; 6,1430881578553
2810; 2; 1; 0; 1; 0; 6,00342184769387
2822; 16; 0; 0; 1; 1; 12,8146554615334
2832; 19; 2; 0; 1; 0; 6,20903270792058
2853; 2; 1; 0; 1; 0; 4,49530679426057
2856; 2; 0; 0; 1; 1; 12,8872016783743
2858; 2; 1; 0; 1; 0; 5,99899148556841
2861; 15; 0; 0; 1; 1; 3,75102344085655
2872; 2; 0; 0; 1; 1; 6,43174149605022
2874; 2; 0; 0; 1; 1; 6,8954258131259
2875; 20; 14; 0; 0,05; 0,05; 10,0185789516893
2883; 20; 0; 0; 1; 1; 11,2709013206505
2911; 2; 1; 0; 1; 0; 5,00285153974489
2921; 10; 0; 0; 1; 1; 5,4066056145514
2935; 2; 1; 0; 1; 0; 7,95089060963449
2936; 10; 0; 0; 1; 1; 9,04048321140073
2945; 2; 0; 0; 1; 1; 7,09023128116771
2957; 19; 2; 0; 1; 0; 6,92910910822824
2973; 2; 1; 0; 0,5; 0,5; 4,28434885172017
2992; 2; 0; 0; 1; 1; 5,85714758009507
3011; 19; 0; 0; 1; 1; 3,11156354832897
3018; 2; 1; 0; 1; 0; 7,48370731148038
3053; 10; 0; 0; 1; 1; 10,0146971370419
3060; 2; 0; 0; 1; 1; 11,2689070200935
3063; 10; 1; 0; 1; 0; 5,81276248727261
3081; 10; 0; 0; 1; 1; 12,8760391761967
3082; 19; 0; 0; 1; 1; 5,32313017366912
3095; 20; 0; 0; 1; 1; 6,44051504037169
3103; 2; 1; 0; 1; 0; 9,97040727051495
3121; 2; 1; 0; 1; 0; 10,3976366888163
3129; 16; 0; 0; 1; 1; 12,8906040512559
3152; 19; 0; 0; 1; 1; 9,0493212952375
3158; 20; 0; 0; 1; 1; 15,0702354928452
3160; 19; 0; 0; 1; 1; 5,98369279734975
3173; 10; 0; 0; 1; 1; 5,85372256701075
3196; 10; 0; 0; 1; 1; 6,93325186410594
3212; 23; 0; 0; 1; 1; 13,541030731019
3214; 2; 0; 0; 1; 1; 5,62320786788273
3220; 10; 0; 0; 1; 1; 12,2230812634013
3225; 2; 0; 0; 1; 1; 6,40289539790262
3229; 11; 1; 0; 1; 0; 11,2263590296928
3229; 2; 0; 0; 1; 1; 12,8787508801069
3247; 2; 1; 0; 1; 0; 7,49228278992893
3275; 10; 0; 0; 1; 1; 10,0146971370419
3284; 2; 1; 0; 1; 0; 4,08664254023688
3316; 18; 0; 0; 1; 1; 5,96357850212189
3321; 16; 0; 0; 1; 1; 5,0130126865995
3327; 2; 1; 0; 1; 0; 6,91585660655472
3332; 3; 2; 0; 1; 0; 10,3959953440628
3336; 2; 1; 0; 1; 0; 4,35035046782279
3345; 13; 0; 0; 1; 1; 12,9276018503106
3347; 19; 0; 0; 1; 1; 15,0350686244283
3354; 19; 0; 0; 1; 1; 10,0233790829522
3369; 10; 0; 0; 1; 1; 6,88314276998924
3395; 23; 0; 0; 1; 1; 9,02735382067934
3402; 19; 0; 0; 1; 1; 5,27972893883802
3420; 2; 1; 0; 1; 0; 7,92071765447989
3432; 17; 0; 0; 1; 1; 8,99274689848343
3440; 19; 0; 0; 1; 1; 5,59298681622212
3475; 2; 0; 0; 1; 1; 5,30301506827929
3484; 19; 0; 0; 1; 1; 5,16837169906047
3486; 10; 0; 0; 1; 1; 3,96218806888963
3492; 10; 0; 0; 1; 1; 8,1938431121252
3515; 24; 5; 0; 1; 0; 6,2026697458225
3539; 19; 0; 0; 1; 1; 7,54110107936458
3559; 2; 1; 0; 1; 0; 4,0745697986653
3567; 16; 0; 0; 1; 1; 12,8906040512559
3570; 20; 0; 0; 1; 1; 15,0278684275339
3586; 2; 1; 0; 1; 0; 7,08695790137674
3593; 2; 1; 0; 1; 0; 5,62320786788273
3594; 19; 0; 0; 1; 1; 8,22665572294318
3600; 19; 0; 0; 1; 1; 9,0493212952375
3611; 20; 0; 0; 1; 1; 7,51393421376697
3676; 18; 0; 0; 1; 1; 11,1817096914785
3695; 10; 0; 0; 1; 1; 12,78297942998
3697; 20; 0; 0; 1; 1; 11,215686962354
3701; 20; 0; 0; 1; 1; 6,39776682696593
3728; 19; 0; 0; 1; 1; 4,7239679979077
3752; 2; 0; 0; 1; 1; 5,99374239234743
3764; 20; 0; 0; 1; 1; 6,40963958641736
3779; 10; 0; 0; 1; 1; 8,97146662302263
3806; 2; 0; 0; 1; 1; 4,08664254023688
3817; 2; 0; 0; 1; 1; 6,00295872964687
3817; 2; 0; 0; 1; 1; 6,93471201236523
3824; 2; 0; 0; 1; 1; 6,43174149605022
3824; 2; 0; 0; 1; 1; 6,43937544005343
3843; 16; 0; 0; 1; 1; 11,2792785448489
3846; 20; 0; 0; 1; 1; 7,52166783989366
3849; 19; 0; 0; 1; 1; 4,98641066445813
3875; 10; 0; 0; 1; 1; 12,8760391761967
3954; 19; 0; 0; 1; 1; 5,98369279734975
3958; 19; 0; 0; 1; 1; 5,27972893883802
3964; 16; 0; 0; 1; 1; 11,2202161850407
3970; 2; 1; 0; 1; 0; 7,48912231361439
3977; 2; 1; 0; 1; 0; 4,49924361417631
3984; 10; 0; 0; 1; 1; 10,0449813460008
3997; 19; 0; 0; 1; 1; 6,4307838760606
4029; 2; 0; 0; 1; 1; 11,2130168541432
4039; 2; 0; 0; 1; 1; 6,93471201236523
4044; 10; 0; 0; 1; 1; 9,02600140787238
4049; 10; 0; 0; 1; 1; 12,8139710447452
4055; 20; 0; 0; 1; 1; 12,8810300807434
4069; 23; 0; 0; 1; 1; 15,0455897011322
4083; 19; 0; 0; 1; 1; 7,96552276383727
4108; 2; 0; 0; 1; 1; 5,97907204056548
4125; 2; 0; 0; 1; 1; 8,43604737732783
4128; 10; 0; 0; 1; 1; 9,67071579414898
4129; 19; 0; 0; 1; 1; 7,96552276383727
4144; 16; 0; 0; 1; 1; 8,97617294803252
4144; 10; 0; 0; 1; 1; 15,0220457055629
4166; 19; 0; 0; 1; 1; 6,39198493282528
4193; 16; 0; 0; 1; 1; 12,8146554615334
4195; 10; 0; 0; 1; 1; 12,7817986792346
4223; 3; 2; 0; 1; 0; 5,62936832262032
4225; 2; 0; 0; 1; 1; 5,628207982213
4242; 2; 0; 0; 1; 1; 6,41539310129
4245; 2; 0; 0; 1; 1; 7,4941395246933
4258; 11; 0; 0; 1; 1; 6,41506230268162
4273; 23; 0; 0; 1; 1; 6,77051536550951
4278; 10; 0; 0; 1; 1; 11,3006040142509
4293; 3; 1; 0; 1; 0; 13,8420684987848
4294; 2; 1; 0; 1; 0; 6,43174149605022
4311; 10; 0; 0; 1; 1; 5,3018984843163
4317; 20; 4; 0; 0,05; 0,05; 10,0185789516893
4331; 19; 0; 0; 1; 1; 8,4633679365771
4335; 16; 0; 0; 1; 1; 11,2128235288417
4339; 3; 0; 0; 1; 1; 5,2882189882749
4354; 2; 0; 0; 1; 1; 11,2763014685775
4372; 16; 0; 0; 1; 1; 7,48014412336043
4372; 2; 1; 0; 1; 0; 5,00285153974489
4375; 10; 0; 0; 1; 1; 6,93325186410594
4392; 2; 0; 0; 1; 1; 5,6182843965829
4415; 10; 0; 0; 1; 1; 5,3018984843163
4436; 10; 1; 0; 1; 0; 6,41497115915464
4479; 16; 0; 0; 1; 1; 11,2202161850407
4486; 10; 0; 0; 1; 1; 8,21862110127339
4497; 2; 0; 0; 1; 1; 5,62777380904394
4497; 2; 0; 0; 1; 1; 6,93471201236523
4503; 10; 0; 0; 1; 1; 12,9149821655812
4512; 10; 0; 0; 1; 1; 9,04048321140073
4517; 2; 0; 0; 1; 1; 4,08664254023688
4534; 10; 2; 0; 1; 0; 6,14908755099953
4554; 19; 0; 0; 1; 1; 5,96585260397026
4562; 13; 0; 0; 1; 1; 12,9276018503106
4565; 10; 0; 0; 1; 1; 5,59255350061626
4592; 10; 0; 0; 1; 1; 7,52060334340831
4595; 10; 0; 0; 1; 1; 15,0220457055629
4598; 19; 0; 0; 1; 1; 12,2217494401924
4614; 20; 0; 0; 1; 1; 6,40963958641736
4619; 18; 0; 0; 1; 1; 6,42749087739037
4621; 19; 0; 0; 1; 1; 11,2194239950308
4622; 2; 0; 0; 1; 1; 6,42354816402283
4622; 10; 0; 0; 1; 1; 15,0220457055629
4628; 19; 1; 0; 1; 0; 6,92545955883449
4645; 16; 0; 0; 1; 1; 9,96695424785928
4665; 2; 1; 0; 1; 0; 5,97497281836483
4666; 10; 0; 0; 1; 1; 5,59203692216514
4680; 2; 1; 0; 1; 0; 4,49240555564801
4686; 3; 0; 0; 1; 1; 7,49413952468752
4704; 18; 0; 0; 1; 1; 14,9089462553047
4706; 2; 0; 0; 1; 1; 12,8787508801069
4747; 10; 0; 0; 1; 1; 7,52060334340831
4771; 2; 0; 0; 1; 1; 5,62320786788273
4783; 2; 0; 0; 1; 1; 11,2689070200935
4790; 2; 0; 0; 1; 1; 4,49924361417631
4812; 16; 0; 0; 1; 1; 12,8906040512559
4845; 11; 0; 0; 1; 1; 6,7358154178157
4863; 10; 0; 0; 1; 1; 17,8945181509285
4877; 10; 0; 0; 1; 1; 5,18132285931721
4881; 19; 0; 0; 1; 1; 4,98641066445813
4924; 16; 0; 0; 1; 1; 5,30189848431281
4927; 2; 0; 0; 1; 1; 5,30649480874236
4932; 2; 0; 0; 1; 1; 3,09974311535608
4932; 2; 0; 0; 1; 1; 4,49924361417631
4965; 19; 0; 0; 1; 1; 4,97069948636901
4968; 10; 0; 0; 1; 1; 12,2230812634013
5000; 19; 0; 0; 1; 1; 4,50671689933805
5062; 2; 0; 0; 1; 1; 4,0866997035976
5067; 2; 0; 0; 1; 1; 6,42746466844025
5073; 2; 0; 0; 1; 1; 8,17542493602905
5077; 3; 0; 0; 1; 1; 6,92845332014809
5090; 19; 2; 0; 1; 0; 5,62693589155302
5134; 2; 1; 0; 1; 0; 5,62405451772039
5144; 10; 0; 0; 1; 1; 6,44623143720712
5160; 2; 1; 0; 1; 0; 3,96244868020853
5211; 2; 1; 0; 1; 0; 4,73118686028034
5211; 2; 1; 0; 1; 0; 4,73604590965927
5223; 16; 0; 0; 1; 1; 5,0130126865995
5227; 10; 0; 0; 1; 1; 8,21862110127339
5238; 2; 0; 0; 1; 1; 4,07664002765828
5243; 10; 0; 0; 1; 1; 5,26309357380249
5260; 17; 0; 0; 1; 1; 5,99516459898895
5263; 2; 0; 0; 1; 1; 5,30301506827929
5275; 10; 0; 0; 1; 1; 6,43801958809837
5279; 19; 0; 0; 1; 1; 6,01402744977133
5302; 19; 0; 0; 1; 1; 5,26398759173846
5306; 10; 2; 0; 1; 0; 8,17716705241793
5311; 19; 0; 0; 1; 1; 7,47795198790619
5321; 2; 1; 0; 1; 0; 4,73118686028034
5324; 2; 1; 0; 1; 0; 3,74880524525515
5343; 19; 0; 0; 1; 1; 15,0830293336287
5355; 2; 1; 0; 1; 0; 3,59885303544495
5358; 16; 0; 0; 1; 1; 7,48014412336043
5359; 16; 0; 0; 1; 1; 7,48014412336043
5375; 2; 0; 0; 1; 1; 7,10233664213219
5396; 20; 0; 0; 1; 1; 11,215686962354
5397; 2; 0; 0; 1; 1; 6,73533658033234
5402; 13; 0; 0; 1; 1; 18,0986425904348
5435; 2; 0; 0; 1; 1; 4,0745697986653
5452; 19; 0; 0; 1; 1; 6,93926244204384
5456; 2; 1; 0; 1; 0; 5,28779707913684
5481; 3; 0; 0; 1; 1; 4,28093918098444
5491; 16; 0; 0; 1; 1; 7,47521568589446
5495; 2; 1; 0; 1; 0; 3,59186547924569
5506; 19; 0; 0; 1; 1; 5,30649480862176
5518; 2; 0; 0; 1; 1; 9,97414627005613
5526; 2; 1; 0; 1; 0; 4,73917794445805
5533; 2; 1; 0; 1; 0; 7,49664449448231
5548; 19; 0; 0; 1; 1; 6,46380092516964
5552; 10; 0; 0; 1; 1; 8,15587874820239
5564; 10; 0; 0; 1; 1; 11,1851070012325
5571; 10; 0; 0; 1; 1; 4,47404280049301
5575; 20; 0; 0; 1; 1; 5,27797033522543
5601; 19; 0; 0; 1; 1; 4,07979054364756
5636; 19; 0; 0; 1; 1; 14,9146315099256
5691; 13; 0; 0; 1; 1; 11,2834591861336
5716; 16; 0; 0; 1; 1; 5,30189848431281
5732; 10; 0; 0; 1; 1; 5,96483938364282
5760; 13; 0; 0; 1; 1; 10,0548014391304
5783; 10; 2; 0; 1; 0; 5,61309976426031
5798; 16; 0; 0; 1; 1; 9,96695424785928
5800; 19; 0; 0; 1; 1; 3,33830881432448
5804; 2; 0; 0; 1; 1; 5,00840312004155
5814; 2; 1; 0; 1; 0; 7,92392538862628
5834; 10; 1; 0; 1; 0; 4,20736309503898
5853; 18; 0; 0; 1; 1; 6,8968272617654
5859; 2; 1; 0; 1; 0; 4,73118686028034
5870; 2; 1; 0; 1; 0; 3,46351260443877
5889; 2; 0; 0; 1; 1; 3,46735600618261
5925; 10; 0; 0; 1; 1; 11,2665342791721
5930; 10; 1; 0; 1; 0; 6,12338156101125
5932; 18; 0; 0; 1; 1; 8,19938714636043
5951; 10; 0; 0; 1; 1; 12,8924628744142
5960; 10; 0; 0; 1; 1; 5,96483938364282
5980; 25; 1; 0; 1; 0; 6,66488346420743
6026; 2; 1; 0; 1; 0; 3,21177408201141
6031; 2; 1; 0; 1; 0; 3,21326163879013
6062; 19; 0; 0; 1; 1; 9,0493212952375
6066; 15; 0; 0; 1; 1; 6,42652823275422
6076; 2; 1; 0; 1; 0; 5,63055305656878
6108; 10; 0; 0; 1; 1; 6,76950105590429
6112; 10; 0; 0; 1; 1; 11,3006093948836
6119; 11; 1; 0; 1; 0; 4,81129672701122
6163; 2; 1; 0; 1; 0; 2,99765580987732
6163; 2; 1; 0; 1; 0; 4,09324216888218
6169; 20; 0; 0; 1; 1; 3,76755887321129
6206; 16; 0; 0; 1; 1; 9,96695424785928
6206; 10; 0; 0; 1; 1; 9,02472401208997
6209; 19; 1; 0; 1; 0; 3,952284240458
6218; 19; 0; 0; 1; 1; 5,26398759173846
6224; 18; 0; 0; 1; 1; 7,45447312765236
6226; 2; 1; 0; 1; 0; 5,97497281836483
6227; 13; 0; 0; 1; 1; 15,0822021586957
6229; 20; 0; 0; 1; 1; 5,60843463811519
6231; 10; 0; 0; 1; 1; 5,02249067300041
6268; 2; 1; 0; 1; 0; 4,73533294137493
6281; 20; 0; 0; 1; 1; 5,97124903850153
6292; 19; 0; 0; 1; 1; 3,57890363018569
6297; 2; 0; 0; 1; 1; 5,98224436230897
6301; 10; 2; 0; 1; 0; 4,98942201267583
6323; 19; 0; 0; 1; 1; 5,65582580952344
6334; 2; 0; 0; 1; 1; 8,16066513004592
6341; 2; 1; 0; 1; 0; 4,99403057474035
6341; 10; 0; 0; 1; 1; 11,2809050151125
6343; 10; 0; 0; 1; 1; 10,0274711245444
6379; 10; 2; 0; 1; 0; 3,8595295753432
6381; 10; 0; 0; 1; 1; 12,7817986792346
6397; 19; 0; 0; 1; 1; 5,30649480862176
6453; 2; 0; 0; 1; 1; 4,82025138210248
6463; 2; 0; 0; 1; 1; 6,73557122092983
6495; 19; 0; 0; 1; 1; 4,51379623284112
6503; 19; 0; 0; 1; 1; 4,50154871324242
6504; 18; 0; 0; 1; 1; 6,93794296999729
6507; 23; 0; 0; 1; 1; 9,67216480787073
6511; 3; 0; 0; 1; 1; 4,09498042947663
6515; 11; 1; 0; 1; 0; 4,9894929020857
6522; 10; 0; 0; 1; 1; 4,47362953773211
6526; 2; 1; 0; 1; 0; 4,28059763549173
6528; 13; 0; 0; 1; 1; 9,0493212952174
6549; 2; 0; 0; 1; 1; 2,99641834484421
6561; 2; 0; 0; 1; 1; 5,01168954159
6577; 2; 0; 0; 1; 1; 7,49873935696051
6644; 19; 0; 0; 1; 1; 3,90240834609767
6675; 2; 0; 0; 1; 1; 3,74552293105527
6678; 25; 0; 0; 1; 1; 4,68474092743879
6704; 2; 1; 0; 1; 0; 3,90998583897042
6704; 2; 1; 0; 1; 0; 4,28815846263848
6718; 10; 0; 0; 1; 1; 8,16199695307303
6724; 16; 0; 0; 1; 1; 3,0952320510457
6739; 10; 0; 0; 1; 1; 6,1540918690039
6749; 2; 1; 0; 1; 0; 6,13325510730671
6767; 2; 1; 0; 1; 0; 5,99808839240824
6782; 2; 1; 0; 1; 0; 6,12303325484758
6787; 10; 0; 0; 1; 1; 6,02698880760049
6794; 16; 0; 0; 1; 1; 3,90268389044892
6804; 18; 0; 0; 1; 1; 5,99899148556434
6820; 21; 0; 0; 1; 1; 4,70988584762987
6826; 2; 0; 0; 1; 1; 5,30649480874236
6836; 10; 0; 0; 1; 1; 6,02698880760049
6836; 19; 5; 0; 0,0526315789473684; 0,0526315789473684; 2,48534974318451
6837; 10; 0; 0; 1; 1; 9,02724687889004
6855; 20; 0; 0; 1; 1; 6,39776682696593
6861; 2; 0; 0; 1; 1; 2,8983261649342
6863; 2; 0; 0; 1; 1; 7,92071765447989
6866; 15; 0; 0; 1; 1; 3,90218949048836
6889; 19; 0; 0; 1; 1; 6,01402744977133
6900; 10; 1; 0; 1; 0; 4,81122836936598
6901; 2; 1; 0; 1; 0; 5,97907204056548
6903; 18; 0; 0; 1; 1; 6,44260944319719
6907; 18; 0; 0; 1; 1; 6,3895483951306
6909; 18; 0; 0; 1; 1; 6,01310214698404
6923; 18; 0; 0; 1; 1; 4,25969893008706
6934; 10; 0; 0; 1; 1; 12,7817986792346
6937; 2; 0; 0; 1; 1; 2,98801785235456
6956; 10; 0; 0; 1; 1; 3,45219536003198
6961; 20; 0; 0; 1; 1; 4,98474976104624
6970; 13; 0; 0; 1; 1; 8,20615213536993
6986; 2; 1; 0; 0,5; 0,5; 2,98801785235456
6989; 10; 0; 0; 1; 1; 14,912098459107
7011; 16; 0; 0; 1; 1; 5,30789578581124
7034; 16; 0; 0; 1; 1; 5,98084465424364
7040; 10; 0; 0; 1; 1; 8,21862501446077
7041; 16; 0; 0; 1; 1; 5,63326713958236
7047; 16; 0; 0; 1; 1; 5,63326713958236
7052; 19; 0; 0; 1; 1; 4,48776959801232
7056; 16; 0; 0; 1; 1; 5,30189848431281
7058; 13; 0; 0; 1; 1; 9,02676734890692
7065; 18; 0; 0; 1; 1; 5,62405451771657
7075; 2; 1; 0; 1; 0; 8,99061358852114
7092; 13; 0; 0; 1; 1; 10,0548014391304
7110; 2; 1; 0; 1; 0; 3,75370203771252
7128; 16; 0; 0; 1; 1; 3,90011253177102
7128; 2; 0; 0; 1; 1; 4,49924361417631
7143; 16; 0; 0; 1; 1; 5,30789578581124
7154; 19; 2; 0; 0,0526315789473684; 0,0526315789473684; 2,03944145124714
7155; 2; 0; 0; 1; 1; 3,55176417628604
7168; 16; 0; 0; 1; 1; 5,63326713958236
7175; 10; 0; 0; 1; 1; 18,0809750318137
7200; 10; 0; 0; 1; 1; 5,64045250755623
7205; 10; 0; 0; 1; 1; 6,40819044501617
7211; 13; 0; 0; 1; 1; 8,2266557229249
7213; 13; 0; 0; 1; 1; 12,9276018503106
7258; 18; 0; 0; 1; 1; 4,99985930199058
7262; 10; 0; 0; 1; 1; 8,94808560098602
7266; 10; 1; 0; 1; 0; 7,08608521269723
7270; 2; 1; 0; 1; 0; 3,96991845418878
7278; 18; 0; 0; 1; 1; 9,93929750353649
7279; 20; 0; 0; 1; 1; 6,40896397848802
7283; 2; 1; 0; 1; 0; 6,4364352554184
7287; 10; 1; 0; 1; 0; 4,87015235420138
7316; 18; 0; 0; 1; 1; 9,01932586099647
7318; 19; 0; 0; 1; 1; 2,79649340811106
7332; 10; 0; 0; 1; 1; 14,912098459107
7335; 10; 0; 0; 1; 1; 4,1093105506367
7345; 19; 0; 0; 1; 1; 6,96101638095192
7359; 10; 0; 0; 1; 1; 12,8960669698429
7364; 18; 0; 0; 1; 1; 3,34049105962832
7383; 19; 0; 0; 1; 1; 3,19544966980865
7415; 2; 1; 0; 1; 0; 3,21177408201141
7418; 15; 0; 0; 1; 1; 4,7381348726609
7437; 10; 2; 0; 1; 0; 7,48413301901375
7449; 10; 0; 0; 1; 1; 6,44623143720712
7450; 19; 0; 0; 1; 1; 6,44360083904071
7470; 10; 0; 0; 1; 1; 6,00232027966904
7495; 2; 1; 0; 1; 0; 8,99061358852114
7497; 19; 0; 0; 1; 1; 8,22665572294318
7517; 15; 0; 0; 1; 1; 4,7381348726609
7522; 16; 0; 0; 1; 1; 5,63963927242444
7532; 19; 0; 0; 1; 1; 5,65613600011077
7538; 2; 0; 0; 1; 1; 6,13325510730671
7547; 18; 0; 0; 1; 1; 5,99983116238869
7550; 2; 1; 0; 1; 0; 3,09974311535608
7552; 10; 0; 0; 1; 1; 12,9149821655812
7564; 16; 0; 0; 1; 1; 5,30189848431281
7571; 18; 0; 0; 1; 1; 7,45447312765236
7572; 19; 0; 0; 1; 1; 3,19599246641264
7580; 10; 0; 0; 1; 1; 12,9149821655812
7582; 2; 0; 0; 1; 1; 4,65520230991319
7584; 2; 0; 0; 1; 1; 5,63815073428876
7599; 2; 0; 0; 0,5; 0,5; 3,74608899521714
7612; 2; 0; 0; 1; 1; 4,99478532695619
7623; 16; 0; 0; 1; 1; 3,73760784294723
7624; 2; 0; 0; 1; 1; 5,628207982213
7626; 2; 0; 0; 1; 1; 3,10102325159723
7646; 2; 0; 0; 1; 1; 5,628207982213
7656; 13; 0; 0; 1; 1; 6,44769096350494
7662; 19; 0; 0; 1; 1; 3,08578582963979
7662; 18; 0; 0; 1; 1; 3,60773034439859
7668; 20; 0; 0; 1; 1; 5,63545066032523
7692; 2; 0; 0; 1; 1; 2,64499042047999
7700; 2; 0; 0; 1; 1; 3,74706976234665
7702; 11; 0; 0; 1; 1; 3,45426431682856
7702; 2; 0; 0; 1; 1; 6,43937544005343
7703; 16; 0; 0; 1; 1; 5,63963927242444
7703; 2; 1; 0; 1; 0; 6,92191325257894
7724; 10; 0; 0; 1; 1; 4,29748762480475
7731; 2; 0; 0; 1; 1; 5,27845090791968
7738; 2; 0; 0; 1; 1; 5,18166365873423
7739; 10; 0; 0; 1; 1; 6,88314276998924
7748; 3; 1; 0; 1; 0; 3,86098154779225
7752; 2; 1; 0; 1; 0; 6,91481156502511
7754; 3; 0; 0; 1; 1; 2,24749307001683
7759; 13; 0; 0; 1; 1; 8,20615213536993
7784; 18; 0; 0; 1; 1; 3,75805244208186
7815; 19; 0; 0; 1; 1; 6,41109942573188
7820; 19; 0; 0; 1; 1; 6,96101638095192
7832; 2; 1; 0; 1; 0; 6,42749087739473
7839; 2; 1; 0; 1; 0; 5,00246560803906
7841; 10; 0; 0; 1; 1; 11,3006093948836
7843; 2; 1; 0; 1; 0; 4,49462751726632
7846; 10; 0; 0; 1; 1; 6,92575416884889
7869; 10; 0; 0; 1; 1; 3,76686800475031
7869; 19; 0; 0; 1; 1; 4,70908372392854
7875; 19; 0; 0; 1; 1; 5,27972893883802
7884; 20; 0; 0; 1; 1; 4,27264265232535
7886; 2; 0; 0; 1; 1; 6,01008374404987
7937; 19; 0; 0; 1; 1; 8,22665572294318
7939; 2; 0; 0; 1; 1; 3,32996965500607
7959; 17; 0; 0; 1; 1; 3,21169532088694
7966; 3; 1; 0; 1; 0; 5,63059809053036
7974; 16; 0; 0; 1; 1; 3,09354033840188
7983; 19; 0; 0; 1; 1; 5,6422452910514
7989; 10; 1; 0; 1; 0; 4,98942201267583
8007; 10; 0; 0; 1; 1; 4,36016581818661
8012; 2; 0; 0; 1; 1; 3,32346909017165
8014; 16; 0; 0; 1; 1; 4,72171946387656
8050; 19; 0; 0; 1; 1; 4,76280068170395
8072; 10; 0; 0; 1; 1; 6,40819044501617
8125; 18; 0; 0; 1; 1; 3,22118780749874
8130; 2; 1; 0; 1; 0; 6,00295872964687
8130; 2; 0; 0; 1; 1; 4,09778437094309
8136; 21; 0; 0; 1; 1; 4,97154617249819
8140; 2; 1; 0; 1; 0; 6,43174149605022
8170; 2; 1; 0; 1; 0; 3,96244868020853
8183; 2; 0; 0; 0,5; 0,5; 2,30588908452102
8197; 19; 9; 0; 0,0526315789473684; 0,0526315789473684; 1,90367214371579
8203; 16; 0; 0; 1; 1; 2,99008627435779
8209; 2; 1; 0; 1; 0; 6,91585660655472
8214; 18; 0; 0; 1; 1; 3,44052605891648
8214; 19; 0; 0; 1; 1; 8,22710690925202
8224; 16; 0; 0; 1; 1; 6,44530202562793
8231; 2; 1; 0; 1; 0; 3,75213865480867
8245; 2; 1; 0; 1; 0; 4,35474824347711
8253; 19; 0; 0; 1; 1; 6,46380092516964
8286; 10; 0; 0; 1; 1; 4,75814905863196
8304; 16; 0; 0; 1; 1; 3,59046917921301
8307; 2; 0; 0; 1; 1; 4,80900714736279
8312; 19; 11; 0; 0,0526315789473684; 0,0526315789473684; 1,80996352003545
8332; 19; 0; 0; 1; 1; 2,23719472648885
8336; 19; 0; 0; 1; 1; 10,0548014391528
8357; 10; 0; 0; 1; 1; 6,02699167727123
8358; 19; 0; 0; 1; 1; 5,99484520449579
8359; 19; 0; 0; 1; 1; 11,3116516190469
8361; 20; 0; 0; 1; 1; 3,90110850864488
8373; 10; 0; 0; 1; 1; 9,04048751590685
8375; 10; 0; 0; 1; 1; 3,76030167170416
8381; 10; 0; 0; 1; 1; 9,94139897273803
8400; 2; 0; 0; 1; 1; 3,46735600618261
8408; 2; 1; 0; 1; 0; 8,99713258861237
8413; 10; 0; 0; 1; 1; 10,0449861287854
8436; 19; 0; 0; 1; 1; 11,1840738443303
8445; 20; 0; 0; 1; 1; 10,0185789516893
8448; 13; 0; 0; 1; 1; 6,46380092515528
8451; 19; 0; 0; 1; 1; 3,61992704007089
8456; 2; 1; 0; 1; 0; 3,74231264241916
8462; 16; 0; 0; 1; 1; 12,8760391761882
8483; 2; 0; 0; 1; 1; 3,46351260443877
8489; 10; 0; 0; 1; 1; 12,9149821655812
8496; 2; 0; 0; 1; 1; 9,0151256160748
8508; 2; 0; 0; 1; 1; 4,73190188869534
8512; 2; 0; 0; 1; 1; 2,72514164534302
8527; 19; 0; 0; 1; 1; 3,3594416043893
8530; 19; 0; 0; 1; 1; 8,22665572294318
8545; 10; 0; 0; 1; 1; 7,53373959658904
8548; 10; 1; 0; 1; 0; 4,64260755314646
8565; 3; 1; 0; 1; 0; 6,14247064421494
8578; 19; 0; 0; 1; 1; 4,48776959801232
8596; 2; 1; 0; 1; 0; 6,12746371113905
8600; 10; 2; 0; 1; 0; 6,73178095206237
8605; 10; 0; 0; 1; 1; 8,13387188678566
8608; 2; 1; 0; 1; 0; 10,357861548166
8609; 3; 2; 0; 1; 0; 7,11233443014362
8623; 10; 0; 0; 1; 1; 9,04048751590685
8625; 2; 0; 0; 1; 1; 2,71637986577687
8627; 3; 0; 0; 1; 1; 4,18929735636861
8641; 13; 0; 0; 1; 1; 4,76280068169337
8650; 10; 0; 0; 1; 1; 7,52060334340831
8661; 2; 1; 0; 1; 0; 7,10511555514687
8674; 19; 0; 0; 1; 1; 5,02740071957639
8694; 2; 1; 0; 1; 0; 5,99374239234743
8701; 10; 0; 0; 1; 1; 6,43801958809837
8703; 2; 0; 0; 1; 1; 5,30649480874236
8705; 16; 0; 0; 1; 1; 5,98411529868835
8713; 2; 1; 0; 1; 0; 2,90095723536515
8713; 2; 0; 0; 1; 1; 5,00840312004155
8749; 19; 0; 0; 1; 1; 11,2194239950308
8771; 13; 0; 0; 1; 1; 6,44769096350494
8789; 10; 2; 0; 1; 0; 5,17829304004797
8796; 15; 0; 0; 1; 1; 3,10246190546755
8801; 3; 2; 0; 1; 0; 3,00034518005886
8803; 20; 0; 0; 1; 1; 6,95549330439008
8810; 10; 0; 0; 1; 1; 4,52024375795343
8820; 2; 0; 0; 1; 1; 3,21435196423739
8822; 10; 0; 0; 1; 1; 4,36742003606728
8823; 10; 0; 0; 1; 1; 10,0449861287854
8827; 2; 1; 0; 0,5; 0,5; 2,9376798556011
8831; 18; 0; 0; 1; 1; 4,96964875176824
8856; 13; 0; 0; 1; 1; 11,3116516190217
8857; 19; 0; 0; 1; 1; 7,51753431221416
8865; 16; 0; 0; 1; 1; 12,8760391761882
8865; 10; 0; 0; 1; 1; 11,2227458104754
8878; 19; 0; 0; 1; 1; 7,51753431221416
8902; 2; 1; 0; 1; 0; 5,6240511434341
8903; 19; 17; 0; 0,0526315789473684; 0,0526315789473684; 2,44589664869655
8904; 2; 0; 0; 1; 1; 4,74480295582884
8909; 10; 0; 0; 1; 1; 8,21862501446077
8922; 18; 0; 0; 1; 1; 3,34049105962832
8926; 18; 0; 0; 1; 1; 2,43765563810716
8935; 23; 0; 0; 1; 1; 5,41641229240761
8936; 19; 0; 0; 1; 1; 11,1840738443303
8948; 2; 0; 0; 1; 1; 5,00840312004155
8949; 19; 0; 0; 1; 1; 10,0548014391528
8951; 10; 0; 0; 1; 1; 4,7581513241615
8956; 19; 0; 0; 1; 1; 4,52466064761875
8961; 10; 0; 0; 1; 1; 8,21862501446077
8962; 3; 0; 0; 1; 1; 3,64906846223374
8975; 18; 0; 0; 1; 1; 8,13215250289349
8975; 19; 0; 0; 1; 1; 4,30943695246535
8994; 2; 0; 0; 1; 1; 6,40954753104532
9010; 21; 0; 0; 1; 1; 4,70988584762987
9040; 16; 0; 0; 1; 1; 5,63963927242444
9043; 10; 0; 0; 1; 1; 6,90112817155587
9060; 22; 0; 0; 1; 1; 6,40130092247321
9088; 18; 0; 0; 1; 1; 6,9052745042468
9089; 2; 0; 0; 1; 1; 4,74480295582884
9090; 10; 0; 0; 1; 1; 7,45673800082168
9091; 2; 1; 0; 1; 0; 2,19286325558896
9117; 16; 0; 0; 1; 1; 5,63326713958236
9123; 10; 0; 0; 1; 1; 5,65030469744178
9172; 3; 1; 0; 1; 0; 3,59893780968405
9198; 10; 0; 0; 1; 1; 8,21862110127339
9201; 18; 0; 0; 1; 1; 4,28499391826024
9203; 13; 0; 0; 1; 1; 4,30920061677019
9204; 2; 0; 0; 1; 1; 4,73604590965927
9205; 10; 0; 0; 1; 1; 8,21862110127339
9213; 10; 0; 0; 1; 1; 6,45748800814338
9220; 2; 1; 0; 1; 0; 8,4337250562926
9225; 19; 0; 0; 1; 1; 3,59021567840985
9240; 13; 0; 0; 1; 1; 8,2266557229249
9247; 18; 0; 0; 1; 1; 5,62405451771657
9253; 2; 0; 0; 1; 1; 6,43174149605022
9253; 2; 0; 0; 1; 1; 3,75630234003117
9258; 19; 0; 0; 1; 1; 8,22665572294318
9260; 10; 0; 0; 1; 1; 10,0449861287854
9287; 16; 0; 0; 1; 1; 5,0130126865995
9287; 19; 0; 0; 1; 1; 4,08739445761076
9298; 20; 0; 0; 1; 1; 6,93593927424644
9313; 13; 0; 0; 1; 1; 7,54110107934783
9314; 19; 0; 0; 1; 1; 5,20822642250899
9331; 20; 0; 0; 1; 1; 12,8810300807434
9332; 10; 1; 0; 1; 0; 5,60981746005197
9355; 17; 0; 0; 1; 1; 4,28130445139128
9371; 2; 0; 0; 1; 1; 6,91609082193569
9389; 2; 0; 0; 1; 1; 2,81030232175999
9394; 16; 0; 0; 1; 1; 5,30189848431281
9403; 13; 0; 0; 1; 1; 4,76280068169337
9415; 2; 0; 0; 1; 1; 4,71719242257402
9419; 2; 0; 0; 1; 1; 4,35486667701557
9421; 20; 0; 0; 1; 1; 15,0278684275339
9423; 2; 0; 0; 1; 1; 4,09778437094309
9446; 2; 0; 0; 1; 1; 4,99915957130701
9450; 3; 2; 0; 1; 0; 3,29306178299143
9451; 19; 0; 0; 1; 1; 4,76280068170395
9456; 10; 1; 0; 1; 0; 4,8314259329282
9462; 16; 0; 0; 1; 1; 5,63963927242444
9464; 2; 0; 0; 1; 1; 2,80966189641137
9472; 19; 0; 0; 1; 1; 2,35858322530029
9495; 10; 0; 0; 1; 1; 3,75458723232736
9509; 10; 0; 0; 1; 1; 12,8259952119719
9523; 10; 0; 0; 1; 1; 6,40184064509948
9526; 10; 0; 0; 1; 1; 4,75118256783687
9536; 23; 0; 0; 1; 1; 5,41641229240761
9554; 16; 0; 0; 1; 1; 5,30189848431281
9560; 18; 0; 0; 1; 1; 6,01288390733098
9609; 2; 1; 0; 1; 0; 4,73533294137493
9615; 2; 1; 0; 1; 0; 5,28998084095998
9619; 13; 0; 0; 1; 1; 5,02740071956522
9620; 10; 0; 0; 1; 1; 5,30866118358234
9653; 16; 0; 0; 1; 1; 2,99042232712182
9662; 16; 0; 0; 1; 1; 8,16015722548411
9671; 2; 1; 0; 1; 0; 3,64775780267215
9705; 16; 0; 0; 1; 1; 4,29201305872942
9714; 10; 0; 0; 1; 1; 5,3101452228765
9726; 18; 0; 0; 1; 1; 8,19968474588733
9738; 19; 0; 0; 1; 1; 5,63339612417256
9746; 10; 0; 0; 1; 1; 4,97115866721445
9752; 2; 1; 0; 1; 0; 7,93980929630855
9773; 18; 0; 0; 1; 1; 6,44237561499748
9774; 16; 1; 0; 0,0625; 0,0625; 3,342008457733
9777; 19; 0; 0; 1; 1; 3,83312418753052
9787; 21; 0; 0; 1; 1; 5,59298944406047
9808; 16; 0; 0; 1; 1; 6,00881828222118
9808; 10; 0; 0; 1; 1; 8,97819664838033
9826; 2; 1; 0; 1; 0; 3,21177408201141
9826; 2; 0; 0; 1; 1; 2,90810503744348
9834; 16; 0; 0; 1; 1; 5,63326713958236
9834; 2; 1; 0; 1; 0; 4,08166531732464
9837; 2; 1; 0; 1; 0; 4,09324216888218
9841; 3; 1; 0; 1; 0; 9,98161794218905
9842; 16; 0; 0; 1; 1; 5,63326713958236
9849; 2; 0; 0; 1; 1; 5,27203483973367
9881; 17; 0; 0; 1; 1; 2,72446646906718
9881; 10; 0; 0; 1; 1; 7,48183054031695
9882; 10; 1; 0; 1; 0; 8,44782127273656
9913; 2; 1; 0; 1; 0; 6,42354816402283
9923; 13; 0; 0; 1; 1; 4,30920061677019
9928; 16; 0; 0; 1; 1; 8,16015722548411
9932; 2; 1; 0; 1; 0; 4,64532394283402
9940; 2; 0; 0; 1; 1; 4,09324216888218
9942; 19; 0; 0; 1; 1; 2,73364884080515
9953; 19; 0; 0; 1; 1; 2,79601846108257
9981; 10; 2; 0; 1; 0; 5,20307408161499
9987; 19; 0; 0; 1; 1; 8,97553919602463
9995; 2; 1; 0; 1; 0; 8,18648433776437
10018; 2; 1; 0; 1; 0; 3,59718697185278
10022; 2; 1; 0; 1; 0; 5,00611630976986
10049; 19; 0; 0; 1; 1; 2,81907536708031
10057; 20; 0; 0; 1; 1; 4,98474976104624
10058; 3; 1; 0; 1; 0; 4,99096416415701
10084; 19; 0; 0; 1; 1; 3,4471600985158
10119; 10; 0; 0; 1; 1; 7,50917446465472
10124; 2; 0; 0; 1; 1; 3,33893541336104
10131; 3; 0; 0; 1; 1; 3,46498344032638
10133; 2; 0; 0; 1; 1; 5,01168954159
10135; 2; 0; 0; 1; 1; 5,60253347316479
10157; 11; 0; 0; 1; 1; 3,65309409878327
10161; 3; 0; 0; 1; 1; 4,09539210523687
10172; 10; 0; 0; 1; 1; 4,74380390701985
10175; 2; 1; 0; 1; 0; 6,42749087739473
10193; 13; 0; 0; 1; 1; 7,5223061240891
10199; 10; 0; 0; 1; 1; 5,64202929930628
10200; 10; 0; 0; 1; 1; 3,72836900041084
10211; 2; 0; 0; 1; 1; 3,84876376018991
10221; 3; 2; 0; 1; 0; 5,40537416690915
10223; 16; 0; 0; 1; 1; 4,74380390701672
10223; 10; 0; 0; 1; 1; 3,91560871462361
10227; 2; 1; 0; 1; 0; 13,4939600900682
10233; 2; 0; 0; 1; 1; 8,19556874188618
10237; 16; 0; 0; 1; 1; 4,74916991362058
10239; 20; 0; 0; 1; 1; 5,60843463811519
10242; 18; 0; 0; 1; 1; 3,32476179834105
10249; 20; 0; 0; 1; 1; 3,92031350283494
10298; 10; 0; 0; 1; 1; 4,52024375795343
10309; 18; 0; 0; 1; 1; 6,93794296999729
10313; 19; 0; 0; 1; 1; 6,46380092516964
10333; 2; 0; 0; 1; 1; 5,38857577368746
10363; 21; 0; 0; 1; 1; 8,13525737317886
10385; 10; 0; 0; 1; 1; 7,47622218585219
10387; 2; 0; 0; 1; 1; 4,49924361417631
10390; 2; 0; 0; 1; 1; 3,10021158224867
10411; 18; 0; 0; 1; 1; 14,9089462553047
10411; 19; 0; 0; 1; 1; 6,46415542869802
10427; 10; 0; 0; 1; 1; 5,31793383288638
10431; 10; 0; 0; 1; 1; 5,26309357380249
10438; 13; 0; 0; 1; 1; 3,47183359573343
10440; 19; 0; 0; 1; 1; 5,30649480862176
10442; 10; 0; 0; 1; 1; 7,47622218585219
10453; 21; 0; 0; 1; 1; 6,39198793606911
10454; 19; 0; 0; 1; 1; 4,10047326120772
10487; 2; 0; 0; 1; 1; 3,74608899521714
10494; 19; 0; 0; 1; 1; 5,41655547940934
10503; 2; 1; 0; 1; 0; 2,63648634031284
10508; 2; 1; 0; 1; 0; 6,41243609136934
10528; 20; 0; 0; 1; 1; 6,4586723540765
10544; 2; 0; 0; 1; 1; 4,08371507043035
10558; 2; 0; 0; 1; 1; 4,0866997035976
10564; 2; 0; 0; 1; 1; 3,60177523778812
10575; 19; 0; 0; 1; 1; 8,22665572294318
10576; 18; 0; 0; 1; 1; 4,96964875176824
10579; 13; 0; 0; 1; 1; 5,02740071956522
10580; 10; 2; 0; 1; 0; 5,40334140548048
10602; 2; 0; 0; 1; 1; 4,74791640782211
10609; 2; 1; 0; 1; 0; 3,59392444451841
10613; 13; 0; 0; 1; 1; 5,65582580951087
10618; 19; 0; 0; 1; 1; 4,30920061677976
10641; 10; 0; 0; 1; 1; 6,00393336242286
10645; 2; 0; 0; 1; 1; 3,90998583897042
10662; 19; 0; 0; 1; 1; 7,48313833289438
10677; 20; 0; 0; 1; 1; 3,32351682258678
10678; 10; 0; 0; 1; 1; 3,60236001745372
10687; 18; 0; 0; 1; 1; 7,51610488416373
10694; 16; 1; 0; 0,0625; 0,0625; 3,11152511582038
10694; 2; 0; 0; 1; 1; 5,29322778138389
10699; 2; 0; 0; 1; 1; 3,59624543540846
10709; 19; 1; 0; 1; 0; 4,61697303922299
10714; 2; 0; 0; 1; 1; 3,45792830327736
10731; 10; 1; 0; 1; 0; 7,50464084094511
10758; 10; 0; 0; 1; 1; 7,45604922955352
10767; 10; 0; 0; 1; 1; 8,41964964639047
10771; 10; 0; 0; 1; 1; 7,45604922955352
10777; 2; 0; 0; 1; 1; 3,46735600618261
10830; 10; 0; 0; 1; 1; 5,26309357380249
10852; 19; 0; 0; 1; 1; 5,65582580952344
10863; 20; 0; 0; 1; 1; 2,65945332226679
10868; 2; 1; 0; 1; 0; 3,45262051605534
10872; 13; 0; 0; 1; 1; 9,0493212952174
10883; 13; 0; 0; 1; 1; 6,96101638093646
10909; 16; 0; 0; 1; 1; 3,3226914745798
10919; 2; 1; 0; 1; 0; 4,49648371481598
10921; 2; 1; 0; 1; 0; 1,87304449760857
10934; 10; 0; 0; 1; 1; 6,94209539391536
10953; 10; 0; 0; 1; 1; 6,72269469487072
10975; 10; 1; 0; 1; 0; 5,60981746005197
10984; 2; 1; 0; 1; 0; 3,63924865205833
11009; 2; 0; 0; 1; 1; 5,30301506827929
11020; 10; 1; 0; 1; 0; 6,44190124390427
11025; 18; 0; 0; 1; 1; 5,26198103128402
11028; 18; 0; 0; 1; 1; 3,34049105962832
11032; 2; 1; 0; 1; 0; 6,4364352554184
11044; 2; 1; 0; 1; 0; 7,11227754513951
11050; 2; 1; 0; 1; 0; 4,49530679426057
11055; 2; 1; 0; 1; 0; 6,92087122200951
11097; 19; 0; 0; 1; 1; 5,32342211775131
11119; 19; 0; 0; 1; 1; 5,27972893883802
11130; 10; 0; 0; 1; 1; 2,74766569471933
11138; 2; 0; 0; 1; 1; 4,5075628080374
11158; 2; 0; 0; 1; 1; 4,49890128996231
11170; 20; 0; 0; 1; 1; 2,51170591547419
11172; 20; 0; 0; 1; 1; 2,5834689416306
11229; 2; 0; 0; 1; 1; 2,49701528737018
11251; 23; 0; 0; 1; 1; 6,15501396864501
11255; 10; 0; 0; 1; 1; 10,342607222878
11295; 20; 0; 0; 1; 1; 5,00928947584465
11306; 2; 0; 0; 1; 1; 7,49873935696051
11317; 2; 1; 0; 0,5; 0,5; 1,959809916538
11320; 16; 0; 0; 1; 1; 3,20577605286876
11329; 19; 0; 0; 1; 1; 6,96101638095192
11329; 19; 0; 0; 1; 1; 5,26398759173846
11352; 19; 0; 0; 1; 1; 3,75980595423084
11365; 17; 0; 0; 1; 1; 2,56878267083477
11366; 2; 1; 0; 1; 0; 6,00342184769387
11373; 22; 0; 0; 1; 1; 3,14599769627958
11379; 10; 0; 0; 1; 1; 18,0809750318137
11381; 20; 0; 0; 1; 1; 4,97604086541794
11406; 19; 0; 0; 1; 1; 5,32313017366912
11412; 2; 0; 0; 1; 1; 5,30649480874236
11414; 2; 1; 0; 1; 0; 3,64579123247952
11425; 2; 1; 0; 1; 0; 5,29322778138389
11453; 19; 0; 0; 1; 1; 8,22665572294318
11473; 19; 0; 0; 1; 1; 2,73364884080515
11479; 10; 0; 0; 1; 1; 5,84582147380063
11485; 20; 0; 0; 1; 1; 2,65945332226679
11508; 2; 0; 0; 1; 1; 2,73185624729539
11512; 18; 0; 0; 1; 1; 4,96964875176824
11513; 17; 0; 0; 1; 1; 2,72446646906718
11522; 19; 0; 0; 1; 1; 3,19544966980865
11528; 10; 0; 0; 1; 1; 5,98097774868175
11534; 13; 0; 0; 1; 1; 8,2266557229249
11547; 13; 0; 0; 1; 1; 9,0493212952174
11555; 19; 0; 0; 1; 1; 6,90426092001895
11556; 10; 0; 0; 1; 1; 5,01373556227221
11573; 2; 1; 0; 1; 0; 2,41373708847522
11601; 19; 0; 0; 1; 1; 4,09701536303459
11603; 16; 0; 0; 1; 1; 2,04846077802995
11613; 2; 1; 0; 1; 0; 2,99765580987732
11613; 2; 1; 0; 1; 0; 3,91527511806122
11638; 19; 0; 0; 1; 1; 6,41109942573188
11655; 2; 0; 0; 1; 1; 2,36977178198442
11663; 2; 0; 0; 1; 1; 3,45740578251255
11663; 2; 0; 0; 1; 1; 5,29322778138389
11666; 13; 0; 0; 1; 1; 3,1126783961748
11685; 16; 0; 0; 1; 1; 5,0130126865995
11685; 19; 0; 0; 1; 1; 3,59690712269747
11697; 2; 0; 0; 1; 1; 3,7470632111595
11703; 2; 0; 0; 1; 1; 4,08033256502296
11724; 19; 0; 0; 1; 1; 11,2194239950308
11729; 18; 0; 0; 1; 1; 3,09546788121408
11737; 2; 0; 0; 0,5; 0,5; 1,87815117001558
11754; 20; 0; 0; 1; 1; 2,5834689416306
11810; 13; 0; 0; 1; 1; 3,76115306204455
11816; 13; 0; 0; 1; 1; 2,7422185743083
11848; 2; 1; 0; 1; 0; 2,55036371612476
11866; 2; 1; 0; 1; 0; 3,74552293105527
11868; 10; 0; 0; 1; 1; 4,50295002181715
11888; 2; 0; 0; 1; 1; 3,09974311535608
11910; 2; 0; 0; 1; 1; 4,49462751726632
11929; 10; 0; 0; 1; 1; 17,8945181509285
11935; 19; 0; 0; 1; 1; 6,03288086349166
11942; 2; 0; 0; 1; 1; 7,51260468006233
11949; 17; 0; 0; 1; 1; 3,45797667227758
11967; 10; 0; 0; 1; 1; 5,64045250755623
11968; 10; 0; 0; 1; 1; 3,60786128811881
11973; 2; 1; 0; 1; 0; 1,26137419344738
11980; 10; 0; 0; 1; 1; 5,64045250755623
11987; 2; 0; 0; 1; 1; 14,9506891388576
12005; 20; 0; 0; 1; 1; 4,29367669358113
12014; 19; 0; 0; 1; 1; 6,77069434926168
12020; 2; 1; 0; 1; 0; 4,8115448259675
12024; 10; 0; 0; 1; 1; 7,51637768358085
12082; 18; 0; 0; 1; 1; 5,61053553470052
12101; 18; 0; 0; 1; 1; 3,46897148499864
12105; 2; 1; 0; 1; 0; 2,64499042047999
12113; 2; 1; 0; 1; 0; 7,50369841205858
12137; 20; 0; 0; 1; 1; 8,22012845064282
12160; 22; 0; 0; 1; 1; 7,90748937481985
12162; 20; 0; 0; 1; 1; 6,40896397848802
12163; 15; 0; 0; 1; 1; 2,43309628596101
12181; 15; 0; 0; 1; 1; 2,99904650861863
12181; 10; 0; 0; 1; 1; 11,212224664152
12195; 10; 0; 0; 1; 1; 9,02472401208997
12214; 2; 1; 0; 1; 0; 4,97914401530402
12216; 16; 0; 0; 1; 1; 1,91770796241102
12216; 2; 1; 0; 1; 0; 4,5025663857704
12223; 16; 10; 0; 0,0625; 0,0625; 1,2123333758602
12228; 2; 0; 0; 1; 1; 2,36559343014017
12248; 20; 0; 0; 1; 1; 6,39776682696593
12255; 22; 0; 0; 1; 1; 6,40130092247321
12258; 19; 0; 0; 1; 1; 6,03288086349166
12273; 2; 0; 0; 1; 1; 6,01402744990801
12294; 2; 1; 0; 1; 0; 3,849235860774
12301; 2; 1; 0; 1; 0; 3,21177408201141
12305; 21; 0; 0; 1; 1; 5,59298944406047
12315; 16; 6; 0; 0,0625; 0,0625; 1,42401063196277
12325; 2; 1; 0; 1; 0; 3,46351260443877
12345; 3; 0; 0; 0,333333333333333; 0,333333333333333; 1,18513017318323
12348; 19; 0; 0; 1; 1; 3,20554971286594
12365; 18; 0; 0; 1; 1; 5,59085484573927
12365; 19; 0; 0; 1; 1; 10,0553528890858
12372; 19; 0; 0; 1; 1; 3,77075733340718
12383; 23; 0; 0; 1; 1; 4,10334264576334
12393; 19; 0; 0; 1; 1; 17,8975578119108
12400; 16; 0; 0; 1; 1; 8,97025882307336
12427; 2; 0; 0; 1; 1; 2,99691311597157
12431; 19; 0; 0; 1; 1; 3,23207771434901
12434; 3; 2; 0; 1; 0; 1,33436878758408
12437; 10; 0; 0; 1; 1; 11,1840738443303
12445; 13; 0; 0; 1; 1; 2,66156508682865
12446; 19; 0; 0; 1; 1; 3,59629573916626
12453; 16; 3; 0; 0,0625; 0,0625; 1,72618710539087
12462; 16; 9; 0; 0,0625; 0,0625; 1,90982403149628
12486; 19; 0; 0; 1; 1; 2,51383822227145
12489; 17; 0; 0; 1; 1; 2,72507481772225
12489; 10; 0; 0; 1; 1; 4,74985474320525
12497; 17; 0; 0; 1; 1; 2,19286325559066
12513; 16; 0; 0; 1; 1; 6,40732773076668
12514; 15; 0; 0; 1; 1; 3,10246190546755
12535; 2; 0; 0; 1; 1; 9,64123053160132
12541; 16; 0; 0; 1; 1; 3,58850679254619
12551; 16; 0; 0; 1; 1; 4,98347712392964
12552; 10; 1; 0; 1; 0; 2,01910337495507
12556; 16; 0; 0; 1; 1; 5,98017254871557
12568; 10; 0; 0; 1; 1; 5,00611630977723
12582; 21; 0; 0; 1; 1; 3,44183965788337
12583; 2; 1; 0; 1; 0; 3,91238575145766
12593; 22; 0; 0; 1; 1; 7,46818440955208
12595; 17; 0; 0; 1; 1; 2,36598403892676
12625; 2; 0; 0; 0,5; 0,5; 0,706189611090411
12625; 18; 0; 0; 1; 1; 6,93794296999729
12639; 2; 1; 0; 1; 0; 5,1923410379801
12642; 2; 1; 0; 1; 0; 2,8141039911065
12652; 2; 1; 0; 1; 0; 3,75213865480867
12670; 3; 1; 0; 0,333333333333333; 0,333333333333333; 1,25097073836007
12685; 2; 0; 0; 1; 1; 4,07393891040483
12726; 19; 0; 0; 1; 1; 5,27972893883802
12745; 19; 0; 0; 1; 1; 7,54110107936458
12780; 18; 0; 0; 1; 1; 14,9089462553047
12780; 19; 0; 0; 1; 1; 3,61992704007089
12804; 2; 1; 0; 1; 0; 2,09421692361414
12813; 18; 0; 0; 1; 1; 3,32476179834105
12840; 10; 2; 0; 1; 0; 3,14337535729732
12850; 2; 1; 0; 1; 0; 0,742913639217573
12874; 17; 0; 0; 1; 1; 2,90023849932958
12879; 18; 0; 0; 1; 1; 1,37936545235308
12911; 16; 0; 0; 1; 1; 12,8906040512559
12963; 2; 0; 0; 1; 1; 2,36442397665685
12963; 2; 0; 0; 1; 1; 2,50420156002078
12993; 17; 6; 0; 0,0588235294117647; 0,0588235294117647; 2,04334985180039
13029; 21; 0; 0; 1; 1; 4,47439155524838
13047; 2; 0; 0; 1; 1; 4,08602501569665
13055; 10; 0; 0; 1; 1; 4,10214727822271
13058; 16; 0; 0; 1; 1; 4,72118885424914
13075; 19; 0; 0; 1; 1; 4,97154383664188
13086; 18; 0; 0; 1; 1; 2,24421421388021
13091; 13; 0; 0; 1; 1; 2,57907638540198
13098; 10; 2; 0; 1; 0; 5,85372256701075
13099; 10; 0; 0; 1; 1; 9,00590004363429
13108; 16; 0; 0; 1; 1; 5,30789578581124
13112; 19; 0; 0; 1; 1; 5,32342211775131
13112; 18; 0; 0; 1; 1; 1,03056039543621
13121; 19; 0; 0; 1; 1; 7,54110107936458
13150; 2; 0; 0; 1; 1; 4,08033256502296
13151; 25; 3; 0; 1; 0; 4,08981485303638
13170; 2; 0; 0; 1; 1; 2,8141039911065
13175; 2; 0; 0; 1; 1; 7,50369841205858
13179; 10; 0; 0; 1; 1; 6,45749108279061
13192; 2; 1; 0; 1; 0; 5,99899148556841
13209; 10; 0; 0; 1; 1; 8,18498219954869
13212; 18; 0; 0; 1; 1; 5,59085484573927
13214; 2; 0; 0; 1; 1; 3,10102325159723
13216; 2; 0; 0; 1; 1; 12,2672364455165
13221; 10; 0; 0; 1; 1; 3,60139216780142
13303; 2; 1; 0; 1; 0; 3,91238575145766
13325; 21; 0; 0; 1; 1; 6,88367931576673
13346; 2; 0; 0; 0,5; 0,5; 2,42989556446517
13350; 10; 0; 0; 1; 1; 17,8945181509285
13357; 20; 0; 0; 1; 1; 3,73856232078468
13363; 10; 0; 0; 1; 1; 8,21862110127339
13370; 16; 0; 0; 1; 1; 2,13718403524584
13373; 2; 0; 0; 1; 1; 4,10047326130091
13378; 13; 0; 0; 1; 1; 2,91186043513126
13395; 23; 0; 0; 1; 1; 6,44810987191382
13400; 3; 1; 0; 1; 0; 5,87599736838333
13405; 2; 1; 0; 1; 0; 5,17893077408301
13422; 2; 1; 0; 1; 0; 4,08664254023688
13424; 10; 2; 0; 1; 0; 3,55305206523706
13426; 2; 1; 0; 1; 0; 2,89593887997325
13433; 21; 0; 0; 1; 1; 4,06762868658943
13441; 2; 1; 0; 1; 0; 1,16743571877047
13445; 13; 0; 0; 1; 1; 3,22384548175247
13469; 2; 0; 0; 1; 1; 11,2365687931658
13469; 10; 0; 0; 1; 1; 9,96642192369068
13490; 21; 0; 0; 1; 1; 2,29455977192224
13497; 20; 0; 0; 1; 1; 2,49237488052312
13503; 2; 0; 0; 1; 1; 3,55242531233783
13510; 13; 0; 0; 1; 1; 3,01644043173913
13515; 16; 9; 0; 0,0625; 0,0625; 2,57812081025117
13571; 10; 0; 0; 1; 1; 4,50174020975178
13597; 13; 0; 0; 1; 1; 4,51338367445346
13614; 2; 0; 0; 1; 1; 5,63815073428876
13633; 2; 0; 0; 1; 1; 5,30649480874236
13645; 2; 0; 0; 1; 1; 4,09067157178295
13653; 20; 0; 0; 1; 1; 2,71895441511613
13684; 18; 0; 0; 1; 1; 3,89820671317175
13689; 20; 0; 0; 1; 1; 4,23093815994018
13690; 16; 5; 0; 0,0625; 0,0625; 1,83187203021072
13720; 19; 0; 0; 1; 1; 8,22665572294318
13737; 10; 0; 0; 1; 1; 8,21862110127339
13745; 2; 1; 0; 1; 0; 5,28779707913684
13746; 19; 0; 0; 1; 1; 4,30943695246535
13746; 18; 0; 0; 1; 1; 6,40419674306787
13750; 20; 0; 0; 1; 1; 5,63929335105829
13766; 19; 0; 0; 1; 1; 6,41109942573188
13768; 2; 0; 0; 1; 1; 3,45883362678152
13777; 2; 0; 0; 1; 1; 4,81898615574098
13803; 3; 0; 0; 0,333333333333333; 0,333333333333333; 1,90330076299618
13846; 2; 0; 0; 1; 1; 11,2449667417235
13879; 2; 0; 0; 1; 1; 6,40954753104532
13880; 19; 0; 0; 1; 1; 6,41109942573188
13894; 19; 0; 0; 1; 1; 7,45731575496282
13905; 19; 0; 0; 1; 1; 1,91990091279873
13923; 2; 1; 0; 1; 0; 2,63607811849725
13927; 19; 0; 0; 1; 1; 6,96101638095192
13927; 19; 0; 0; 1; 1; 4,97154383664188
13943; 2; 0; 0; 1; 1; 4,26856436120004
13951; 19; 0; 0; 1; 1; 2,58566217147921
13985; 10; 0; 0; 1; 1; 18,0809750318137
14020; 10; 0; 0; 1; 1; 5,59203692216514
14022; 19; 0; 0; 1; 1; 4,97069948636901
14029; 10; 1; 0; 0,1; 0,1; 2,50096678319543
14032; 10; 0; 0; 1; 1; 6,39089933961731
14071; 2; 0; 0; 0,5; 0,5; 2,64041486115208
14072; 2; 0; 0; 1; 1; 2,98953602028274
14079; 18; 0; 0; 1; 1; 5,2932277813803
14080; 10; 0; 0; 1; 1; 6,00881828222515
14104; 10; 0; 0; 1; 1; 11,212224664152
14108; 2; 1; 0; 1; 0; 6,91595334454979
14112; 3; 0; 0; 1; 1; 4,82671212402917
14126; 19; 0; 0; 1; 1; 5,26398759173846
14128; 16; 0; 0; 1; 1; 5,28010173413678
14139; 18; 0; 0; 1; 1; 14,9089462553047
14143; 20; 11; 0; 0,05; 0,05; 3,22025752018585
14195; 10; 0; 0; 1; 1; 12,8760391761967
14201; 16; 0; 0; 1; 1; 7,51102285277648
14214; 3; 0; 0; 1; 1; 4,09498042947663
14218; 20; 0; 0; 1; 1; 4,50836052826018
14219; 19; 0; 0; 1; 1; 9,94139897273803
14225; 20; 0; 0; 1; 1; 4,29367669358113
14247; 16; 0; 0; 1; 1; 11,2202161850407
14247; 10; 0; 0; 1; 1; 6,93325186410594
14256; 10; 0; 0; 1; 1; 5,4066056145514
14291; 22; 0; 0; 1; 1; 6,72136596859687
14305; 2; 1; 0; 1; 0; 5,99899148556841
14311; 2; 1; 0; 1; 0; 8,43604737732783
14324; 2; 1; 0; 1; 0; 4,28130445138796
14326; 2; 1; 0; 1; 0; 4,08371507043035
14332; 2; 1; 0; 1; 0; 9,64123053160132
14333; 16; 0; 0; 1; 1; 5,00734856851765
14347; 16; 0; 0; 1; 1; 5,00734856851765
14350; 2; 1; 0; 1; 0; 2,63782590024947
14365; 19; 0; 0; 1; 1; 5,98369279734975
14370; 19; 0; 0; 1; 1; 6,90426092001895
14371; 11; 2; 0; 1; 0; 11,2263590296928
14383; 19; 0; 0; 1; 1; 6,93926244204384
14390; 23; 2; 0; 1; 0; 7,90859015828128
14431; 3; 0; 0; 1; 1; 5,19747516048957
14444; 19; 0; 0; 1; 1; 10,0548014391528
14445; 10; 0; 0; 1; 1; 11,2809050151125
14451; 10; 0; 0; 1; 1; 11,212224664152
14457; 19; 0; 0; 1; 1; 12,7817986792346
14463; 20; 0; 0; 1; 1; 12,817927956976
14468; 3; 0; 0; 1; 1; 7,94987879251862
14477; 2; 0; 0; 1; 1; 5,6182843965829
14491; 16; 0; 0; 1; 1; 7,47521568589446
14495; 10; 0; 0; 1; 1; 6,43801958809837
14508; 10; 0; 0; 1; 1; 6,93325186410594
14524; 19; 0; 0; 1; 1; 9,0493212952375
14535; 20; 0; 0; 1; 1; 5,98169971325549
14539; 19; 0; 0; 1; 1; 11,2763014683212
14545; 10; 0; 0; 1; 1; 8,20429455644543
14555; 2; 1; 0; 1; 0; 3,74552293105527
14562; 2; 1; 0; 1; 0; 6,8953731988616
14569; 2; 1; 0; 1; 0; 6,41539310129
14573; 2; 1; 0; 1; 0; 4,73917794445805
14576; 10; 1; 0; 1; 0; 6,93060142713273
14586; 2; 1; 0; 1; 0; 6,92649084190023
14618; 16; 0; 0; 1; 1; 8,15478074824851
14632; 19; 0; 0; 1; 1; 14,9146315099256
14634; 2; 1; 0; 1; 0; 7,92071765447989
14643; 20; 0; 0; 1; 1; 12,817927956976
14649; 10; 0; 0; 1; 1; 12,8924628744142
14650; 2; 0; 0; 1; 1; 12,8872016783743
14656; 10; 2; 0; 1; 0; 7,11999611168366
14664; 10; 0; 0; 1; 1; 11,212224664152
14665; 20; 0; 0; 1; 1; 10,0468236618968
14674; 10; 0; 0; 1; 1; 12,9149821655812
14677; 20; 0; 0; 1; 1; 7,96411888929917
14681; 10; 1; 0; 1; 0; 10,3626457186344
14682; 20; 0; 0; 1; 1; 12,8810300807434
14712; 2; 1; 0; 1; 0; 7,49217799043428
14719; 19; 0; 0; 1; 1; 5,6097119975154
14724; 16; 0; 0; 1; 1; 11,2128235288417
14724; 10; 0; 0; 1; 1; 15,0412066868166
14795; 2; 1; 0; 1; 0; 8,42020344544312
14803; 2; 1; 0; 1; 0; 6,00342184769387
14811; 16; 0; 0; 1; 1; 4,08073104837021
14827; 16; 0; 0; 1; 1; 15,0390380597985
14827; 2; 0; 0; 1; 1; 7,49873935696051
14833; 16; 0; 0; 1; 1; 9,96695424785928
14838; 3; 1; 0; 1; 0; 6,75739697364083
14852; 2; 0; 0; 1; 1; 9,0151256160748
14858; 3; 1; 0; 1; 0; 9,48104138546581
14867; 2; 1; 0; 1; 0; 7,50369841205858
14867; 2; 0; 0; 1; 1; 6,01008374404987
14872; 16; 0; 0; 1; 1; 8,97617294803252
14875; 10; 0; 0; 1; 1; 6,94209539391536
14893; 10; 0; 0; 1; 1; 11,212224664152
14917; 19; 0; 0; 1; 1; 4,09701536303459
14919; 2; 1; 0; 1; 0; 8,17205003139331
14919; 2; 1; 0; 1; 0; 8,99848722835262
14922; 2; 1; 0; 1; 0; 6,8953731988616
14931; 2; 0; 0; 1; 1; 3,58562142282547
14954; 2; 0; 0; 1; 1; 6,42354816402283
14958; 16; 0; 0; 1; 1; 6,40732773076668
14972; 16; 0; 0; 1; 1; 5,30789578581124
14972; 10; 0; 0; 1; 1; 9,96642192369068
14973; 16; 0; 0; 1; 1; 11,2128235288417
14978; 2; 1; 0; 1; 0; 7,07592198299206
14979; 16; 0; 0; 1; 1; 11,2665342791647
14980; 16; 0; 0; 1; 1; 8,97617294803252
14996; 2; 0; 0; 1; 1; 8,99848722835262
14998; 16; 0; 0; 1; 1; 12,823104211475
14998; 2; 0; 0; 1; 1; 6,92702520887754
15010; 10; 0; 0; 1; 1; 6,44623143720712
15018; 10; 0; 0; 1; 1; 8,21862110127339
15019; 2; 0; 0; 1; 1; 15,03506862477
15032; 10; 0; 0; 1; 1; 11,2665342791721
15037; 10; 2; 0; 1; 0; 10,6018459355619
15038; 20; 0; 0; 1; 1; 9,96949952209248
15041; 2; 0; 0; 1; 1; 5,62405451772039
15042; 19; 2; 0; 1; 0; 7,46542578753178
15050; 16; 0; 0; 1; 1; 11,2665342791647
15057; 20; 0; 0; 1; 1; 10,0185789516893
15060; 10; 0; 0; 1; 1; 10,6018459355619
15063; 2; 0; 0; 1; 1; 6,43223769395772
15067; 19; 1; 0; 1; 0; 6,00206495098989
15071; 2; 0; 0; 1; 1; 5,99808839240824
15078; 19; 0; 0; 1; 1; 6,93341061436622
15083; 16; 0; 0; 1; 1; 9,96695424785928
15086; 10; 0; 0; 1; 1; 7,46966077207858
15090; 19; 0; 0; 1; 1; 4,48776959801232
15111; 19; 0; 0; 1; 1; 14,9376937602351
15115; 16; 0; 0; 1; 1; 5,60641176442085
15127; 2; 1; 0; 1; 0; 3,89939480906444
15134; 20; 0; 0; 1; 1; 8,97254956988323
15142; 13; 0; 0; 1; 1; 12,9276018503106
15144; 2; 0; 0; 1; 1; 10,0168062400831
15148; 10; 0; 0; 1; 1; 12,8259952119719
15165; 10; 0; 0; 1; 1; 11,2809050151125
15166; 16; 0; 0; 1; 1; 8,203111668981
15174; 10; 2; 0; 1; 0; 5,3885757736899
15182; 21; 0; 0; 1; 1; 5,59298944406047
15185; 10; 0; 0; 1; 1; 11,2809050151125
15187; 16; 0; 0; 1; 1; 12,823104211475
15194; 2; 1; 0; 1; 0; 6,4208964532376
15213; 20; 0; 0; 1; 1; 5,97124903850153
15216; 10; 0; 0; 1; 1; 11,2809050151125
15217; 2; 0; 0; 1; 1; 7,49870877984696
15224; 2; 0; 0; 1; 1; 6,40614861489158
15254; 2; 0; 0; 1; 1; 12,8872016783743
15272; 19; 0; 0; 1; 1; 6,96101638095192
15281; 2; 0; 0; 1; 1; 8,18648433776437
15283; 11; 0; 0; 1; 1; 12,2876801504528
15284; 23; 0; 0; 1; 1; 12,31002793729
15286; 16; 0; 0; 1; 1; 15,022045705553
15287; 2; 0; 0; 1; 1; 3,73692002535342
15288; 20; 0; 0; 1; 1; 11,2709013206505
15295; 20; 0; 0; 1; 1; 11,2709013206505
15299; 23; 0; 0; 1; 1; 9,67216480787073
15302; 16; 0; 0; 1; 1; 12,8906040512559
15302; 2; 0; 0; 1; 1; 8,99848722835262
15311; 19; 0; 0; 1; 1; 9,97282132891626
15317; 2; 0; 0; 1; 1; 7,49761049051031
15325; 10; 1; 0; 1; 0; 5,85372256701075
15339; 10; 0; 0; 1; 1; 12,8259952119719
15385; 16; 0; 0; 1; 1; 12,8760391761882
15393; 10; 0; 0; 1; 1; 5,59255350061626
15394; 2; 0; 0; 1; 1; 4,28815846263848
15419; 20; 0; 0; 1; 1; 12,8810300807434
15424; 2; 0; 0; 0,5; 0,5; 4,99478532695619
15431; 10; 0; 0; 1; 1; 4,34562562394347
15432; 18; 0; 0; 1; 1; 6,93819478498159
15436; 2; 1; 0; 0,5; 0,5; 4,49530679426057
15456; 19; 0; 0; 1; 1; 9,97282132891626
15458; 16; 0; 0; 1; 1; 11,2128235288417
15458; 10; 0; 0; 1; 1; 10,0274711245444
15462; 16; 0; 0; 1; 1; 9,96695424785928
15466; 16; 0; 0; 1; 1; 11,2202161850407
15468; 2; 0; 0; 1; 1; 5,00285153974489
15472; 19; 0; 0; 1; 1; 5,59203692216514
15478; 2; 0; 0; 1; 1; 4,71719242257402
15485; 23; 0; 0; 1; 1; 10,4161774853992
15511; 10; 0; 0; 1; 1; 5,63326713958607
15512; 2; 1; 0; 1; 0; 4,50221904723515
15512; 18; 0; 0; 1; 1; 8,18158794871185
15514; 10; 0; 0; 1; 1; 6,44714386276599
15522; 2; 0; 0; 1; 1; 18,042082349724
15530; 16; 0; 0; 1; 1; 15,022045705553
15531; 19; 0; 0; 1; 1; 12,8221988514638
15541; 2; 0; 0; 1; 1; 7,49217799043428
15545; 19; 0; 0; 1; 1; 4,52466064761875
15546; 10; 0; 0; 1; 1; 10,0274711245444
15549; 16; 0; 0; 1; 1; 12,8760391761882
15562; 3; 2; 0; 1; 0; 9,48104138546581
15574; 2; 0; 0; 1; 1; 3,59629573916589
15587; 10; 0; 0; 1; 1; 6,88314276998924
15620; 20; 0; 0; 1; 1; 15,0278684275339
15622; 20; 0; 0; 1; 1; 6,1540918690039
15630; 3; 2; 0; 1; 0; 7,49571003714923
15641; 16; 0; 0; 1; 1; 15,022045705553
15650; 10; 0; 0; 1; 1; 6,72269469487072
15655; 2; 1; 0; 1; 0; 5,00246560803906
15659; 2; 1; 0; 1; 0; 6,00342184769387
15671; 16; 0; 0; 1; 1; 11,2128235288417
15686; 15; 0; 0; 1; 1; 10,0027291756175
15686; 10; 0; 0; 1; 1; 15,0220457055629
15699; 2; 0; 0; 1; 1; 5,01168954159
15707; 10; 0; 0; 1; 1; 9,02600140787238
15726; 19; 0; 0; 1; 1; 7,12704668343335
15735; 10; 0; 0; 1; 1; 10,40614816323
15736; 2; 1; 0; 0,5; 0,5; 4,48870526395854
15740; 16; 0; 0; 1; 1; 12,8760391761882
15748; 10; 0; 0; 1; 1; 9,04048321140073
15750; 2; 0; 0; 1; 1; 7,50369841205858
15754; 10; 0; 0; 1; 1; 11,2227458104754
15759; 19; 0; 0; 1; 1; 8,97553919602463
15772; 19; 0; 0; 1; 1; 6,44360083904071
15773; 19; 0; 0; 1; 1; 6,93341061436622
15775; 16; 0; 0; 1; 1; 11,2665342791647
15776; 19; 0; 0; 1; 1; 5,98369279734975
15798; 2; 0; 0; 1; 1; 12,8787508801069
15810; 2; 0; 0; 1; 1; 4,5025663857704
15815; 2; 0; 0; 1; 1; 5,6192120924467
15829; 16; 0; 0; 1; 1; 11,2128235288417
15830; 23; 0; 0; 1; 1; 16,9262884137738
15831; 19; 0; 0; 1; 1; 8,95851094503814
15834; 20; 0; 0; 1; 1; 18,0842825914142
15840; 10; 0; 0; 1; 1; 7,53373600950061
15858; 2; 0; 0; 0,5; 0,5; 4,73917794445805
15863; 18; 0; 0; 1; 1; 7,45447312765236
15865; 19; 0; 0; 1; 1; 12,8221988514638
15866; 16; 0; 0; 1; 1; 12,8760391761882
15875; 16; 0; 0; 1; 1; 5,0130126865995
15912; 19; 0; 0; 1; 1; 12,8221988514638
