MAC; alternativas; MasProb; Elección; MaxProb; ElecProb; velocidad
21; 2; 0; 0; 0,998984629900532; 0,998984629900532; 6,22840562082898
32; 10; 0; 0; 1; 1; 11,2809050151125
54; 20; 0; 0; 0,999636876509251; 0,999636876509251; 6,95421785492364
68; 3; 0; 0; 0,928218536342621; 0,928218536342621; 9,0493212952375
69; 16; 0; 0; 1; 1; 15,0674791931781
77; 16; 2; 0; 0,901902591364032; 0,0623510905613715; 5,0130126865995
113; 10; 0; 0; 1; 1; 15,0412066868166
128; 4; 0; 0; 0,993318785199211; 0,993318785199211; 6,42339064177388
128; 2; 0; 0; 0,999999148349909; 0,999999148349909; 7,5006905626522
158; 10; 0; 0; 0,999999923387821; 0,999999923387821; 11,1859788881209
164; 10; 0; 0; 0,999041500806352; 0,999041500806352; 7,03442434358047
176; 10; 0; 0; 0,999998982915639; 0,999998982915639; 9,61379297546006
191; 10; 0; 0; 0,997851141599172; 0,997851141599172; 8,9809596228165
213; 10; 0; 0; 0,734493757681994; 0,734493757681994; 8,45438481422827
231; 20; 0; 0; 0,997558752790602; 0,997558752790602; 6,02698880760049
235; 16; 0; 0; 1; 1; 9,04048751590685
238; 11; 0; 0; 1; 1; 8,94861373918418
244; 20; 0; 0; 0,999898049950956; 0,999898049950956; 8,21862110127339
244; 2; 1; 0; 0,619390559183928; 0,380609440816072; 6,3908993396173
257; 10; 2; 0; 0,582111610619588; 0,000656441951430312; 7,81170099823491
268; 2; 0; 0; 0,967050051744117; 0,967050051744117; 6,13383619093235
277; 10; 0; 0; 0,999996372664068; 0,999996372664068; 8,45926465494068
277; 10; 2; 0; 0,405483666626278; 0,280556831828367; 5,63625654281885
302; 16; 0; 0; 1; 1; 15,0674791931781
304; 10; 0; 0; 0,999283306037667; 0,999283306037667; 7,46891196207704
321; 10; 0; 0; 1; 1; 12,8924628744142
332; 3; 0; 0; 0,892037134619004; 0,892037134619004; 7,54110107936458
340; 2; 1; 0; 0,994690829286413; 0,00530917071358731; 9,01100935758575
362; 3; 0; 0; 1; 1; 11,2159778067974
363; 16; 0; 0; 1; 1; 11,2709013206505
372; 10; 0; 0; 0,999981032950911; 0,999981032950911; 9,93929750353649
379; 4; 0; 0; 0,999995186403208; 0,999995186403208; 11,2128235288417
379; 17; 0; 0; 1; 1; 11,2734819872138
408; 10; 0; 0; 1; 1; 11,2160918047034
416; 2; 0; 0; 1; 1; 15,0806026565927
428; 16; 2; 0; 0,586050961862518; 0,407422750856765; 5,63963927242444
454; 10; 0; 0; 0,999968296332542; 0,999968296332542; 7,47739453646893
468; 2; 1; 0; 0,51390947529949; 0,48609052470051; 9,34817498626184
477; 2; 0; 0; 0,999992666334786; 0,999992666334786; 6,42916333941617
482; 11; 0; 0; 1; 1; 14,9506891388576
498; 10; 0; 0; 0,995706002498361; 0,995706002498361; 6,3895483951306
509; 2; 0; 0; 1; 1; 5,61535991350536
510; 2; 0; 0; 1; 1; 8,04403239523692
528; 2; 0; 0; 1; 1; 7,52166783989366
541; 2; 0; 0; 1; 1; 7,5060469806515
543; 20; 0; 0; 0,999995930020018; 0,999995930020018; 10,0449813460008
546; 10; 0; 0; 0,998365548836597; 0,998365548836597; 6,88105211783295
565; 2; 0; 0; 1; 1; 11,3104519924445
570; 10; 0; 0; 1; 1; 12,5337732347303
591; 10; 0; 0; 0,999275644979731; 0,999275644979731; 4,81778765424683
615; 2; 0; 0; 1; 1; 11,2111301174922
620; 22; 0; 0; 0,999998970192163; 0,999998970192163; 9,67216480787073
630; 10; 0; 0; 1; 1; 11,2809050151125
666; 2; 0; 0; 1; 1; 9,58980085888943
673; 13; 2; 0; 0,742280434610617; 0,255840663851583; 9,62259345402243
679; 4; 0; 0; 0,999984492290202; 0,999984492290202; 9,96695424785928
692; 10; 0; 0; 0,999999173126706; 0,999999173126706; 9,61379297546006
718; 2; 1; 0; 0,566296259338795; 0,433703740661205; 10,2579270633446
734; 2; 0; 0; 1; 1; 6,93471201236523
743; 2; 0; 0; 1; 1; 7,50776356888779
766; 4; 0; 0; 0,995992983755341; 0,995992983755341; 6,91749761421802
794; 2; 0; 0; 0,986274400787841; 0,986274400787841; 9,0044380944703
814; 10; 0; 0; 0,993287188125753; 0,993287188125753; 4,80689648773003
817; 20; 0; 0; 0,999985504780009; 0,999985504780009; 9,04048321140073
826; 16; 0; 0; 0,999264947185839; 0,999264947185839; 15,0390380597985
827; 10; 0; 0; 0,999820629595582; 0,999820629595582; 12,3081837380078
830; 4; 0; 0; 0,999980925261357; 0,999980925261357; 9,96695424785928
830; 17; 0; 0; 1; 1; 11,2734819872138
875; 16; 0; 0; 0,99968218305378; 0,99968218305378; 12,2206653974489
881; 22; 0; 0; 0,999941640328049; 0,999941640328049; 7,96531219471707
886; 10; 0; 0; 1; 1; 11,2809050151125
914; 10; 0; 0; 0,492032894786204; 0,492032894786204; 6,14864350125692
919; 16; 0; 0; 0,999999995437613; 0,999999995437613; 9,66323286878944
923; 10; 0; 0; 0,989838678686282; 0,989838678686282; 5,96585540699783
928; 2; 0; 0; 1; 1; 12,7817986792346
935; 3; 1; 0; 0,733941891886171; 0,266058108113829; 7,88094739085039
960; 10; 0; 0; 0,994287913128499; 0,994287913128499; 14,9134760016434
969; 10; 0; 0; 1; 1; 11,2160918047034
987; 10; 0; 0; 0,983940729860009; 0,983940729860009; 5,59085484573927
991; 3; 0; 0; 0,912827578536109; 0,912827578536109; 9,0493212952375
1001; 2; 0; 0; 0,999999997499096; 0,999999997499096; 6,42408687986081
1007; 16; 0; 0; 1; 1; 11,2709013206505
1051; 10; 0; 0; 0,399560153185615; 0,399560153185615; 6,14864350125692
1070; 16; 0; 0; 0,993255884418719; 0,993255884418719; 12,8906040512559
1090; 2; 1; 0; 0,567771658951718; 0,432228341048282; 5,28779707913684
1092; 10; 0; 0; 0,999985055031779; 0,999985055031779; 8,41206885352755
1098; 4; 0; 0; 0,999628158370386; 0,999628158370386; 7,49395574873619
1098; 10; 0; 0; 0,999999992251086; 0,999999992251086; 9,02472401208997
1110; 17; 0; 0; 1; 1; 11,2734819872138
1111; 10; 0; 0; 0,529628631250566; 0,529628631250566; 6,76350785138261
1127; 2; 0; 0; 1; 1; 9,58980085888943
1155; 2; 1; 0; 0,52203264488386; 0,47796735511614; 5,34981165005412
1177; 2; 1; 0; 0,575056225704927; 0,424943774295074; 3,08526175016008
1187; 4; 0; 0; 0,999988890697882; 0,999988890697882; 9,96695424785928
1187; 2; 0; 0; 1; 1; 9,00082867518264
1208; 16; 0; 0; 1; 1; 11,2737716802543
1228; 2; 0; 0; 0,674781262470377; 0,674781262470377; 4,73917794445805
1236; 2; 1; 0; 0,723051827688078; 0,276948172311922; 4,08602501569665
1236; 10; 0; 0; 1; 1; 15,0412066868166
1250; 3; 0; 0; 0,988426576490013; 0,988426576490013; 11,294612871444
1256; 2; 0; 0; 1; 1; 5,39758403602726
1267; 3; 0; 0; 0,982145606617127; 0,982145606617127; 4,48639112271896
1271; 2; 0; 0; 1; 1; 11,2689070200935
1273; 3; 0; 0; 0,926471693469049; 0,926471693469049; 9,0493212952375
1308; 10; 2; 0; 0,395824481453833; 0,300458078704462; 5,63625654281885
1315; 16; 0; 0; 1; 1; 12,8810300807434
1329; 2; 0; 0; 0,999992666334786; 0,999992666334786; 6,42916333941617
1331; 10; 0; 0; 1; 1; 14,9089462553047
1342; 2; 1; 0; 0,99814940118194; 0,00185059881805992; 11,2532079024208
1364; 16; 2; 0; 0,582185313362597; 0,411384706680004; 5,63963927242444
1368; 3; 0; 0; 0,99969860381327; 0,99969860381327; 5,17954862293039
1370; 2; 0; 0; 1; 1; 9,58980085888943
1376; 2; 0; 0; 1; 1; 7,52247984645269
1380; 2; 1; 0; 0,595536545003806; 0,404463454996194; 8,01272141679586
1380; 10; 0; 0; 0,475170329284665; 0,475170329284665; 6,76350785138261
1471; 2; 0; 0; 1; 1; 7,52247984645269
1474; 3; 0; 0; 0,804782072105384; 0,804782072105384; 6,96101638095192
1477; 2; 0; 0; 0,999869025558159; 0,999869025558159; 6,01008374404987
1478; 3; 0; 0; 0,904576418106401; 0,904576418106401; 6,88990273673254
1484; 16; 0; 0; 1; 1; 10,0185789516893
1495; 20; 0; 0; 0,999648658712544; 0,999648658712544; 6,95421785492364
1522; 19; 0; 0; 0,882703546716071; 0,882703546716071; 8,44674621705104
1553; 18; 0; 0; 0,604480731586866; 0,604480731586866; 6,00465954412835
1576; 2; 0; 0; 1; 1; 9,58980085888943
1587; 10; 0; 0; 0,999964452150875; 0,999964452150875; 7,96552276383727
1588; 2; 0; 0; 1; 1; 6,76950105590429
1629; 4; 0; 0; 1; 1; 9,61500726852012
1675; 13; 2; 0; 0,739189911556046; 0,259101906960873; 9,62259345402243
1687; 2; 0; 0; 0,962828611476067; 0,962828611476067; 5,30301506827929
1689; 10; 0; 0; 0,831220567973321; 0,831220567973321; 8,45438481422827
1691; 22; 0; 0; 0,999984972894972; 0,999984972894972; 8,46314420688689
1692; 2; 0; 0; 0,904433887246601; 0,904433887246601; 4,51348790787161
1702; 10; 0; 0; 0,951542384893881; 0,951542384893881; 4,20603442676378
1703; 10; 0; 0; 0,669789019377291; 0,669789019377291; 5,40537416690915
1716; 22; 0; 0; 0,999941640328049; 0,999941640328049; 7,96531219471707
1726; 10; 0; 0; 0,95830342722975; 0,95830342722975; 4,20603442676378
1729; 2; 0; 0; 0,999993001333264; 0,999993001333264; 6,42916333941617
1753; 10; 0; 0; 0,665492635092648; 0,665492635092648; 5,62619421879405
1776; 2; 0; 0; 0,972371995348028; 0,972371995348028; 9,94139897273803
1808; 18; 0; 0; 0,678331246818699; 0,678331246818699; 8,57808506304049
1809; 2; 0; 0; 0,60357220467501; 0,60357220467501; 5,11350729021364
1809; 16; 0; 0; 1; 1; 13,5285260163052
1811; 22; 0; 0; 0,999999048405901; 0,999999048405901; 9,67216480787073
1813; 4; 0; 0; 0,998274318428427; 0,998274318428427; 7,47521568589446
1842; 2; 1; 0; 1; 0; 4,98711852319104
1875; 2; 1; 0; 0,577946245860535; 0,422053754139466; 8,62908460270324
1944; 2; 0; 0; 1; 1; 18,0842825914142
1948; 2; 0; 0; 0,999999450459429; 0,999999450459429; 6,12649446476891
1954; 2; 0; 0; 1; 1; 7,51260468006233
1956; 10; 0; 0; 0,520551945234853; 0,520551945234853; 6,76350785138261
1965; 3; 0; 0; 0,997816021759015; 0,997816021759015; 5,17660514159879
1975; 2; 0; 0; 1; 1; 9,0072563767818
1984; 2; 0; 0; 0,999999470720099; 0,999999470720099; 6,12649446476891
1996; 2; 0; 0; 1; 1; 8,027056352818
2008; 22; 0; 0; 0,999999964766963; 0,999999964766963; 11,2841922758492
2020; 2; 0; 0; 0,999986153834082; 0,999986153834082; 4,49686081590257
2030; 2; 1; 0; 0,584671353102708; 0,415328646897292; 5,11892970605986
2031; 10; 0; 0; 0,999548674264272; 0,999548674264272; 7,12704668343335
2032; 2; 1; 0; 0,602990924969103; 0,397009075030897; 4,499886415388
2032; 2; 0; 0; 1; 1; 7,5060469806515
2107; 10; 0; 0; 0,99820044580717; 0,99820044580717; 6,39198793606911
2126; 10; 0; 0; 1; 1; 15,0412066868166
2133; 10; 0; 0; 0,695835314685798; 0,695835314685798; 5,63059809053036
2175; 20; 0; 0; 0,997615155176251; 0,997615155176251; 6,02698880760049
2175; 2; 0; 0; 0,999982942731675; 0,999982942731675; 5,16373892401738
2177; 20; 0; 0; 0,997615155176251; 0,997615155176251; 6,02698880760049
2210; 10; 0; 0; 0,987039388712289; 0,987039388712289; 4,48643672188136
2246; 10; 0; 0; 0,748580446994587; 0,748580446994587; 6,88314276998924
2262; 10; 0; 0; 0,999235805606678; 0,999235805606678; 7,45447312765236
2278; 4; 0; 0; 0,999331177974057; 0,999331177974057; 7,47521568589446
2281; 2; 0; 0; 1; 1; 13,4257212024452
2283; 2; 1; 0; 0,725199849339604; 0,274800150660396; 7,48714655134048
2287; 10; 0; 0; 0,999701964092053; 0,999701964092053; 8,13215250289349
2299; 4; 0; 0; 0,999998946247455; 0,999998946247455; 11,2128235288417
2316; 10; 0; 0; 0,999998408134484; 0,999998408134484; 11,1817096914785
2378; 2; 0; 0; 1; 1; 12,8787508801069
2398; 2; 0; 0; 1; 1; 5,62107601987821
2413; 10; 0; 0; 0,999999846120557; 0,999999846120557; 8,67722762404409
2417; 10; 0; 0; 1; 1; 11,2803959112573
2423; 10; 0; 0; 0,950319149851288; 0,950319149851288; 5,96539040065734
2426; 16; 0; 0; 1; 1; 16,9106575203815
2440; 3; 0; 0; 0,723422899668845; 0,723422899668845; 6,96101638095192
2442; 2; 0; 0; 1; 1; 15,0702354928452
2446; 2; 0; 0; 0,999885809950212; 0,999885809950212; 5,62551792198915
2453; 18; 11; 0; 0,225725599286301; 0,181342856327492; 5,01036763414776
2455; 2; 0; 0; 0,986922498363027; 0,986922498363027; 12,2631159637947
2456; 10; 0; 0; 0,647357676871184; 0,647357676871184; 4,01967105347455
2499; 16; 0; 0; 0,964906399384403; 0,964906399384403; 12,8906040512559
2507; 10; 0; 0; 0,999997505300636; 0,999997505300636; 9,61379297546006
2511; 2; 0; 0; 0,999985339120019; 0,999985339120019; 11,1859736324442
2514; 4; 0; 0; 1; 1; 12,8146554615334
2514; 10; 0; 0; 0,999999999508818; 0,999999999508818; 12,8924628744142
2518; 2; 1; 0; 0,980585490984512; 0,0194145090154877; 3,60605024642992
2525; 2; 0; 0; 1; 1; 9,58980085888943
2531; 22; 0; 0; 0,999992533280163; 0,999992533280163; 9,02735382067934
2532; 10; 0; 0; 0,999991510003529; 0,999991510003529; 11,1817096914785
2532; 2; 0; 0; 1; 1; 5,63445351004675
2536; 10; 0; 0; 0,999997810596872; 0,999997810596872; 9,61379297546006
2540; 18; 0; 0; 0,999072303244258; 0,999072303244258; 8,96587544029502
2542; 2; 0; 0; 0,594473152391007; 0,594473152391007; 7,48067778478656
2553; 2; 0; 0; 0,999948806971099; 0,999948806971099; 7,0523248560494
2571; 3; 0; 0; 0,857423955527593; 0,857423955527593; 9,0493212952375
2587; 10; 0; 0; 0,995904052091461; 0,995904052091461; 6,3895483951306
2609; 2; 1; 0; 0,848444993421138; 0,151555006578862; 5,63082267666584
2616; 22; 0; 0; 0,999949899448507; 0,999949899448507; 7,96531219471707
2626; 2; 1; 0; 0,854042413076597; 0,145957586923403; 5,86351584793507
2627; 19; 2; 0; 0,490199861894711; 0,458085588767012; 6,43561616537222
2636; 16; 0; 0; 1; 1; 11,2737716802543
2657; 10; 0; 0; 0,973528294057717; 0,973528294057717; 6,88314276998924
2671; 2; 0; 0; 1; 1; 9,34260843124346
2691; 10; 0; 0; 0,999999986365852; 0,999999986365852; 8,19938714636043
2695; 10; 0; 0; 0,999524315464684; 0,999524315464684; 7,45447312765236
2701; 20; 0; 0; 0,998417512723044; 0,998417512723044; 4,75814905863196
2702; 2; 0; 0; 1; 1; 10,1919364704474
2708; 2; 0; 0; 0,511785129122112; 0,511785129122112; 5,60538003803013
2715; 2; 0; 0; 1; 1; 8,42392988905725
2723; 16; 0; 0; 1; 1; 8,21862501446077
2748; 10; 4; 0; 0,105543149428719; 0,0501116551415314; 16,1148513017962
2762; 3; 0; 0; 1; 1; 5,60798890339869
2775; 3; 0; 0; 0,96045313080769; 0,96045313080769; 4,488942139873
2776; 11; 0; 0; 1; 1; 11,1857671739802
2807; 11; 0; 0; 1; 1; 14,9143562319736
2810; 16; 2; 0; 0,41103247077503; 0; 5,87319717987008
2822; 4; 0; 0; 1; 1; 12,8146554615334
2822; 17; 0; 0; 1; 1; 11,2734819872138
2832; 10; 0; 0; 0,978662649050755; 0,978662649050755; 4,20603442676378
2838; 11; 0; 0; 1; 1; 11,1857671739802
2853; 3; 0; 0; 1; 1; 4,48639112271896
2856; 2; 0; 0; 1; 1; 11,283719769679
2858; 17; 0; 0; 0,999999995697371; 0,999999995697371; 7,51565465814252
2872; 2; 0; 0; 0,813128343676234; 0,813128343676234; 6,43174149605022
2874; 2; 1; 0; 0,880808176292547; 0,119191823707453; 6,8954258131259
2875; 16; 14; 0; 0,0713316208146384; 0,0224230629525062; 10,0185789516893
2878; 2; 0; 0; 0,999980866030097; 0,999980866030097; 7,5006905626522
2883; 16; 4; 0; 0,0650747812183973; 0,0238782817240402; 11,2709013206505
2911; 10; 2; 0; 0,448187514820751; 0,435292759594046; 5,63625654281885
2921; 14; 2; 0; 0,223506165894509; 0,200025332074367; 5,29270157451767
2936; 20; 0; 0; 0,999999995214579; 0,999999995214579; 9,04048321140073
2952; 10; 0; 0; 0,999987948730921; 0,999987948730921; 8,41206885352755
2957; 2; 0; 0; 0,999989237271445; 0,999989237271445; 5,6159532593715
2963; 3; 0; 0; 0,822723456434602; 0,822723456434602; 6,16069792987856
2973; 2; 1; 0; 1; 0; 4,28434885172017
2992; 2; 0; 0; 0,999999999216728; 0,999999999216728; 8,39107575152825
3011; 2; 0; 0; 1; 1; 9,58980085888943
3011; 10; 0; 0; 0,66472217215087; 0,66472217215087; 7,51500872375846
3018; 2; 1; 0; 0,71278716175396; 0,28721283824604; 7,48370731148038
3060; 2; 0; 0; 1; 1; 11,2689070200935
3063; 10; 0; 0; 0,999943726705378; 0,999943726705378; 7,03442434358047
3082; 3; 0; 0; 0,587074615030348; 0,587074615030348; 5,32313017366912
3095; 16; 0; 0; 0,986878473190362; 0,986878473190362; 6,44051504037169
3103; 3; 0; 0; 1; 1; 13,466826419619
3121; 2; 0; 0; 1; 1; 10,3976366888163
3129; 16; 0; 0; 0,95249289393316; 0,95249289393316; 12,8906040512559
3152; 3; 0; 0; 0,895087432499152; 0,895087432499152; 9,0493212952375
3158; 2; 0; 0; 1; 1; 15,0702354928452
3160; 2; 1; 0; 1; 0; 5,38608800504633
3212; 22; 0; 0; 1; 1; 13,541030731019
3214; 3; 0; 0; 0,999988639544513; 0,999988639544513; 9,61916172829929
3220; 11; 0; 0; 0,999999974613283; 0,999999974613283; 12,2230812634013
3225; 10; 0; 0; 0,999997958346534; 0,999997958346534; 9,61379297546006
3226; 2; 1; 0; 0,812402866981377; 0,187597133018623; 5,19016908463506
3229; 13; 0; 0; 0,742219114202632; 0,742219114202632; 11,2263590296928
3229; 2; 0; 0; 1; 1; 12,8787508801069
3247; 2; 0; 0; 1; 1; 7,50704541497009
3270; 2; 0; 0; 0,999999990273397; 0,999999990273397; 9,04836159395561
3284; 3; 0; 0; 1; 1; 4,48639112271896
3304; 2; 0; 0; 1; 1; 6,42408687986081
3315; 2; 0; 0; 0,999962986658929; 0,999962986658929; 6,42916333941617
3316; 10; 0; 0; 0,991890846114037; 0,991890846114037; 5,96357850212189
3321; 16; 2; 0; 0,808129159122985; 0,182542206261419; 5,0130126865995
3324; 2; 0; 0; 1; 1; 6,42408687986081
3327; 19; 0; 0; 0,607441736869746; 0,607441736869746; 6,75739697364083
3329; 11; 3; 0; 0,664650911805606; 0; 1,54286443779038
3332; 19; 0; 0; 0,953976301456934; 0,953976301456934; 10,3959953440628
3336; 3; 0; 0; 1; 1; 4,48639112271896
3355; 2; 0; 0; 0,999999960590333; 0,999999960590333; 7,54030132829634
3369; 10; 0; 0; 0,971488692376221; 0,971488692376221; 6,88314276998924
3395; 22; 0; 0; 0,999992496374108; 0,999992496374108; 9,02735382067934
3402; 2; 1; 0; 1; 0; 5,17893077408301
3420; 2; 0; 0; 0,705374606130343; 0,705374606130343; 7,92071765447989
3432; 4; 0; 0; 0,999993269000549; 0,999993269000549; 8,99274689848343
3475; 2; 0; 0; 0,999859926664678; 0,999859926664678; 5,30301506827929
3484; 10; 2; 0; 0,324796145971039; 0; 2,48557933360723
3486; 3; 0; 0; 0,96045313080769; 0,96045313080769; 4,488942139873
3486; 2; 0; 0; 1; 1; 6,43375455484415
3515; 10; 0; 0; 0,996994455855984; 0,996994455855984; 5,60168397155778
3527; 2; 0; 0; 0,999996491846595; 0,999996491846595; 9,00082867518264
3539; 3; 0; 0; 0,735824929796832; 0,735824929796832; 7,54110107936458
3550; 2; 0; 0; 0,999996696046783; 0,999996696046783; 9,00082867518264
3559; 10; 0; 0; 0,980120766714357; 0,980120766714357; 4,20603442676378
3562; 2; 0; 0; 0,999980635056144; 0,999980635056144; 7,5006905626522
3567; 16; 0; 0; 0,956697732167883; 0,956697732167883; 12,8906040512559
3570; 16; 14; 0; 0,0643124625154379; 0,0353130622684315; 15,0278684275339
3585; 10; 0; 0; 0,999626244158399; 0,999626244158399; 5,18838670457351
3586; 2; 0; 0; 0,571976570778982; 0,571976570778982; 7,08695790137674
3593; 2; 0; 0; 0,70590566550516; 0,70590566550516; 5,62320786788273
3594; 3; 0; 0; 0,821520561419508; 0,821520561419508; 8,22665572294318
3600; 3; 0; 0; 0,881242679035356; 0,881242679035356; 9,0493212952375
3604; 2; 0; 0; 0,717638970284614; 0,717638970284614; 5,62777380904394
3611; 3; 2; 0; 1; 0; 13,5535354457328
3676; 10; 0; 0; 0,999991305529168; 0,999991305529168; 11,1817096914785
3695; 10; 0; 0; 0,999988577110898; 0,999988577110898; 12,78297942998
3697; 10; 0; 0; 0,999999955466602; 0,999999955466602; 11,215686962354
3701; 3; 0; 0; 0,833093940226879; 0,833093940226879; 6,39776682696593
3752; 3; 0; 0; 1; 1; 8,41198335509804
3764; 18; 0; 0; 0,999926340687841; 0,999926340687841; 6,40963958641736
3795; 2; 0; 0; 1; 1; 8,99372163180514
3798; 11; 0; 0; 1; 1; 6,39186695656013
3805; 3; 0; 0; 0,999947835761605; 0,999947835761605; 8,41676651226188
3806; 3; 0; 0; 1; 1; 4,48639112271896
3809; 4; 0; 0; 0,999164483322895; 0,999164483322895; 7,49395574873619
3817; 10; 0; 0; 0,996216884819461; 0,996216884819461; 5,63950976996046
3817; 2; 0; 0; 1; 1; 6,93471201236523
3822; 16; 2; 0; 0,458394050649731; 0; 6,140160688046
3824; 2; 0; 0; 0,815441794630079; 0,815441794630079; 6,43174149605022
3824; 2; 0; 0; 1; 1; 6,43937544005343
3843; 16; 0; 0; 0,925028092278167; 0,925028092278167; 11,2792785448489
3846; 2; 0; 0; 0,999967857014853; 0,999967857014853; 7,52166783989366
3942; 2; 0; 0; 0,999997004494356; 0,999997004494356; 9,00082867518264
3958; 2; 1; 0; 1; 0; 5,38608800504633
3962; 10; 0; 0; 1; 1; 11,1859788881209
3964; 2; 0; 0; 1; 1; 11,1881010020377
3984; 20; 0; 0; 0,999999997783602; 0,999999997783602; 10,0449813460008
3997; 10; 0; 0; 0,996611474193235; 0,996611474193235; 4,80689648773003
4029; 11; 0; 0; 1; 1; 11,2130168541432
4030; 2; 0; 0; 1; 1; 5,62107601987821
4039; 2; 0; 0; 1; 1; 6,93471201236523
4055; 16; 1; 0; 0,0647646566493177; 0,0285301502602353; 12,8810300807434
4069; 22; 1; 0; 0,0467116707549944; 0,0190549141451184; 15,0455897011322
4083; 10; 0; 0; 0,999999390932822; 0,999999390932822; 7,96552276383727
4108; 2; 1; 0; 0,538677753480184; 0,461322246519816; 5,97907204056548
4125; 3; 0; 0; 0,999997970174446; 0,999997970174446; 11,2223553496825
4125; 16; 0; 0; 1; 1; 13,5285260163052
4129; 10; 0; 0; 0,999999592144769; 0,999999592144769; 7,96552276383727
4144; 2; 0; 0; 1; 1; 9,58980085888943
4153; 2; 1; 0; 0,528666335087783; 0,471333664912217; 6,59871175500836
4193; 4; 0; 0; 1; 1; 12,8146554615334
4193; 2; 0; 0; 1; 1; 11,3104519924445
4195; 10; 0; 0; 0,986497271481178; 0,986497271481178; 8,9809596228165
4207; 16; 2; 0; 0,413218166769756; 0; 5,87319717987008
4223; 18; 0; 0; 0,805944077002406; 0,805944077002406; 5,62936832262032
4225; 10; 0; 0; 0,786760550561463; 0,786760550561463; 7,51500872375846
4242; 2; 0; 0; 1; 1; 6,75634087347308
4245; 13; 0; 0; 0,54604662666536; 0,54604662666536; 7,924488726842
4258; 13; 0; 0; 0,524560169949032; 0,524560169949032; 6,41506230268162
4273; 22; 0; 0; 0,99947227558558; 0,99947227558558; 6,77051536550951
4278; 20; 0; 0; 0,99999999976288; 0,99999999976288; 11,3006040142509
4293; 3; 1; 0; 0,538824171859674; 0,461175828140326; 13,8420684987848
4294; 2; 0; 0; 0,827459707791899; 0,827459707791899; 6,43174149605022
4317; 3; 2; 0; 1; 0; 9,68109674695202
4331; 10; 0; 0; 0,999999857501994; 0,999999857501994; 8,4633679365771
4335; 4; 0; 0; 0,999998994392075; 0,999998994392075; 11,2128235288417
4339; 3; 0; 0; 0,992484722316019; 0,992484722316019; 5,2882189882749
4354; 2; 0; 0; 0,999943443793494; 0,999943443793494; 7,0523248560494
4372; 2; 0; 0; 1; 1; 11,1881010020377
4372; 10; 0; 0; 0,801640343746661; 0,801640343746661; 7,51500872375846
4379; 2; 0; 0; 0,999815430973108; 0,999815430973108; 4,47524040081507
4392; 2; 1; 0; 0,521662925024111; 0,478337074975889; 5,6182843965829
4436; 2; 0; 0; 0,90236263495748; 0,90236263495748; 7,02315061497677
4479; 10; 2; 0; 0,627575946739138; 0,0234463116951631; 7,18676491837611
4486; 20; 0; 0; 0,999999968549661; 0,999999968549661; 8,21862110127339
4497; 2; 0; 0; 1; 1; 6,93471201236523
4503; 16; 1; 0; 0,0647578456301107; 0,028632315548339; 12,9149821655812
4503; 11; 0; 0; 0,999999999763872; 0,999999999763872; 4,97145207732455
4512; 20; 0; 0; 0,999999994569959; 0,999999994569959; 9,04048321140073
4517; 3; 0; 0; 1; 1; 4,80684763148459
4523; 4; 0; 0; 0,997293820253477; 0,997293820253477; 6,91749761421802
4523; 2; 0; 0; 1; 1; 9,00082867518264
4528; 2; 0; 0; 1; 1; 7,5060469806515
4534; 18; 0; 0; 0,400659092568982; 0,400659092568982; 6,14908755099953
4565; 10; 0; 0; 0,925674314868514; 0,925674314868514; 5,59255350061626
4580; 2; 0; 0; 0,999999766308074; 0,999999766308074; 7,5006905626522
4592; 16; 0; 0; 1; 1; 13,5285260163052
4598; 2; 0; 0; 1; 1; 12,2217494401924
4614; 18; 0; 0; 0,999993509312115; 0,999993509312115; 6,40963958641736
4622; 10; 0; 0; 0,999998248330587; 0,999998248330587; 8,41206885352755
4628; 10; 0; 0; 0,998208586581084; 0,998208586581084; 5,17665775601695
4634; 4; 0; 0; 0,999728872721542; 0,999728872721542; 7,49395574873619
4645; 4; 0; 0; 0,999999874535813; 0,999999874535813; 9,96695424785928
4645; 2; 0; 0; 1; 1; 9,04836159395561
4670; 2; 0; 0; 1; 1; 9,58980085888943
4686; 4; 0; 0; 1; 1; 6,73050508796409
4704; 10; 0; 0; 1; 1; 14,9089462553047
4706; 2; 0; 0; 1; 1; 12,8787508801069
4710; 3; 0; 0; 1; 1; 5,60938274195259
4734; 2; 0; 0; 1; 1; 9,00082867518264
4747; 10; 0; 0; 0,999999709908069; 0,999999709908069; 7,52060334340831
4755; 10; 0; 0; 0,999698351043691; 0,999698351043691; 4,80689648773003
4765; 2; 0; 0; 0,999999842495245; 0,999999842495245; 7,5006905626522
4771; 3; 0; 0; 0,999995877956612; 0,999995877956612; 8,41676651226188
4783; 2; 0; 0; 1; 1; 11,2689070200935
4784; 2; 0; 0; 1; 1; 7,49476802650428
4812; 16; 0; 0; 1; 1; 12,8906040512559
4845; 2; 1; 0; 0,918038518644628; 0,0819614813553721; 6,24144692506314
4877; 10; 3; 0; 0,670469279694629; 0,105620747588281; 5,18132285931721
4919; 2; 0; 0; 1; 1; 11,2421520397564
4924; 2; 1; 0; 0,835204892810407; 0,164795107189593; 4,99746712447213
4927; 2; 0; 0; 0,886073240840897; 0,886073240840897; 4,02989991774251
4932; 2; 0; 0; 0,84064573848926; 0,84064573848926; 3,09974311535608
4932; 2; 0; 0; 1; 1; 7,5060469806515
4933; 2; 0; 0; 0,999999999406228; 0,999999999406228; 7,45873400135844
4954; 17; 0; 0; 0,99999997435364; 0,99999997435364; 6,1491719930257
4965; 2; 1; 0; 0,613830434574167; 0,386169565425833; 4,97069948636901
4968; 13; 0; 0; 1; 1; 13,4731192257973
4970; 10; 0; 0; 0,999997543982106; 0,999997543982106; 7,47739453646893
4972; 3; 0; 0; 0,999993841078505; 0,999993841078505; 8,41676651226188
4972; 2; 0; 0; 1; 1; 5,62953523548863
5003; 4; 0; 0; 1; 1; 12,8146554615334
5067; 3; 0; 0; 0,999997647333768; 0,999997647333768; 9,61916172829929
5067; 16; 0; 0; 0,999997821158434; 0,999997821158434; 6,14933000741146
5073; 2; 1; 0; 0,923394968504197; 0,0766050314958027; 6,60859086183156
5077; 18; 2; 0; 0,428023350369088; 0,408499437688701; 6,92845332014809
5090; 10; 0; 0; 0,999491173353323; 0,999491173353323; 4,80689648773003
5134; 3; 0; 0; 0,554961937701733; 0,554961937701733; 6,12547878421139
5144; 10; 0; 0; 0,999885182381791; 0,999885182381791; 6,44623143720712
5153; 10; 0; 0; 0,999424541700822; 0,999424541700822; 5,20570132611734
5188; 2; 0; 0; 0,999999825440942; 0,999999825440942; 7,54030132829634
5200; 2; 0; 0; 0,999940696745148; 0,999940696745148; 3,72936700067922
5203; 2; 0; 0; 1; 1; 6,42408687986081
5211; 2; 1; 0; 0,530779977593341; 0,469220022406659; 4,73118686028034
5223; 16; 0; 0; 0,848054868560842; 0,848054868560842; 5,0130126865995
5227; 20; 0; 0; 0,999988741477017; 0,999988741477017; 8,21862110127339
5238; 2; 1; 0; 0,516141064758009; 0,483858935241991; 4,07664002765828
5263; 2; 0; 0; 1; 1; 5,30301506827929
5291; 11; 0; 0; 1; 1; 11,1857671739802
5298; 2; 0; 0; 1; 1; 15,0806026565927
5306; 3; 2; 0; 0,583880458471084; 0,046315872518139; 8,74138065177216
5311; 3; 2; 0; 0,979917660957616; 0,0200819210349207; 7,47795198790619
5321; 2; 1; 0; 0,530779977593341; 0,469220022406659; 4,73118686028034
5324; 2; 1; 0; 0,519037774949324; 0,480962225050676; 3,74880524525515
5338; 2; 0; 0; 0,999976362459186; 0,999976362459186; 5,6159532593715
5343; 10; 0; 0; 0,999380387471892; 0,999380387471892; 15,0830293336287
5355; 2; 1; 0; 0,553284543393961; 0,446715456606039; 3,59885303544495
5355; 11; 0; 0; 1; 1; 7,45717811598682
5357; 11; 0; 0; 1; 1; 14,9143562319736
5359; 2; 0; 0; 0,720630540579941; 0,720630540579941; 7,47853998900947
5375; 2; 1; 0; 0,954989378250247; 0,0450106217497534; 7,50776356888779
5396; 10; 0; 0; 0,999999999716522; 0,999999999716522; 11,215686962354
5402; 10; 3; 0; 0,636647456101129; 0,000350544991478956; 5,20730850454176
5419; 3; 0; 0; 1; 1; 4,80804235024508
5435; 10; 0; 0; 0,999654027585919; 0,999654027585919; 4,80689648773003
5445; 2; 0; 0; 1; 1; 9,04836159395561
5456; 2; 1; 0; 0,538994215324511; 0,461005784675489; 5,28779707913684
5464; 2; 0; 0; 0,999619478115128; 0,999619478115128; 2,81476761774431
5481; 3; 0; 0; 0,991074857519086; 0,991074857519086; 4,28093918098444
5491; 4; 0; 0; 0,999980681383777; 0,999980681383777; 7,47521568589446
5518; 2; 0; 0; 1; 1; 6,59478242205421
5524; 10; 0; 0; 0,999799884198185; 0,999799884198185; 5,63950976996046
5526; 10; 0; 0; 0,99999726978567; 0,99999726978567; 6,13172974176869
5548; 3; 0; 0; 0,881526427656154; 0,881526427656154; 6,46380092516964
5564; 10; 0; 0; 0,979355296520375; 0,979355296520375; 11,1851070012325
5571; 10; 0; 0; 0,703587320884018; 0,703587320884018; 4,47404280049301
5575; 10; 0; 0; 0,999186387542861; 0,999186387542861; 5,27797033522543
5636; 2; 0; 0; 0,99999364918179; 0,99999364918179; 14,9146315099256
5662; 10; 0; 0; 0,999999897965061; 0,999999897965061; 8,94878311049675
5702; 16; 0; 0; 0,999999581287098; 0,999999581287098; 6,76426300815261
5716; 2; 1; 0; 0,803532183087194; 0,196467816912806; 4,66100955015905
5753; 2; 0; 0; 1; 1; 4,49686081590257
5759; 2; 0; 0; 0,999997753442627; 0,999997753442627; 5,62551792198915
5783; 10; 0; 0; 0,760755533636083; 0,760755533636083; 5,61309976426031
5795; 11; 0; 0; 1; 1; 11,1857671739802
5800; 3; 1; 0; 0,847898296048076; 0,140256421685518; 3,33830881432448
5804; 2; 0; 0; 1; 1; 5,00840312004155
5833; 2; 1; 0; 0,522618284184625; 0,477381715815375; 3,29935587750418
5853; 18; 0; 0; 0,911274712519025; 0,911274712519025; 6,8968272617654
5859; 2; 1; 0; 0,530779977593341; 0,469220022406659; 4,73118686028034
5889; 10; 0; 0; 0,989602650066543; 0,989602650066543; 4,22963232747034
5889; 2; 1; 0; 0,727960654498274; 0,272039345501726; 3,46735600618261
5892; 2; 0; 0; 0,948775142438602; 0,948775142438602; 2,49597922638733
5930; 10; 0; 0; 0,745845172343479; 0,745845172343479; 6,12338156101125
5932; 10; 0; 0; 0,999997207846347; 0,999997207846347; 8,19938714636043
5947; 10; 0; 0; 0,964969038053492; 0,964969038053492; 4,21553611102629
5951; 16; 0; 0; 1; 1; 13,5285260163052
5980; 14; 1; 0; 0,570720236232332; 0,0159443925688655; 6,66488346420743
5993; 3; 0; 0; 0,999132754342965; 0,999132754342965; 4,488942139873
5996; 2; 0; 0; 1; 1; 15,0806026565927
6004; 2; 0; 0; 1; 1; 8,99372163180514
6026; 10; 1; 0; 0,233133642482139; 0,0139987888850572; 3,83110528786589
6031; 2; 1; 0; 0,706266360794314; 0,293733639205686; 3,21326163879013
6032; 2; 0; 0; 1; 1; 7,49476802650428
6042; 3; 2; 0; 0,566976556154427; 0,0465396851698674; 9,83405323324368
6055; 2; 0; 0; 1; 1; 9,00082867518264
6062; 3; 0; 0; 0,916304819192913; 0,916304819192913; 9,0493212952375
6066; 10; 0; 0; 0,895365872966096; 0,895365872966096; 6,42652823275422
6076; 2; 1; 0; 0,558011052901445; 0,441988947098555; 5,63055305656878
6083; 10; 0; 0; 0,999966818835833; 0,999966818835833; 6,76741172395255
6108; 10; 3; 0; 0,676128879261553; 0,132973953075737; 6,76950105590429
6112; 16; 0; 0; 1; 1; 11,3006093948836
6119; 13; 2; 0; 0,501025549833901; 0,425941870232482; 4,81129672701122
6125; 10; 0; 0; 0,999252613964937; 0,999252613964937; 5,27797033522543
6139; 3; 0; 0; 0,973571922095032; 0,973571922095032; 7,52974191429601
6153; 11; 0; 0; 0,9999990918236; 0,9999990918236; 4,47430686959209
6163; 14; 0; 0; 0,206374059313165; 0,206374059313165; 3,46061256795386
6206; 4; 0; 0; 0,99999976842722; 0,99999976842722; 9,96695424785928
6206; 16; 0; 0; 1; 1; 11,2737716802543
6209; 10; 1; 0; 0,449788020659505; 0; 2,29438092332975
6224; 10; 0; 0; 0,999861045334033; 0,999861045334033; 7,45447312765236
6229; 18; 0; 0; 0,999966247230826; 0,999966247230826; 5,60843463811519
6231; 20; 0; 0; 0,999043566214798; 0,999043566214798; 5,02249067300041
6236; 4; 0; 0; 0,999997940199669; 0,999997940199669; 8,97025882307336
6236; 2; 0; 0; 1; 1; 9,04836159395561
6268; 3; 0; 0; 0,999862947403638; 0,999862947403638; 5,17954862293039
6281; 3; 0; 0; 0,922474659691841; 0,922474659691841; 5,97124903850153
6283; 17; 0; 0; 0,999999835668673; 0,999999835668673; 5,63674099360689
6292; 2; 0; 0; 0,99999978518957; 0,99999978518957; 5,59405050101883
6297; 3; 0; 0; 0,999983062260952; 0,999983062260952; 7,48157023312167
6301; 3; 0; 0; 0,999993841078505; 0,999993841078505; 8,41676651226188
6301; 3; 2; 0; 0,627820779892234; 0,37215437927569; 4,21126666414533
6321; 2; 0; 0; 0,99999998802547; 0,99999998802547; 5,00403132043434
6323; 3; 0; 0; 0,863821879067417; 0,863821879067417; 5,65582580952344
6334; 2; 0; 0; 1; 1; 5,33863338928198
6341; 2; 1; 0; 0,538368839110206; 0,461631160889794; 4,99403057474035
6341; 10; 0; 0; 0,999999999381674; 0,999999999381674; 11,2809050151125
6343; 10; 0; 0; 0,999999998096431; 0,999999998096431; 10,0274711245444
6346; 10; 0; 0; 0,999997895174322; 0,999997895174322; 7,00210496444723
6379; 16; 7; 0; 0,200956152034613; 0; 3,8595295753432
6453; 10; 0; 0; 0,999988692863272; 0,999988692863272; 6,2528216387382
6463; 2; 1; 0; 0,630751353923276; 0,369248646076724; 6,73557122092983
6464; 3; 0; 0; 0,999997659677923; 0,999997659677923; 9,61916172829929
6495; 10; 0; 0; 0,993063101812848; 0,993063101812848; 4,51379623284112
6503; 10; 1; 0; 0,320906988539576; 0,289639847380045; 4,50154871324242
6504; 10; 0; 0; 0,999979664444538; 0,999979664444538; 6,93794296999729
6507; 22; 0; 0; 0,999999832654924; 0,999999832654924; 9,67216480787073
6511; 10; 0; 0; 0,627261658546767; 0,627261658546767; 4,09498042947663
6511; 11; 0; 0; 1; 1; 11,1857671739802
6515; 13; 2; 0; 0,494454095815014; 0,43763850650665; 4,9894929020857
6523; 10; 0; 0; 0,999574922058942; 0,999574922058942; 5,20570132611734
6526; 2; 1; 0; 0,517069169867694; 0,482930830132306; 4,28059763549173
6526; 2; 0; 0; 1; 1; 11,3104519924445
6543; 2; 1; 0; 0,61399978909348; 0,38600021090652; 5,18998465002621
6549; 2; 0; 0; 0,998420326481107; 0,998420326481107; 2,99641834484421
6569; 2; 0; 0; 1; 1; 7,49476802650428
6615; 2; 0; 0; 0,999999885268407; 0,999999885268407; 7,5006905626522
6675; 2; 0; 0; 0,598351788106089; 0,598351788106089; 3,74552293105527
6678; 14; 10; 0; 0,487312855340598; 0,0845084170005201; 4,68474092743879
6682; 11; 0; 0; 1; 1; 7,45717811598682
6704; 14; 12; 0; 0,225085657518755; 0,194483383512647; 4,08981485303638
6718; 2; 0; 0; 0,533491880224657; 0,533491880224657; 4,6794665945878
6718; 13; 0; 0; 1; 1; 13,4731192257973
6730; 3; 0; 0; 0,999927525253346; 0,999927525253346; 6,12128473619046
6739; 10; 3; 0; 0,713280198785392; 0,0343896337029185; 6,1540918690039
6749; 2; 1; 0; 0,8912335783284; 0,1087664216716; 5,91467310207642
6753; 2; 0; 0; 1; 1; 4,99651201766952
6767; 2; 0; 0; 0,87124450621958; 0,87124450621958; 5,99808839240824
6767; 11; 0; 0; 0,9999990918236; 0,9999990918236; 4,47430686959209
6787; 20; 0; 0; 0,99987733956372; 0,99987733956372; 6,02698880760049
6794; 2; 0; 0; 0,99962514398923; 0,99962514398923; 3,19660028629648
6824; 2; 0; 0; 0,999144436401041; 0,999144436401041; 3,051300273283
6836; 20; 0; 0; 0,999881046556063; 0,999881046556063; 6,02698880760049
6836; 2; 0; 0; 0,999108002662184; 0,999108002662184; 3,051300273283
6837; 2; 1; 0; 0,956962463523657; 0,0430375364763435; 9,38470446110974
6863; 2; 0; 0; 0,872744145233845; 0,872744145233845; 7,92071765447989
6866; 10; 0; 0; 0,98477663763692; 0,98477663763692; 3,90218949048836
6898; 2; 0; 0; 1; 1; 3,64701624055896
6900; 10; 3; 0; 0,71567707069172; 0; 4,81122836936598
6901; 2; 0; 0; 0,529327982018612; 0,529327982018612; 5,97907204056548
6903; 2; 0; 0; 0,928031819481546; 0,928031819481546; 6,44260944319719
6907; 10; 0; 0; 0,999448309648026; 0,999448309648026; 6,3895483951306
6909; 2; 0; 0; 0,894418475315092; 0,894418475315092; 6,01310214698404
6912; 10; 0; 0; 0,425677302914271; 0,425677302914271; 5,2026983472174
6918; 2; 0; 0; 0,999999551160507; 0,999999551160507; 6,42916333941617
6923; 10; 0; 0; 0,988690609252691; 0,988690609252691; 4,25969893008706
6936; 18; 0; 0; 0,433589401619273; 0,433589401619273; 5,20307408161499
6937; 2; 0; 0; 1; 1; 2,98801785235456
6942; 3; 1; 0; 0,459228709575868; 0,118405734608027; 4,35533991892973
6960; 2; 0; 0; 0,812756494767979; 0,812756494767979; 5,00246560803906
6970; 16; 2; 0; 0,517090995491005; 0,194829425016525; 5,87319717987008
6986; 10; 0; 0; 0,946227751865605; 0,946227751865605; 2,49246484548964
6989; 16; 0; 0; 0,768477482480317; 0,768477482480317; 5,60113830716406
7011; 16; 0; 0; 0,740859442785135; 0,740859442785135; 5,30789578581124
7034; 2; 0; 0; 0,90675700577061; 0,90675700577061; 5,98084465424364
7039; 2; 0; 0; 0,920818175181102; 0,920818175181102; 6,43174149605022
7040; 16; 0; 0; 0,999996999018513; 0,999996999018513; 8,21862501446077
7047; 2; 1; 0; 0,796338527503211; 0,203661472496789; 3,51926417291615
7077; 11; 0; 0; 1; 1; 5,59288358699011
7092; 10; 3; 0; 0,682092052077846; 0,00250491412282423; 5,88652265730808
7110; 2; 1; 0; 0,788541844103992; 0,211458155896008; 3,75370203771252
7130; 11; 0; 0; 1; 1; 11,1857671739802
7139; 11; 0; 0; 1; 1; 5,59288358699011
7140; 2; 0; 0; 0,999999894477688; 0,999999894477688; 7,5006905626522
7143; 16; 0; 0; 0,867222281751686; 0,867222281751686; 5,30789578581124
7154; 2; 0; 0; 0,830863722468192; 0,830863722468192; 2,17391739072445
7155; 10; 0; 0; 0,868058706446999; 0,868058706446999; 4,01967105347455
7175; 16; 0; 0; 1; 1; 18,0809750318137
7200; 16; 0; 0; 0,999991882335527; 0,999991882335527; 5,63688584012717
7244; 2; 0; 0; 0,999995721325103; 0,999995721325103; 3,75302349032575
7262; 10; 0; 0; 0,934410767631957; 0,934410767631957; 8,94808560098602
7266; 10; 0; 0; 0,999999085713491; 0,999999085713491; 7,46891196207704
7270; 2; 0; 0; 0,976746825395821; 0,976746825395821; 2,69565756449832
7278; 10; 0; 0; 0,999996915379902; 0,999996915379902; 9,93929750353649
7279; 10; 0; 0; 0,999973892386333; 0,999973892386333; 6,40896397848802
7283; 2; 0; 0; 0,592585133311049; 0,592585133311049; 6,4364352554184
7287; 18; 1; 0; 0,686991464895149; 0,210522775730149; 4,87015235420138
7303; 10; 0; 0; 0,999999897965061; 0,999999897965061; 8,94878311049675
7314; 3; 2; 0; 0,454262168806409; 0,118318413794001; 4,09137992384308
7316; 10; 0; 0; 0,999999356581136; 0,999999356581136; 9,01932586099647
7332; 10; 0; 0; 0,999932623354656; 0,999932623354656; 11,2261995285206
7334; 2; 0; 0; 1; 1; 9,00082867518264
7335; 20; 0; 0; 0,995383223081773; 0,995383223081773; 4,1093105506367
7335; 11; 0; 0; 1; 1; 11,1857671739802
7344; 2; 0; 0; 1; 1; 11,3104519924445
7345; 3; 0; 0; 0,886372021108009; 0,886372021108009; 6,96101638095192
7364; 10; 0; 0; 0,929385990441829; 0,929385990441829; 3,34049105962832
7383; 2; 0; 0; 0,999998872719948; 0,999998872719948; 4,79490042944471
7415; 10; 0; 0; 0,989838371612297; 0,989838371612297; 3,20459765848669
7418; 2; 0; 0; 0,999756638625136; 0,999756638625136; 4,4927626074972
7437; 10; 0; 0; 0,994005939512887; 0,994005939512887; 7,48413301901375
7449; 16; 0; 0; 0,999998435763613; 0,999998435763613; 6,14933000741146
7454; 10; 0; 0; 0,999915376895652; 0,999915376895652; 6,1521924763205
7473; 10; 0; 0; 0,997433700094123; 0,997433700094123; 5,18835213664775
7497; 3; 0; 0; 0,927538624279223; 0,927538624279223; 8,22665572294318
7522; 16; 0; 0; 0,852297939188084; 0,852297939188084; 5,63963927242444
7528; 2; 0; 0; 1; 1; 15,0806026565927
7532; 10; 0; 0; 0,737281430195785; 0,737281430195785; 5,65613600011077
7538; 2; 1; 0; 0,885465904962907; 0,114534095037093; 6,13325510730671
7550; 2; 0; 0; 0,84064573848926; 0,84064573848926; 3,09974311535608
7552; 16; 0; 0; 1; 1; 12,9149821655812
7552; 11; 0; 0; 0,993057163440221; 0,993057163440221; 2,63194521740711
7571; 10; 0; 0; 0,999887342610962; 0,999887342610962; 7,45447312765236
7580; 16; 0; 0; 1; 1; 12,9149821655812
7582; 13; 0; 0; 0,983107323790627; 0,983107323790627; 4,21034975806166
7584; 2; 0; 0; 0,999049596631486; 0,999049596631486; 5,37319989032335
7617; 10; 0; 0; 0,999971077451236; 0,999971077451236; 6,40896397848802
7624; 10; 0; 0; 0,796824398483939; 0,796824398483939; 6,76350785138261
7626; 2; 0; 0; 1; 1; 3,20988699003247
7646; 18; 0; 0; 0,499979679922539; 0,499979679922539; 5,63666358841623
7651; 2; 0; 0; 1; 1; 9,00082867518264
7662; 2; 1; 0; 0,956641970438322; 0,0433580295616776; 3,08578582963979
7662; 10; 0; 0; 0,956812257493939; 0,956812257493939; 3,60773034439859
7663; 4; 0; 0; 1; 1; 5,60875423997007
7668; 3; 0; 0; 0,996277414590937; 0,996277414590937; 13,5535354457328
7685; 3; 0; 0; 0,999997775631215; 0,999997775631215; 3,05966331379232
7700; 2; 0; 0; 0,528599112286162; 0,528599112286162; 4,3210017173514
7701; 10; 0; 0; 0,999995894132333; 0,999995894132333; 7,51934635994727
7702; 10; 0; 0; 0,949676572706121; 0,949676572706121; 2,49246484548964
7702; 2; 0; 0; 1; 1; 6,43937544005343
7703; 16; 0; 0; 0,914914111126289; 0,914914111126289; 5,63963927242444
7712; 11; 10; 0; 0,404525562435416; 0,112750966505284; 1,65715069244152
7721; 2; 0; 0; 1; 1; 4,99651201766952
7724; 16; 0; 0; 0,999997587182674; 0,999997587182674; 6,14933000741146
7731; 2; 1; 0; 0,805625393150517; 0,194374606849483; 5,27845090791968
7739; 10; 0; 0; 0,9146826798036; 0,9146826798036; 6,88314276998924
7748; 10; 0; 0; 0,618804105957614; 0,618804105957614; 3,86098154779225
7752; 2; 1; 0; 0,548170762089444; 0,451829237910556; 6,91481156502511
7754; 3; 2; 0; 0,835837517419571; 0,00722766638934622; 2,24749307001683
7784; 10; 0; 0; 0,974151357369065; 0,974151357369065; 3,75805244208186
7796; 10; 0; 0; 0,999923301001394; 0,999923301001394; 6,1521924763205
7820; 3; 0; 0; 0,879070246823223; 0,879070246823223; 6,96101638095192
7832; 3; 0; 0; 0,554961937701733; 0,554961937701733; 6,12547878421139
7839; 2; 0; 0; 0,812756494767979; 0,812756494767979; 5,00246560803906
7841; 16; 0; 0; 1; 1; 11,3006093948836
7841; 11; 0; 0; 1; 1; 5,59288358699011
7843; 2; 1; 0; 0,528374003636776; 0,471625996363224; 4,49462751726632
7869; 20; 0; 0; 0,99280391560801; 0,99280391560801; 3,76686800475031
7869; 2; 1; 0; 0,620074373620559; 0,379925626379441; 4,70908372392854
7884; 10; 0; 0; 0,995757007440454; 0,995757007440454; 4,27264265232535
7886; 2; 0; 0; 1; 1; 6,01008374404987
7921; 10; 0; 0; 0,968015499686708; 0,968015499686708; 2,69186203312882
7937; 3; 0; 0; 0,908396071045049; 0,908396071045049; 8,22665572294318
7939; 2; 1; 0; 0,613323370226805; 0,386676629773195; 3,32996965500607
7959; 2; 0; 0; 0,999951300320401; 0,999951300320401; 4,50041433759132
7966; 10; 0; 0; 0,712223066814527; 0,712223066814527; 5,63059809053036
7974; 2; 1; 0; 0,97034482650227; 0,0296551734977298; 3,09354033840188
7983; 10; 0; 0; 0,99998359274288; 0,99998359274288; 5,6422452910514
7989; 10; 3; 0; 0,713248187038359; 0,026492614458817; 4,98942201267583
8007; 10; 0; 0; 0,993048304022741; 0,993048304022741; 3,36482754141102
8012; 3; 0; 0; 0,994441782305455; 0,994441782305455; 3,54390168937342
8019; 10; 0; 0; 0,999935399399235; 0,999935399399235; 6,1521924763205
8041; 10; 0; 0; 0,999979823529622; 0,999979823529622; 6,76741172395255
8050; 3; 0; 0; 0,839004539954791; 0,839004539954791; 4,76280068170395
8090; 3; 0; 0; 0,999344531685057; 0,999344531685057; 4,20838325613094
8125; 10; 0; 0; 0,941251599499009; 0,941251599499009; 3,22118780749874
8130; 2; 0; 0; 0,911373431540242; 0,911373431540242; 6,00295872964687
8130; 2; 0; 0; 0,962176310241211; 0,962176310241211; 4,09778437094309
8136; 10; 0; 0; 0,999287776795768; 0,999287776795768; 4,97154617249819
8140; 2; 0; 0; 0,9992597156495; 0,9992597156495; 6,43174149605022
8183; 2; 0; 0; 1; 1; 2,74014743051552
8194; 17; 0; 0; 0,999999973646558; 0,999999973646558; 6,1491719930257
8197; 2; 1; 0; 0,641441970375277; 0,358558029624723; 1,90367214371579
8206; 3; 0; 0; 0,999782098028018; 0,999782098028018; 4,80958086414964
8206; 2; 0; 0; 0,999996328513015; 0,999996328513015; 3,75302349032575
8209; 19; 0; 0; 0,615032118449425; 0,615032118449425; 6,75739697364083
8214; 10; 0; 0; 0,960067392024668; 0,960067392024668; 3,44052605891648
8214; 10; 0; 0; 0,97533240908349; 0,97533240908349; 8,22710690925202
8215; 10; 0; 0; 0,968730020777481; 0,968730020777481; 3,98083042585444
8224; 16; 0; 0; 0,972878139679585; 0,972878139679585; 6,44530202562793
8253; 3; 0; 0; 0,924242170263455; 0,924242170263455; 6,46380092516964
8286; 20; 0; 0; 0,998784506799811; 0,998784506799811; 4,75814905863196
8304; 2; 0; 0; 0,999999360362953; 0,999999360362953; 5,16373892401738
8307; 2; 1; 0; 1; 0; 4,80900714736279
8312; 2; 0; 0; 0,984976597865973; 0,984976597865973; 2,80797662968575
8336; 3; 0; 0; 0,926447382223921; 0,926447382223921; 10,0548014391528
8357; 3; 0; 0; 0,892109871202585; 0,892109871202585; 5,21289824835878
8359; 3; 0; 0; 0,951172727702373; 0,951172727702373; 11,3116516190469
8366; 2; 0; 0; 0,999999024712774; 0,999999024712774; 6,46311542425401
8369; 2; 0; 0; 0,999943278063664; 0,999943278063664; 5,65522599622226
8373; 3; 0; 0; 0,977399265456388; 0,977399265456388; 8,47095965358302
8375; 10; 0; 0; 0,801535801296714; 0,801535801296714; 3,76030167170416
8389; 2; 0; 0; 0,99999984267907; 0,99999984267907; 7,54030132829634
8400; 2; 1; 0; 0,552152669905943; 0,447847330094056; 3,46735600618261
8408; 3; 0; 0; 0,999996037650096; 0,999996037650096; 8,41676651226188
8413; 16; 0; 0; 0,999999930955877; 0,999999930955877; 10,0449861287854
8436; 2; 0; 0; 1; 1; 11,1840738443303
8445; 3; 0; 0; 0,990915007620434; 0,990915007620434; 11,294612871444
8451; 10; 2; 0; 0,541272323559094; 0,0527052337403949; 3,61992704007089
8456; 2; 0; 0; 1; 1; 4,50422724898205
8462; 2; 1; 0; 0,999266930335194; 0,000733069664805829; 11,2532079024208
8489; 16; 0; 0; 1; 1; 12,9149821655812
8496; 2; 0; 0; 1; 1; 9,0151256160748
8505; 2; 0; 0; 1; 1; 4,49686081590257
8508; 19; 2; 0; 0,866546862591405; 0; 5,00547923973395
8512; 2; 0; 0; 1; 1; 2,55331919661674
8530; 3; 0; 0; 0,927631149738805; 0,927631149738805; 8,22665572294318
8536; 2; 0; 0; 0,999999854014359; 0,999999854014359; 6,42916333941617
8545; 16; 0; 0; 0,999993436817031; 0,999993436817031; 7,53373959658904
8548; 19; 0; 0; 0,473460680348891; 0,473460680348891; 4,7336163849698
8550; 2; 0; 0; 0,999972325198853; 0,999972325198853; 4,50041433759132
8565; 10; 0; 0; 0,737545874681817; 0,737545874681817; 6,14247064421494
8600; 10; 0; 0; 0,999999306390021; 0,999999306390021; 7,46891196207704
8605; 10; 0; 0; 0,998473992097217; 0,998473992097217; 8,41964964639047
8606; 2; 0; 0; 0,999976362459186; 0,999976362459186; 5,6159532593715
8608; 2; 0; 0; 0,978203336612737; 0,978203336612737; 10,357861548166
8609; 2; 1; 0; 0,631998918331743; 0,368001081668257; 6,61748002262941
8623; 16; 0; 0; 0,999999589312923; 0,999999589312923; 9,04048751590685
8625; 10; 0; 0; 0,973496604407152; 0,973496604407152; 2,3205707182145
8627; 18; 0; 0; 0,456572174398258; 0,456572174398258; 4,18929735636861
8650; 10; 0; 0; 0,999995315419465; 0,999995315419465; 7,52060334340831
8655; 4; 3; 0; 0,389967759519817; 0; 2,13577591025556
8655; 2; 0; 0; 0,999999447243359; 0,999999447243359; 5,62953523548863
8674; 3; 0; 0; 0,915420792155038; 0,915420792155038; 5,02740071957639
8701; 10; 3; 0; 0,424104072561159; 0,0011620799312166; 3,76083391994683
8703; 2; 0; 0; 0,98613049572552; 0,98613049572552; 4,36016581819307
8705; 2; 0; 0; 0,999999996713737; 0,999999996713737; 6,7128606012226
8713; 2; 0; 0; 1; 1; 2,61269871281713
8713; 2; 0; 0; 1; 1; 5,00840312004155
8724; 2; 0; 0; 0,999445660438975; 0,999445660438975; 3,77015066414817
8728; 2; 0; 0; 0,999993719651246; 0,999993719651246; 3,21204343993041
8754; 2; 0; 0; 0,998269632888227; 0,998269632888227; 5,37319989032335
8757; 2; 0; 0; 1; 1; 7,45873400135844
8793; 3; 0; 0; 1; 1; 9,61369526296919
8796; 10; 0; 0; 0,546583708686648; 0,546583708686648; 3,10246190546755
8803; 2; 0; 0; 1; 1; 6,95549330439008
8810; 16; 0; 0; 0,996640839275219; 0,996640839275219; 4,52024375795343
8820; 4; 2; 0; 0,797173951960703; 0,105212481684357; 3,20847696267236
8823; 16; 0; 0; 0,999999922623682; 0,999999922623682; 10,0449861287854
8827; 2; 1; 0; 0,99277211450856; 0,00722788549144013; 2,9376798556011
8831; 10; 0; 0; 0,999934617366126; 0,999934617366126; 4,96964875176824
8834; 2; 0; 0; 0,666632651409491; 0,666632651409491; 6,24280054664602
8839; 2; 0; 0; 0,999999997714481; 0,999999997714481; 6,7128606012226
8865; 3; 2; 0; 0,58288158641345; 0,0121311699008755; 11,2436046970747
8889; 3; 0; 0; 0,978179245341426; 0,978179245341426; 8,47095965358302
8902; 2; 0; 0; 0,999976167549188; 0,999976167549188; 5,6159532593715
8903; 2; 0; 0; 0,999976171874985; 0,999976171874985; 5,6159532593715
8904; 2; 0; 0; 1; 1; 4,74480295582884
8909; 16; 0; 0; 0,99999694051702; 0,99999694051702; 8,21862501446077
8922; 10; 0; 0; 0,961583342511619; 0,961583342511619; 3,34049105962832
8926; 2; 1; 0; 0,989300973597427; 0,0106990264025731; 2,71856575192893
8926; 10; 0; 0; 0,691234881934643; 0,691234881934643; 2,43765563810716
8935; 22; 0; 0; 0,996244338979517; 0,996244338979517; 5,41641229240761
8936; 2; 0; 0; 1; 1; 11,1840738443303
8948; 2; 0; 0; 1; 1; 5,00840312004155
8949; 3; 0; 0; 0,926447382223921; 0,926447382223921; 10,0548014391528
8951; 16; 0; 0; 0,997740798708236; 0,997740798708236; 4,7581513241615
8956; 3; 0; 0; 0,869380432924335; 0,869380432924335; 4,52466064761875
8961; 16; 0; 0; 0,9999949161057; 0,9999949161057; 8,21862501446077
8962; 3; 0; 0; 0,560814638942955; 0,560814638942955; 6,12547878421139
8975; 10; 0; 0; 0,999999985537217; 0,999999985537217; 8,13215250289349
8975; 10; 0; 0; 0,554033834916492; 0,554033834916492; 4,30943695246535
8978; 2; 0; 0; 0,999971230445169; 0,999971230445169; 3,53308452695926
8994; 2; 1; 0; 0,905413262358002; 0,0945867376419977; 6,40954753104532
9010; 10; 0; 0; 0,99883051292525; 0,99883051292525; 4,70988584762987
9018; 2; 0; 0; 0,999908624467129; 0,999908624467129; 3,051300273283
9039; 2; 0; 0; 0,999999983048141; 0,999999983048141; 7,5006905626522
9040; 16; 0; 0; 0,913407571841886; 0,913407571841886; 5,63963927242444
9060; 16; 0; 0; 0,987659241991299; 0,987659241991299; 6,40130092247321
9069; 3; 0; 0; 1; 1; 3,36562964517156
9088; 2; 1; 0; 0,830390111664651; 0,169609888335349; 5,10812676997509
9089; 2; 0; 0; 1; 1; 4,74480295582884
9090; 10; 0; 0; 0,944021691577964; 0,944021691577964; 7,45673800082168
9117; 2; 1; 0; 0,829220302358414; 0,170779697641586; 4,81898615574098
9123; 3; 0; 0; 0,99675563071646; 0,99675563071646; 13,5535354457328
9172; 3; 0; 0; 0,509334865445276; 0,509334865445276; 4,37830410602799
9178; 2; 0; 0; 1; 1; 5,12896353167229
9198; 20; 0; 0; 0,999994297236577; 0,999994297236577; 8,21862110127339
9203; 10; 3; 0; 0,510714470611029; 0,020897457478117; 4,10272791266927
9204; 2; 0; 0; 0,99999376935024; 0,99999376935024; 4,5036281883909
9205; 20; 0; 0; 0,999994469553194; 0,999994469553194; 8,21862110127339
9213; 20; 0; 0; 0,999966751395732; 0,999966751395732; 6,45748800814338
9253; 2; 0; 0; 0,999299464614604; 0,999299464614604; 6,43174149605022
9253; 2; 0; 0; 0,999910720084428; 0,999910720084428; 3,75630234003117
9258; 3; 0; 0; 0,929372944279224; 0,929372944279224; 8,22665572294318
9260; 16; 0; 0; 0,999998350177496; 0,999998350177496; 10,0449861287854
9287; 16; 0; 0; 0,879556742398775; 0,879556742398775; 5,0130126865995
9298; 16; 0; 0; 0,999980112533655; 0,999980112533655; 6,93593927424644
9314; 10; 0; 0; 0,999997422351641; 0,999997422351641; 5,20822642250899
9318; 2; 0; 0; 0,999999803717062; 0,999999803717062; 4,08805528718415
9331; 16; 0; 0; 1; 1; 12,8810300807434
9360; 2; 0; 0; 0,813667150555484; 0,813667150555484; 3,09354033840188
9371; 2; 0; 0; 1; 1; 6,91609082193569
9389; 2; 0; 0; 1; 1; 2,55331919661674
9419; 3; 2; 0; 0,590521708235812; 0,1900076618807; 3,21111942309998
9421; 3; 0; 0; 0,974228436168335; 0,974228436168335; 16,941919307166
9423; 2; 0; 0; 1; 1; 4,09778437094309
9436; 10; 0; 0; 0,999990681462892; 0,999990681462892; 6,22409330173087
9446; 2; 0; 0; 0,999980779694114; 0,999980779694114; 4,09420744399173
9451; 3; 0; 0; 0,901111955278461; 0,901111955278461; 4,76280068170395
9456; 18; 0; 0; 0,56313291696764; 0,56313291696764; 4,8314259329282
9462; 16; 0; 0; 0,960139181448213; 0,960139181448213; 5,63963927242444
9464; 2; 0; 0; 0,680427446984732; 0,680427446984732; 2,80966189641137
9472; 2; 0; 0; 1; 1; 3,5034781617163
9477; 2; 0; 0; 0,966045820817303; 0,966045820817303; 4,50550467879288
9495; 10; 0; 0; 0,979450363882223; 0,979450363882223; 2,40344824386501
9509; 11; 0; 0; 0,999999919042322; 0,999999919042322; 10,342607222878
9523; 18; 1; 0; 0,981594943009191; 0,00277532916446144; 6,40184064509949
9536; 22; 0; 0; 0,996199280039526; 0,996199280039526; 5,41641229240761
9560; 10; 0; 0; 0,999957714762072; 0,999957714762072; 6,01288390733098
9609; 3; 0; 0; 0,999341683042356; 0,999341683042356; 3,96083129988794
9615; 13; 0; 0; 0,532919895608033; 0,532919895608033; 4,08231237443376
9620; 16; 0; 0; 0,999673616403526; 0,999673616403526; 4,50950867210174
9662; 2; 0; 0; 1; 1; 11,1881010020377
9671; 10; 0; 0; 0,901055147668031; 0,901055147668031; 3,38370586197627
9671; 10; 0; 0; 0,992120554369486; 0,992120554369486; 4,1685477591588
9726; 11; 0; 0; 1; 1; 11,1857671739802
9726; 2; 0; 0; 0,964024730293545; 0,964024730293545; 8,19968474588733
9738; 3; 0; 0; 0,998781539349296; 0,998781539349296; 5,63339612417256
9746; 10; 0; 0; 0,820013114228652; 0,820013114228652; 4,97115866721445
9752; 2; 0; 0; 0,670486308897383; 0,670486308897383; 7,93980929630855
9758; 2; 0; 0; 0,999999052458246; 0,999999052458246; 7,54030132829634
9772; 2; 0; 0; 1; 1; 11,3104519924445
9773; 10; 0; 0; 0,999978545702159; 0,999978545702159; 6,44237561499748
9774; 16; 2; 0; 0,879029065737263; 0; 3,342008457733
9777; 2; 0; 0; 0,846646355158281; 0,846646355158281; 3,83312418753052
9787; 10; 0; 0; 0,999675669205428; 0,999675669205428; 5,59298944406047
9807; 3; 0; 0; 0,99801882602011; 0,99801882602011; 3,54390168937342
9808; 3; 1; 0; 0,930201489913564; 0,0160828278024363; 5,62180234853733
9826; 13; 0; 0; 0,597836926400561; 0,597836926400561; 4,20988463613481
9826; 2; 1; 0; 0,793299975844071; 0,206700024155929; 2,90810503744348
9833; 2; 0; 0; 0,999975030938099; 0,999975030938099; 5,65522599622226
9834; 2; 1; 0; 0,953794341961236; 0,046205658038764; 4,32815688554646
9834; 2; 0; 0; 0,999977931920147; 0,999977931920147; 4,09420744399173
9841; 2; 0; 0; 1; 1; 7,45873400135844
9842; 2; 1; 0; 0,96625010188521; 0,0337498981147896; 4,50128316096832
9881; 13; 0; 0; 0,999999635146333; 0,999999635146333; 9,62365658985521
9884; 2; 0; 0; 0,999988109431106; 0,999988109431106; 6,46311542425401
9913; 2; 1; 0; 0,960687438971057; 0,0393125610289435; 5,61730223255682
9917; 2; 1; 0; 0,886193565112281; 0,113806434887719; 4,68108519379735
9923; 18; 0; 0; 0,590735498180231; 0,590735498180231; 5,01036763414776
9928; 2; 0; 0; 1; 1; 11,1881010020377
9953; 2; 0; 0; 0,999859538088027; 0,999859538088027; 3,19660028629648
9981; 18; 0; 0; 0,60366643320702; 0,60366643320702; 5,20307408161499
9984; 2; 0; 0; 0,999999286270443; 0,999999286270443; 3,74738401325214
9988; 2; 0; 0; 0,999999373026494; 0,999999373026494; 5,62551792198915
10008; 2; 0; 0; 1; 1; 11,3104519924445
10022; 2; 0; 0; 0,816518416125783; 0,816518416125783; 5,00611630976986
10058; 4; 2; 0; 0,890517568402007; 0,0343136412756873; 4,99096416415701
10061; 10; 0; 0; 0,905102230400739; 0,905102230400739; 3,38370586197627
10067; 10; 0; 0; 0,999072127301661; 0,999072127301661; 4,81778765424683
10084; 2; 0; 0; 1; 1; 4,87440439890963
10124; 2; 1; 0; 0,709465312278714; 0,290534687721286; 3,33893541336104
10131; 10; 0; 0; 0,617268778979001; 0,617268778979001; 3,46498344032638
10133; 2; 0; 0; 0,885233933613121; 0,885233933613121; 3,296710740585
10135; 2; 1; 0; 0,971538616626891; 0,0284613833731088; 5,60253347316479
10161; 3; 0; 0; 0,982299877420528; 0,982299877420528; 5,64730643572201
10161; 3; 2; 0; 0,566951599478279; 0,433043638934408; 4,81287618759466
10172; 10; 3; 0; 0,435005390203975; 0; 3,98205944464958
10199; 2; 1; 0; 0,726137264334019; 0,273862735665981; 3,74845545001421
10200; 10; 0; 0; 0,66529275260844; 0,66529275260844; 3,72836900041084
10211; 2; 0; 0; 0,703478380253462; 0,703478380253462; 3,30315289029727
10221; 10; 0; 0; 0,904249331306554; 0,904249331306554; 5,40537416690915
10223; 3; 2; 0; 0,413885352567747; 0,412603082864295; 3,5822488140229
10227; 2; 1; 0; 0,999877104070675; 0,00012289592932542; 13,4939600900682
10233; 10; 0; 0; 0,998248259408874; 0,998248259408874; 4,70988584762987
10233; 2; 0; 0; 1; 1; 8,19556874188618
10237; 16; 0; 0; 0,853605262760973; 0,853605262760973; 4,74916991362058
10239; 18; 0; 0; 0,999979843306487; 0,999979843306487; 5,60843463811519
10242; 2; 1; 0; 0,855085055769317; 0,144914944230683; 4,01900282229314
10249; 16; 0; 0; 0,987141366297859; 0,987141366297859; 3,92031350283494
10271; 2; 0; 0; 0,999999968185234; 0,999999968185234; 7,5006905626522
10298; 3; 0; 0; 0,984089349280172; 0,984089349280172; 8,47095965358302
10309; 10; 0; 0; 0,999987738540596; 0,999987738540596; 6,93794296999729
10313; 3; 0; 0; 0,924242170263455; 0,924242170263455; 6,46380092516964
10333; 2; 0; 0; 0,999999788943074; 0,999999788943074; 5,16373892401738
10337; 10; 0; 0; 0,525611554391384; 0,525611554391384; 2,94235292345763
10363; 10; 0; 0; 0,999977393479535; 0,999977393479535; 8,13525737317886
10364; 2; 0; 0; 0,999982752209762; 0,999982752209762; 3,21204343993041
10374; 3; 2; 0; 0,517138630567883; 0,482859381877015; 5,18309743279425
10378; 10; 0; 0; 0,978557476343252; 0,978557476343252; 3,75967317997364
10380; 2; 1; 0; 1; 0; 2,11175648667747
10385; 18; 1; 0; 0,988571059561644; 0,00176681611311676; 7,07571860774154
10411; 10; 0; 0; 1; 1; 14,9089462553047
10411; 10; 0; 0; 0,896545771405364; 0,896545771405364; 6,46415542869802
10427; 16; 0; 0; 0,999598633415572; 0,999598633415572; 5,31793383288638
10431; 16; 0; 0; 0,929398465817971; 0,929398465817971; 5,17028151430529
10442; 18; 1; 0; 0,994332465121928; 0,000958591004394008; 7,4688140859494
10453; 10; 0; 0; 0,999853608554664; 0,999853608554664; 6,39198793606911
10456; 10; 3; 0; 0,405407315119997; 0,389547732441319; 5,20730850454176
10494; 10; 0; 0; 0,999999999615875; 0,999999999615875; 5,41655547940934
10503; 10; 0; 0; 0,998659821434028; 0,998659821434028; 2,92593699253132
10508; 2; 0; 0; 0,997854055694448; 0,997854055694448; 6,41243609136934
10518; 11; 0; 0; 1; 1; 11,1857671739802
10526; 3; 0; 0; 0,973023819785384; 0,973023819785384; 3,76487095714801
10528; 2; 0; 0; 0,999917779033002; 0,999917779033002; 6,4586723540765
10544; 4; 0; 0; 0,98324827121147; 0,98324827121147; 4,07739037412425
10545; 4; 0; 0; 0,899454267838839; 0,899454267838839; 3,32231808261976
10553; 3; 0; 0; 0,602397151213882; 0,602397151213882; 3,3173605769453
10575; 3; 0; 0; 0,926074932195212; 0,926074932195212; 8,22665572294318
10576; 10; 0; 0; 0,999940227779132; 0,999940227779132; 4,96964875176824
10580; 16; 2; 0; 0,52622838583372; 0,117137442536507; 5,40334140548048
10586; 10; 0; 0; 0,989274339401627; 0,989274339401627; 4,22963232747034
10588; 2; 0; 0; 0,918620373430977; 0,918620373430977; 4,09984237286228
10602; 2; 0; 0; 0,994994943517843; 0,994994943517843; 4,02989991774251
10609; 10; 0; 0; 0,992788445799006; 0,992788445799006; 3,37245135797278
10618; 3; 0; 0; 0,87852177680984; 0,87852177680984; 4,30920061677976
10621; 2; 0; 0; 1; 1; 11,3104519924445
10628; 10; 0; 0; 0,994950099852928; 0,994950099852928; 4,51160781596836
10641; 2; 0; 0; 0,747016210986989; 0,747016210986989; 3,11964439639187
10641; 16; 0; 0; 0,999990882647783; 0,999990882647783; 6,76426300815261
10645; 2; 1; 0; 0,783437979698248; 0,216562020301753; 4,49384178604546
10654; 10; 0; 0; 0,992819300994599; 0,992819300994599; 4,22963232747034
10657; 11; 0; 0; 0,999983864519514; 0,999983864519514; 4,06755169962917
10661; 2; 0; 0; 0,999793264697068; 0,999793264697068; 6,39198493282528
10662; 3; 0; 0; 0,999245949384299; 0,999245949384299; 7,48313833289438
10670; 11; 0; 0; 0,999983864519514; 0,999983864519514; 4,06755169962917
10672; 2; 0; 0; 0,999921103078523; 0,999921103078523; 5,18395685480446
10677; 18; 0; 0; 0,997942861425921; 0,997942861425921; 3,32351682258678
10678; 10; 0; 0; 0,995786631067167; 0,995786631067167; 4,51160781596836
10678; 16; 0; 0; 0,999409978289045; 0,999409978289045; 4,50950867210174
10687; 10; 0; 0; 0,999998423989342; 0,999998423989342; 7,51610488416373
10694; 16; 2; 0; 0,845283756569557; 0; 3,11152511582038
10696; 2; 0; 0; 0,999669470320644; 0,999669470320644; 3,46185718276256
10699; 3; 0; 0; 0,981917356221354; 0,981917356221354; 3,2045650876564
10709; 10; 0; 0; 0,699235603760796; 0,699235603760796; 4,61697303922299
10714; 3; 0; 0; 0,987064233883765; 0,987064233883765; 3,2045650876564
10731; 16; 0; 0; 0,760485623842769; 0,760485623842769; 7,50464084094511
10767; 10; 0; 0; 0,999342105725926; 0,999342105725926; 8,41964964639047
10777; 2; 0; 0; 0,949827113435568; 0,949827113435568; 3,46735600618261
10784; 2; 0; 0; 0,999997567484868; 0,999997567484868; 3,45912370454044
10833; 2; 0; 0; 0,999994536892709; 0,999994536892709; 5,00046037510147
10852; 3; 0; 0; 0,92045092950087; 0,92045092950087; 5,65582580952344
10858; 10; 0; 0; 0,999971921785591; 0,999971921785591; 8,45926465494068
10868; 2; 1; 0; 1; 0; 3,45262051605534
10919; 2; 1; 0; 0,925368423748822; 0,0746315762511784; 5,10663839323348
10921; 3; 0; 0; 0,800022085007698; 0,800022085007698; 2,17083441421885
10934; 10; 0; 0; 0,999991395466511; 0,999991395466511; 6,94209539391536
10953; 13; 0; 0; 1; 1; 11,2275993548311
10964; 2; 0; 0; 0,999999993330375; 0,999999993330375; 4,99651201766952
10975; 19; 2; 0; 0,481918607570846; 0,203471844889178; 3,8271792048692
10976; 10; 0; 0; 0,99621788851127; 0,99621788851127; 4,51160781596836
10984; 2; 1; 0; 1; 0; 3,63924865205833
10990; 3; 2; 0; 0,497406205923733; 0,218018045287545; 3,74630599361664
10993; 2; 0; 0; 0,999999724285173; 0,999999724285173; 9,04836159395561
11009; 10; 0; 0; 0,995665521864188; 0,995665521864188; 4,51160781596836
11009; 2; 0; 0; 1; 1; 5,30301506827929
11020; 18; 1; 0; 0,652305944633913; 0,261959525850137; 6,44190124390427
11025; 10; 0; 0; 0,999968881619455; 0,999968881619455; 5,26198103128402
11028; 10; 0; 0; 0,949543478114311; 0,949543478114311; 3,34049105962832
11044; 2; 1; 0; 0,882614873918426; 0,117385126081574; 7,11227754513951
11050; 19; 0; 0; 0,770385015115843; 0,770385015115843; 5,00547923973395
11055; 2; 0; 0; 0,940239342989385; 0,940239342989385; 6,92087122200951
11097; 10; 0; 0; 0,797879633357519; 0,797879633357519; 5,32342211775131
11138; 10; 0; 0; 0,997745705161504; 0,997745705161504; 4,83386551710896
11138; 2; 0; 0; 1; 1; 4,5075628080374
11151; 10; 0; 0; 0,984879561707542; 0,984879561707542; 3,54192372780107
11152; 16; 0; 0; 0,999889703877622; 0,999889703877622; 4,83161643439472
11158; 10; 0; 0; 0,992147462099292; 0,992147462099292; 3,98083042585444
11158; 10; 0; 0; 0,99950821892607; 0,99950821892607; 5,11594497714943
11196; 2; 0; 0; 0,999999703909743; 0,999999703909743; 9,04836159395561
11229; 2; 1; 0; 0,991072854931597; 0,00892714506840303; 2,49701528737018
11251; 22; 0; 0; 0,999343824228892; 0,999343824228892; 6,15501396864501
11255; 11; 0; 0; 0,999999919042322; 0,999999919042322; 10,342607222878
11290; 3; 1; 0; 0,638163259254717; 0,349129294269935; 3,60537351947044
11295; 3; 0; 0; 0,985535193078384; 0,985535193078384; 11,294612871444
11297; 2; 0; 0; 0,999980779694114; 0,999980779694114; 4,09420744399173
11306; 4; 0; 0; 0,968306781597949; 0,968306781597949; 3,58810352922934
11317; 2; 1; 0; 1; 0; 1,959809916538
11320; 2; 0; 0; 0,999956566259783; 0,999956566259783; 3,3564303006113
11329; 3; 0; 0; 0,920793984340282; 0,920793984340282; 6,96101638095192
11352; 10; 0; 0; 0,561640113134276; 0,561640113134276; 3,75980595423084
11366; 10; 0; 0; 0,909383369678333; 0,909383369678333; 6,76350785138261
11373; 3; 2; 0; 0,695458067506048; 0,148347642154874; 2,86579905121832
11379; 16; 0; 0; 1; 1; 18,0809750318137
11381; 3; 0; 0; 0,993776786004311; 0,993776786004311; 4,97604086541794
11406; 3; 0; 0; 0,923659644410354; 0,923659644410354; 5,32313017366912
11412; 2; 0; 0; 0,997108113759079; 0,997108113759079; 4,1791554702515
11414; 2; 1; 0; 1; 0; 3,64579123247952
11425; 2; 0; 0; 0,999997614849324; 0,999997614849324; 5,00403132043434
11428; 2; 0; 0; 1; 1; 11,3104519924445
11453; 3; 0; 0; 0,926346061716222; 0,926346061716222; 8,22665572294318
11479; 11; 0; 0; 0,999457087077169; 0,999457087077169; 5,84582147380063
11496; 2; 0; 0; 1; 1; 9,0072563767818
11508; 2; 1; 0; 0,999216916949074; 0,000783083050925902; 2,73185624729539
11512; 10; 0; 0; 0,999956503027599; 0,999956503027599; 4,96964875176824
11513; 2; 0; 0; 0,785883569348044; 0,785883569348044; 3,11964439639187
11522; 2; 1; 0; 0,557362215560312; 0,442637784439688; 3,19544966980865
11528; 18; 5; 0; 0,460573789150613; 0,148776591739284; 3,6334771228943
11534; 18; 0; 0; 0,451680861801109; 0,451680861801109; 4,50933087073299
11556; 10; 0; 0; 0,995717740730294; 0,995717740730294; 5,01373556227221
11573; 2; 1; 0; 0,785926651422055; 0,214073348577945; 2,41373708847522
11591; 11; 0; 0; 1; 1; 14,9143562319736
11599; 10; 0; 0; 0,999914900601104; 0,999914900601104; 5,92372576301513
11604; 10; 0; 0; 0,959110493068635; 0,959110493068635; 3,38370586197627
11613; 14; 6; 0; 0,154946821687321; 0,0874942593928916; 2,95003038579673
11657; 3; 1; 0; 0,782727442684918; 0,0728180688027469; 2,81669806208628
11658; 2; 0; 0; 0,99998329142845; 0,99998329142845; 3,21204343993041
11663; 2; 1; 0; 0,534740208689062; 0,465259791310938; 3,45740578251255
11663; 2; 0; 0; 0,99999929941074; 0,99999929941074; 5,62953523548863
11685; 16; 0; 0; 0,925119928399816; 0,925119928399816; 5,0130126865995
11694; 2; 0; 0; 0,999999797407506; 0,999999797407506; 4,08805528718415
11697; 2; 1; 0; 1; 0; 3,7470632111595
11727; 3; 0; 0; 0,999999178149233; 0,999999178149233; 7,46406129812692
11737; 2; 1; 0; 1; 0; 3,10497865326562
11737; 2; 1; 0; 1; 0; 1,87815117001558
11806; 2; 1; 0; 1; 0; 3,21587074802511
11848; 2; 1; 0; 0,705086125940935; 0,294913874059065; 3,04368793333289
11866; 2; 0; 0; 0,593703988587811; 0,593703988587811; 3,74552293105527
11868; 16; 0; 0; 0,999514391769286; 0,999514391769286; 4,22766438009538
11888; 2; 1; 0; 0,717340842576474; 0,282659157423526; 3,09974311535608
11904; 13; 0; 0; 0,999150336568133; 0,999150336568133; 4,81182829492761
11910; 2; 0; 0; 0,625797675510151; 0,625797675510151; 4,49462751726632
11910; 17; 0; 0; 0,999999564373842; 0,999999564373842; 6,76408919232827
11935; 3; 0; 0; 0,923648628097134; 0,923648628097134; 6,03288086349166
11942; 2; 0; 0; 1; 1; 7,51260468006233
11950; 3; 0; 0; 0,740273017618575; 0,740273017618575; 4,743912525619
11967; 10; 0; 0; 0,999401784271539; 0,999401784271539; 5,64045250755623
11973; 18; 13; 0; 0,426125710073562; 0; 1,47701341889714
11980; 10; 0; 0; 0,999482758063204; 0,999482758063204; 5,64045250755623
11987; 4; 0; 0; 1; 1; 16,8262627199102
12005; 3; 0; 0; 0,985184766650216; 0,985184766650216; 7,52974191429601
12014; 10; 0; 0; 0,99999999999966; 0,99999999999966; 6,77069434926168
12024; 2; 0; 0; 0,999998399090321; 0,999998399090321; 7,51637768358085
12082; 2; 1; 0; 0,567052063769178; 0,432947936230822; 3,74357327567024
12101; 10; 0; 0; 0,988115884434431; 0,988115884434431; 3,46897148499864
12105; 10; 0; 0; 0,97890997112601; 0,97890997112601; 2,40344824386501
12113; 2; 0; 0; 0,999959534581692; 0,999959534581692; 7,50369841205858
12137; 2; 0; 0; 0,989648301984177; 0,989648301984177; 8,22012845064282
12150; 2; 0; 0; 1; 1; 3,07193500826787
12160; 16; 0; 0; 0,999106689775017; 0,999106689775017; 7,90748937481985
12162; 10; 0; 0; 0,999962885616902; 0,999962885616902; 6,40896397848802
12163; 2; 0; 0; 0,999662271777915; 0,999662271777915; 4,21196494452862
12181; 10; 2; 0; 0,494108123466308; 0,428639183671444; 2,99904650861863
12195; 10; 0; 0; 0,999998408413389; 0,999998408413389; 9,02472401208997
12213; 2; 1; 0; 1; 0; 2,50123280401953
12223; 10; 2; 0; 0,420071270843159; 0,17762479774538; 2,6013491736087
12226; 2; 0; 0; 0,910088314352695; 0,910088314352695; 2,34441831300433
12227; 4; 1; 0; 0,463576261948197; 0,313756752338212; 2,56935625670955
12228; 2; 1; 0; 0,979573599305885; 0,0204264006941153; 2,36559343014017
12228; 2; 0; 0; 1; 1; 15,0806026565927
12236; 2; 0; 0; 1; 1; 11,3104519924445
12237; 10; 1; 0; 0,49901993286694; 0; 2,05073082544017
12248; 3; 0; 0; 0,999966444565351; 0,999966444565351; 6,39776682696593
12255; 16; 0; 0; 0,988731323296277; 0,988731323296277; 6,40130092247321
12258; 3; 0; 0; 0,924230363652538; 0,924230363652538; 6,03288086349166
12273; 2; 0; 0; 1; 1; 5,12896353167229
12274; 2; 0; 0; 0,978178676439625; 0,978178676439625; 2,16543890362019
12301; 10; 0; 0; 0,994023468188884; 0,994023468188884; 2,58832887800848
12305; 10; 0; 0; 0,999741307828232; 0,999741307828232; 5,59298944406047
12345; 2; 1; 0; 1; 0; 0,845843311163158
12345; 16; 0; 0; 1; 1; 9,66323286878944
12360; 2; 0; 0; 1; 1; 15,0806026565927
12365; 10; 0; 0; 0,999989576347465; 0,999989576347465; 5,59085484573927
12365; 10; 0; 0; 0,984626997129182; 0,984626997129182; 10,0553528890858
12372; 10; 2; 0; 0,501462016564169; 0,12871138407713; 3,77075733340718
12383; 3; 0; 0; 0,998154338793566; 0,998154338793566; 5,21289824835878
12383; 16; 0; 0; 1; 1; 11,2737716802543
12393; 2; 0; 0; 1; 1; 17,8975578119108
12400; 4; 0; 0; 1; 1; 8,97025882307336
12400; 2; 0; 0; 0,999999715278722; 0,999999715278722; 9,04836159395561
12431; 10; 0; 0; 0,385807693431342; 0,385807693431342; 3,23207771434901
12434; 18; 14; 0; 0,338955276512857; 0; 1,33436878758408
12445; 10; 4; 0; 0,383549614706871; 0; 1,82959487997413
12453; 2; 0; 0; 0,559009587806487; 0,559009587806487; 1,63728307346893
12462; 2; 0; 0; 0,921407165103536; 0,921407165103536; 1,97437076506547
12486; 10; 2; 0; 0,463265482588533; 0,161659129623045; 2,51383822227145
12489; 10; 0; 0; 0,990446916983645; 0,990446916983645; 4,74985474320525
12513; 4; 0; 0; 0,99997412715102; 0,99997412715102; 6,40732773076668
12513; 2; 0; 0; 1; 1; 11,3104519924445
12514; 10; 0; 0; 0,506578844308024; 0,506578844308024; 3,10246190546755
12515; 10; 0; 0; 0,488251537354252; 0,488251537354252; 2,79649472203023
12535; 3; 2; 0; 0,61928236515472; 0,370150984107413; 2,42528172580741
12544; 2; 0; 0; 1; 1; 11,3104519924445
12551; 4; 0; 0; 0,998630524368281; 0,998630524368281; 4,98347712392964
12552; 10; 1; 0; 0,343788183216973; 0,246008359080373; 2,25450261712754
12556; 4; 0; 0; 0,999927675952221; 0,999927675952221; 5,98017254871557
12568; 2; 0; 0; 0,999903653307863; 0,999903653307863; 4,70154990403293
12583; 3; 2; 0; 0,587468647689317; 0,412513292797318; 3,96354509566619
12593; 16; 0; 0; 0,998495043950914; 0,998495043950914; 7,46818440955208
12625; 2; 0; 0; 1; 1; 0,706189611090411
12625; 10; 0; 0; 0,999998352372441; 0,999998352372441; 6,93794296999729
12639; 3; 1; 0; 0,515463039121212; 0,117907111260872; 4,49556719233997
12648; 10; 4; 0; 0,518339231846226; 0,243600186582627; 1,72946223485784
12661; 10; 0; 0; 0,99296481899928; 0,99296481899928; 4,21556419746598
12670; 18; 14; 0; 0,296788893352093; 0; 1,25097073836007
12675; 2; 0; 0; 0,99992885663; 0,99992885663; 3,3564303006113
12745; 3; 0; 0; 0,896728296647619; 0,896728296647619; 7,54110107936458
12750; 2; 0; 0; 0,999993719651246; 0,999993719651246; 3,21204343993041
12765; 11; 0; 0; 1; 1; 14,9143562319736
12780; 10; 0; 0; 1; 1; 14,9089462553047
12780; 10; 0; 0; 0,411326464127686; 0,411326464127686; 3,61992704007089
12840; 10; 0; 0; 0,707248369849969; 0,707248369849969; 2,58832887800848
12850; 2; 1; 0; 1; 0; 0,742913639217573
12867; 2; 0; 0; 1; 1; 11,3104519924445
12874; 2; 0; 0; 0,965079503011318; 0,965079503011318; 2,67398091119303
12879; 18; 15; 0; 0,225434536444618; 0,0825648757124619; 1,37936545235308
12911; 16; 0; 0; 0,999999999885442; 0,999999999885442; 12,8906040512559
12916; 2; 0; 0; 1; 1; 3,65311190172395
12920; 10; 7; 0; 0,376729521774147; 0,288221043610094; 1,90399640648867
12950; 2; 0; 0; 0,999998936061696; 0,999998936061696; 7,54030132829634
12963; 2; 0; 0; 1; 1; 2,36442397665685
12963; 2; 1; 0; 0,531076344439845; 0,468923655560155; 2,50420156002078
12965; 10; 0; 0; 0,681521871693554; 0,681521871693554; 3,06586487088435
12991; 10; 0; 0; 0,329764154366978; 0,329764154366978; 2,70696468958102
12993; 2; 1; 0; 1; 0; 1,9047252362619
13025; 2; 0; 0; 0,999975030938099; 0,999975030938099; 5,65522599622226
13029; 10; 0; 0; 0,997752198098518; 0,997752198098518; 4,47439155524838
13047; 2; 0; 0; 0,607270126894958; 0,607270126894958; 4,08602501569665
13055; 10; 0; 0; 0,923153224683623; 0,923153224683623; 4,10214727822271
13058; 4; 0; 0; 0,997681454453708; 0,997681454453708; 4,72118885424914
13058; 2; 0; 0; 1; 1; 15,0806026565927
13070; 2; 0; 0; 1; 1; 11,3104519924445
13099; 16; 0; 0; 1; 1; 8,45532876019076
13100; 2; 0; 0; 0,999842380726257; 0,999842380726257; 5,02686755219756
13108; 16; 0; 0; 0,945665140072656; 0,945665140072656; 5,30789578581124
13112; 10; 0; 0; 0,83409775958753; 0,83409775958753; 5,32342211775131
13112; 18; 0; 0; 0,60502038326811; 0,60502038326811; 1,03056039543621
13121; 3; 0; 0; 0,901358554444456; 0,901358554444456; 7,54110107936458
13128; 10; 7; 0; 0,447205447981421; 0,297489188644926; 2,08111235127831
13150; 2; 0; 0; 1; 1; 3,86590693706626
13151; 10; 0; 0; 0,985064421621119; 0,985064421621119; 3,54192372780107
13154; 4; 0; 0; 0,999995292392252; 0,999995292392252; 6,90019909467181
13154; 2; 0; 0; 1; 1; 11,3104519924445
13167; 2; 0; 0; 0,999999052458246; 0,999999052458246; 7,54030132829634
13170; 10; 2; 0; 0,428762506118811; 0,176854847276613; 2,6013491736087
13175; 2; 0; 0; 0,979681989389792; 0,979681989389792; 7,50369841205858
13179; 16; 0; 0; 0,999634611675733; 0,999634611675733; 6,45749108279061
13209; 2; 1; 0; 0,510722739684834; 0,489277260315167; 5,91467310207642
13212; 10; 0; 0; 0,999985405998108; 0,999985405998108; 5,59085484573927
13216; 2; 1; 0; 0,997745147641713; 0,00225485235828668; 12,2672364455165
13236; 10; 0; 0; 0,471883913903824; 0,471883913903824; 2,63199503249904
13237; 10; 1; 0; 0,312309891709239; 0,141082274522827; 2,50644878664909
13249; 2; 1; 0; 0,999999820253216; 1,79746784113347E-07; 1,87297981565753
13301; 2; 1; 0; 0,85092263857729; 0,14907736142271; 2,65945332226679
13312; 3; 0; 0; 0,963860393558465; 0,963860393558465; 6,00895586578406
13325; 10; 0; 0; 0,999401932090606; 0,999401932090606; 6,88367931576673
13328; 4; 0; 0; 0,990790238079902; 0,990790238079902; 5,62046681155214
13363; 20; 0; 0; 0,999995764789575; 0,999995764789575; 8,21862110127339
13373; 2; 0; 0; 0,63223055635477; 0,63223055635477; 4,02989991774251
13393; 3; 0; 0; 0,999994392455971; 0,999994392455971; 7,48157023312167
13395; 22; 0; 0; 0,999826382880334; 0,999826382880334; 6,44810987191382
13400; 19; 2; 0; 0,33378101260466; 0,259984781291187; 5,87599736838333
13405; 2; 1; 0; 0,970182255237135; 0,0298177447628651; 5,17893077408301
13418; 3; 0; 0; 1; 1; 3,95956428843713
13422; 2; 1; 0; 1; 0; 3,9664960147796
13424; 10; 3; 0; 0,321408906157448; 0,316051202963138; 3,55305206523706
13426; 2; 1; 0; 1; 0; 2,89593887997325
13441; 2; 1; 0; 1; 0; 1,16743571877047
13469; 2; 0; 0; 0,788858431670677; 0,788858431670677; 11,2365687931658
13470; 2; 0; 0; 0,875062851112372; 0,875062851112372; 2,64730255152431
13472; 2; 0; 0; 1; 1; 7,49476802650428
13494; 10; 1; 0; 0,289603528956276; 0,0588790157968912; 2,33359024963881
13503; 16; 0; 0; 0,999999997795444; 0,999999997795444; 7,51584778683623
13513; 2; 0; 0; 1; 1; 11,3104519924445
13515; 16; 2; 0; 0,619434766752818; 0; 2,57812081025117
13523; 2; 0; 0; 0,945663229001055; 0,945663229001055; 2,50023018755073
13540; 2; 1; 0; 1; 0; 2,30883028063341
13571; 2; 1; 0; 0,878302327705818; 0,121697672294182; 7,0191998918817
13572; 2; 0; 0; 1; 1; 15,0806026565927
13583; 2; 1; 0; 0,719957543905553; 0,280042456094447; 5,86693916959485
13603; 10; 1; 0; 0,337577205871128; 0,217182712559926; 2,50644878664909
13626; 10; 1; 0; 0,291000951552997; 0,0512499306080223; 2,33359024963881
13645; 2; 0; 0; 1; 1; 2,34441831300433
13645; 16; 0; 0; 1; 1; 13,5285260163052
13660; 10; 0; 0; 0,991182339095595; 0,991182339095595; 3,73869726823447
13684; 18; 0; 0; 0,491388141689596; 0,491388141689596; 3,89820671317175
13689; 2; 0; 0; 0,999303869959599; 0,999303869959599; 5,93879987877844
13720; 3; 0; 0; 0,905016683795305; 0,905016683795305; 8,22665572294318
13723; 4; 0; 0; 1; 1; 6,73050508796409
13737; 20; 0; 0; 0,999983108651553; 0,999983108651553; 8,21862110127339
13745; 2; 0; 0; 0,648078052010492; 0,648078052010492; 5,28779707913684
13746; 10; 1; 0; 0,45366166679272; 0,441218096586195; 4,30943695246535
13746; 18; 0; 0; 0,767562795046159; 0,767562795046159; 6,40419674306787
13750; 18; 0; 0; 0,999824496463689; 0,999824496463689; 5,63929335105829
13777; 2; 1; 0; 0,521494235172051; 0,478505764827949; 4,81898615574098
13803; 10; 4; 0; 0,282161595290044; 0; 1,90330076299618
13846; 2; 1; 0; 0,998117281227257; 0,00188271877274332; 11,2449667417235
13879; 3; 0; 0; 0,99998990428713; 0,99998990428713; 8,41676651226188
13894; 2; 0; 0; 0,973828179589047; 0,973828179589047; 7,45731575496282
13898; 4; 1; 0; 0,539934235032266; 0,345012353261157; 3,73760784294723
13898; 2; 0; 0; 1; 1; 11,3104519924445
13905; 10; 2; 0; 0,406604058581045; 0,0942140478215658; 1,91990091279873
13907; 4; 0; 0; 0,493893588014895; 0,493893588014895; 3,90011253177102
13927; 3; 0; 0; 0,871277311168924; 0,871277311168924; 6,96101638095192
13951; 10; 2; 0; 0,435262003811714; 0,187090483507858; 2,58566217147921
13985; 16; 0; 0; 1; 1; 18,0809750318137
13996; 2; 0; 0; 1; 1; 2,34441831300433
14006; 2; 0; 0; 0,999996874328119; 0,999996874328119; 4,79490042944471
14022; 2; 0; 0; 0,999999776401702; 0,999999776401702; 5,59405050101883
14029; 2; 1; 0; 0,905972273113151; 0,0940277268868491; 2,74094607169395
14072; 2; 0; 0; 0,636825239177668; 0,636825239177668; 2,98953602028274
14085; 2; 0; 0; 0,994000866646117; 0,994000866646117; 2,99790721060171
14108; 2; 0; 0; 1; 1; 6,75634087347308
14112; 19; 11; 0; 0,478083374028762; 0; 4,82671212402917
14128; 2; 0; 0; 1; 1; 11,1881010020377
14139; 10; 0; 0; 1; 1; 14,9089462553047
14143; 16; 0; 0; 0,863813883954906; 0,863813883954906; 3,22025752018585
14148; 2; 0; 0; 1; 1; 11,1881010020377
14152; 2; 0; 0; 0,997110696508987; 0,997110696508987; 3,21204343993041
14196; 2; 1; 0; 0,570450790187433; 0,429549209812567; 3,12492112179722
14198; 2; 0; 0; 1; 1; 9,04836159395561
14201; 2; 1; 0; 0,894243095940384; 0,105756904059616; 6,25178216801155
14206; 4; 0; 0; 0,998953890429667; 0,998953890429667; 6,91749761421802
14206; 2; 0; 0; 1; 1; 9,0072563767818
14214; 2; 0; 0; 0,62755520791614; 0,62755520791614; 4,32681386095
14218; 3; 0; 0; 0,9731392119801; 0,9731392119801; 3,76487095714801
14219; 2; 0; 0; 1; 1; 16,7821515030565
14222; 3; 0; 0; 0,916185508576417; 0,916185508576417; 5,63339612417256
14225; 16; 0; 0; 0,986663605790535; 0,986663605790535; 4,29367669358113
14236; 2; 0; 0; 0,999904683453287; 0,999904683453287; 4,08805528718415
14247; 2; 0; 0; 1; 1; 11,1881010020377
14256; 14; 1; 0; 0,451410311609153; 0,0760563056411479; 5,14148152953145
14264; 11; 0; 0; 0,99999876990577; 0,99999876990577; 4,47430686959209
14291; 16; 0; 0; 0,925346102021564; 0,925346102021564; 6,72136596859687
14311; 3; 0; 0; 1; 1; 16,8335330245238
14311; 16; 0; 0; 0,999988806344789; 0,999988806344789; 6,14933000741146
14324; 2; 0; 0; 1; 1; 5,63028406122756
14324; 2; 0; 0; 1; 1; 9,00082867518264
14326; 4; 0; 0; 0,999785780830122; 0,999785780830122; 8,17522445316676
14332; 3; 0; 0; 0,853331428271089; 0,853331428271089; 4,72291704499338
14333; 2; 1; 0; 0,557694306016201; 0,442305693983799; 4,49772041202492
14350; 2; 0; 0; 0,796578508177655; 0,796578508177655; 2,63782590024947
14364; 2; 0; 0; 1; 1; 13,4257212024452
14370; 2; 0; 0; 0,90560003903755; 0,90560003903755; 7,92071765447989
14371; 13; 0; 0; 0,617652273754593; 0,617652273754593; 11,2263590296928
14390; 2; 1; 0; 0,935269503330074; 0,0647304966699255; 7,48973631007577
14427; 16; 0; 0; 1; 1; 13,5285260163052
14431; 10; 0; 0; 0,808635658227986; 0,808635658227986; 5,19747516048957
14444; 3; 0; 0; 0,964157713375112; 0,964157713375112; 10,0548014391528
14445; 10; 0; 0; 1; 1; 11,2809050151125
14457; 2; 0; 0; 1; 1; 16,7821515030565
14468; 19; 0; 0; 0,995259406640565; 0,995259406640565; 7,94987879251863
14477; 2; 0; 0; 0,647060781501074; 0,647060781501074; 5,6182843965829
14491; 4; 0; 0; 0,999568987186468; 0,999568987186468; 7,47521568589446
14524; 3; 0; 0; 0,922665185591544; 0,922665185591544; 9,0493212952375
14535; 10; 0; 0; 0,99167754502864; 0,99167754502864; 5,98169971325549
14545; 10; 0; 0; 0,999999370369385; 0,999999370369385; 8,20429455644543
14555; 2; 1; 0; 0,654207117080846; 0,345792882919154; 3,74552293105527
14569; 10; 0; 0; 0,885604427542863; 0,885604427542863; 8,45438481422827
14573; 2; 0; 0; 0,922426286776668; 0,922426286776668; 4,73917794445805
14576; 10; 0; 0; 1; 1; 13,5348234479051
14576; 10; 0; 0; 0,999981270669857; 0,999981270669857; 6,62063467631103
14586; 10; 0; 0; 1; 1; 11,2790195399209
14618; 2; 0; 0; 1; 1; 9,00082867518264
14632; 2; 0; 0; 1; 1; 14,9146315099256
14634; 2; 0; 0; 0,908988833475542; 0,908988833475542; 7,92071765447989
14643; 10; 0; 0; 0,999957010004609; 0,999957010004609; 12,817927956976
14649; 10; 0; 0; 1; 1; 12,8924628744142
14650; 2; 0; 0; 1; 1; 11,283719769679
14656; 10; 0; 0; 0,862467501864308; 0,862467501864308; 8,45438481422827
14665; 2; 0; 0; 0,996619440754189; 0,996619440754189; 10,0468236618968
14674; 16; 0; 0; 1; 1; 12,9149821655812
14677; 2; 0; 0; 0,999949761633806; 0,999949761633806; 7,96411888929917
14681; 10; 0; 0; 0,999317023369546; 0,999317023369546; 10,3626457186344
14682; 3; 0; 0; 1; 1; 13,5535354457328
14706; 10; 0; 0; 0,44569644316175; 0,44569644316175; 6,14864350125692
14719; 2; 1; 0; 0,955998483099778; 0,0440015169002222; 5,17893077408301
14721; 3; 0; 0; 0,963860393558465; 0,963860393558465; 6,00895586578406
14724; 4; 0; 0; 0,999965709207105; 0,999965709207105; 11,2128235288417
14724; 10; 0; 0; 1; 1; 15,0412066868166
14740; 2; 0; 0; 1; 1; 9,0072563767818
14764; 2; 0; 0; 0,999989984558919; 0,999989984558919; 7,5006905626522
14803; 10; 0; 0; 0,567949434844058; 0,567949434844058; 7,51500872375846
14811; 2; 1; 0; 0,606632235726744; 0,393367764273256; 12,456811241658
14817; 2; 0; 0; 1; 1; 5,62953523548863
14826; 2; 0; 0; 1; 1; 11,3104519924445
14827; 16; 2; 0; 1; 0; 15,0390380597985
14829; 4; 0; 0; 0,999828002377736; 0,999828002377736; 8,97025882307336
14833; 2; 0; 0; 0,999990738875962; 0,999990738875962; 7,5006905626522
14838; 10; 0; 0; 0,999995815809469; 0,999995815809469; 8,05742565089808
14852; 10; 0; 0; 0,842236553767903; 0,842236553767903; 5,59298944406047
14852; 2; 0; 0; 1; 1; 9,0151256160748
14853; 4; 0; 0; 0,999832566625143; 0,999832566625143; 8,17522445316676
14858; 18; 0; 0; 0,90107312907602; 0,90107312907602; 9,48104138546581
14862; 4; 0; 0; 1; 1; 9,96695424785928
14867; 2; 0; 0; 0,947018271554348; 0,947018271554348; 7,50369841205858
14867; 2; 0; 0; 1; 1; 6,01008374404987
14872; 2; 0; 0; 0,921175019716112; 0,921175019716112; 7,47853998900947
14874; 2; 0; 0; 0,627703723366865; 0,627703723366865; 5,19016908463506
14875; 16; 0; 0; 1; 1; 11,2737716802543
14919; 2; 0; 0; 0,660516372723479; 0,660516372723479; 8,17205003139331
14921; 2; 0; 0; 1; 1; 10,2378594121197
14931; 10; 0; 0; 0,972466183180246; 0,972466183180246; 3,73869726823447
14939; 2; 0; 0; 1; 1; 8,99372163180514
14942; 11; 0; 0; 1; 1; 11,1857671739802
14954; 10; 0; 0; 0,999993811718992; 0,999993811718992; 9,61379297546006
14972; 16; 2; 0; 0,916739887460783; 0,0531148772526383; 5,30789578581124
14973; 4; 0; 0; 1; 1; 11,2128235288417
14978; 2; 1; 0; 1; 0; 2,88670287288884
14980; 2; 0; 0; 1; 1; 9,58980085888943
14998; 10; 2; 0; 0,476834431687573; 0; 3,92327577832784
15010; 16; 0; 0; 1; 1; 11,2737716802543
15018; 20; 0; 0; 0,999974742965278; 0,999974742965278; 8,21862110127339
15019; 2; 1; 0; 0,566296259338795; 0,433703740661205; 10,2579270633446
15033; 11; 0; 0; 1; 1; 8,94861373918418
15037; 18; 0; 0; 0,984699454764331; 0,984699454764331; 10,6018459355619
15038; 10; 0; 0; 0,999998035796327; 0,999998035796327; 9,96949952209248
15050; 2; 1; 0; 0,954441249103851; 0,0455587508961493; 10,2301890022007
15054; 16; 0; 0; 0,999993935720448; 0,999993935720448; 7,51584778683623
15057; 3; 0; 0; 0,998044136126546; 0,998044136126546; 11,294612871444
15060; 18; 0; 0; 0,985499572968893; 0,985499572968893; 10,6018459355619
15067; 10; 0; 0; 0,993771928210812; 0,993771928210812; 4,48643672188136
15071; 3; 0; 0; 0,999994163550844; 0,999994163550844; 11,2223553496825
15075; 3; 0; 0; 0,902964261438754; 0,902964261438754; 4,488942139873
15083; 17; 0; 0; 1; 1; 9,66298456046895
15086; 11; 0; 0; 0,998860149225951; 0,998860149225951; 7,46966077207858
15111; 2; 1; 0; 0,647548716921647; 0,352451283078353; 14,9376937602351
15127; 2; 1; 0; 0,500540215199522; 0,499459784800478; 3,89939480906444
15134; 10; 0; 0; 0,999989746579505; 0,999989746579505; 8,97254956988323
15144; 2; 0; 0; 1; 1; 10,0168062400831
15165; 10; 0; 0; 0,99999999992076; 0,99999999992076; 11,2809050151125
15166; 16; 0; 0; 0,796833596641378; 0,796833596641378; 8,203111668981
15167; 2; 0; 0; 1; 1; 5,62248337086173
15174; 3; 0; 0; 0,999863326507066; 0,999863326507066; 8,41676651226188
15174; 2; 0; 0; 1; 1; 7,5060469806515
15182; 10; 0; 0; 0,913267127771349; 0,913267127771349; 5,59298944406047
15185; 10; 0; 0; 0,999999999905232; 0,999999999905232; 11,2809050151125
15187; 2; 0; 0; 1; 1; 13,4257212024452
15194; 2; 0; 0; 0,509116290202292; 0,509116290202292; 6,4208964532376
15208; 2; 0; 0; 1; 1; 4,88292166391771
15213; 3; 2; 0; 0,99704112677779; 0,00295887322221041; 5,97124903850153
15216; 16; 0; 0; 1; 1; 11,2737716802543
15217; 3; 0; 0; 0,999833563779464; 0,999833563779464; 8,41676651226188
15217; 16; 0; 0; 0,999999996282924; 0,999999996282924; 9,66323286878944
15224; 2; 0; 0; 0,55982932032931; 0,55982932032931; 6,40614861489158
15267; 2; 0; 0; 0,709267935967829; 0,709267935967829; 11,2440932935374
15272; 3; 0; 0; 0,893716041787667; 0,893716041787667; 6,96101638095192
15281; 10; 0; 0; 0,655687763707492; 0,655687763707492; 8,45438481422827
15283; 11; 0; 0; 0,999798780756965; 0,999798780756965; 12,2876801504528
15284; 22; 0; 0; 0,999999894230207; 0,999999894230207; 12,31002793729
15286; 3; 0; 0; 0,805015844081273; 0,805015844081273; 8,75379782822872
15287; 2; 1; 0; 0,500526772272708; 0,499473227727292; 3,73692002535342
15288; 3; 0; 0; 0,998049231141914; 0,998049231141914; 11,294612871444
15295; 16; 0; 0; 0,999999997972321; 0,999999997972321; 11,2709013206505
15299; 22; 0; 0; 0,999959344793234; 0,999959344793234; 9,67216480787073
15301; 17; 0; 0; 1; 1; 11,2734819872138
15302; 16; 0; 0; 0,986881005296984; 0,986881005296984; 12,8906040512559
15311; 2; 0; 0; 0,656356702306364; 0,656356702306364; 8,41576250788488
15317; 2; 0; 0; 0,876356434111656; 0,876356434111656; 7,49761049051031
15331; 2; 0; 0; 1; 1; 5,10487264864124
15339; 11; 0; 0; 0,999999997912484; 0,999999997912484; 13,4453893897414
15350; 2; 0; 0; 1; 1; 11,3104519924445
15374; 10; 0; 0; 0,999999992521367; 0,999999992521367; 8,67722762404409
15393; 10; 0; 0; 0,463141482764645; 0,463141482764645; 5,59255350061626
15419; 3; 0; 0; 0,999369120778134; 0,999369120778134; 13,5535354457328
15424; 3; 0; 0; 0,940214482439832; 0,940214482439832; 4,80684763148459
15431; 3; 0; 0; 0,906259295805675; 0,906259295805675; 4,488942139873
15431; 2; 0; 0; 1; 1; 9,0072563767818
15432; 2; 0; 0; 0,777277811681582; 0,777277811681582; 6,93819478498159
15458; 4; 0; 0; 1; 1; 11,2128235288417
15458; 10; 0; 0; 0,999999999007854; 0,999999999007854; 10,0274711245444
15462; 4; 0; 0; 1; 1; 9,96695424785928
15466; 2; 0; 0; 1; 1; 13,4257212024452
15468; 10; 0; 0; 0,555078386935008; 0,555078386935008; 7,51500872375846
15472; 2; 1; 0; 0,640820472478212; 0,359179527521788; 5,59203692216514
15485; 22; 0; 0; 0,999990950095332; 0,999990950095332; 10,4161774853992
15496; 2; 1; 0; 0,959162325194986; 0,0408376748050143; 8,64200343470281
15497; 10; 0; 0; 1; 1; 13,5348234479051
15507; 3; 1; 0; 0,793662294639654; 0,206337705360346; 6,43816699905435
15512; 2; 1; 0; 1; 0; 4,50221904723515
15518; 2; 0; 0; 1; 1; 7,49476802650428
15522; 2; 0; 0; 0,9955633952897; 0,9955633952897; 7,0523248560494
15523; 3; 0; 0; 0,859870093531797; 0,859870093531797; 4,20838325613094
15530; 2; 1; 0; 0,984370645480521; 0,0156293545194787; 12,5035643360231
15531; 2; 0; 0; 0,570747858538341; 0,570747858538341; 7,92071765447989
15541; 19; 2; 0; 0,635268218783368; 0; 7,11304944593772
15545; 3; 2; 0; 0,857249318058879; 0,142649494833435; 4,52466064761875
15546; 16; 0; 0; 1; 1; 13,5285260163052
15562; 18; 0; 0; 0,903789147085751; 0,903789147085751; 9,48104138546581
15587; 10; 0; 0; 0,543964084603215; 0,543964084603215; 6,88314276998924
15620; 3; 0; 0; 0,999572797870624; 0,999572797870624; 16,941919307166
15622; 2; 0; 0; 0,927543048558434; 0,927543048558434; 6,1540918690039
15627; 11; 0; 0; 1; 1; 14,9143562319736
15630; 10; 0; 0; 0,701605691533951; 0,701605691533951; 7,49571003714923
15641; 2; 1; 0; 0,973399257293271; 0,026600742706729; 11,2532079024208
15646; 10; 0; 0; 0,703042928941968; 0,703042928941968; 4,98474976104624
15650; 11; 0; 0; 0,995493383244013; 0,995493383244013; 6,72269469487072
15655; 2; 1; 0; 1; 0; 5,00246560803906
15659; 10; 0; 0; 0,523457420931629; 0,523457420931629; 6,76350785138261
15671; 2; 0; 0; 0,999989984558919; 0,999989984558919; 7,5006905626522
15686; 2; 0; 0; 1; 1; 9,62734844463685
15689; 2; 0; 0; 1; 1; 9,0072563767818
15699; 2; 0; 0; 0,832109072597819; 0,832109072597819; 5,64185988483952
15703; 2; 0; 0; 1; 1; 11,3104519924445
15726; 10; 0; 0; 0,99962019916228; 0,99962019916228; 7,12704668343335
15735; 18; 1; 0; 0,504289228709788; 0,417958407385529; 10,40614816323
15736; 2; 1; 0; 1; 0; 4,48870526395854
15740; 2; 1; 0; 0,972650179425592; 0,0273498205744078; 11,2532079024208
15746; 2; 0; 0; 1; 1; 8,99372163180514
15748; 20; 0; 0; 0,999997712100956; 0,999997712100956; 9,04048321140073
15750; 10; 0; 0; 1; 1; 13,5348234479051
15754; 3; 2; 0; 0,728359092178976; 0,271640907821024; 5,82758710118144
15798; 2; 0; 0; 1; 1; 12,8787508801069
15810; 10; 0; 0; 0,416396152118218; 0,416396152118218; 6,14864350125692
15829; 4; 0; 0; 1; 1; 11,2128235288417
15829; 2; 0; 0; 0,999992477285301; 0,999992477285301; 7,5006905626522
15830; 22; 0; 0; 1; 1; 16,9262884137738
15834; 2; 0; 0; 0,999965629088816; 0,999965629088816; 18,0842825914142
15840; 20; 0; 0; 0,999912749247736; 0,999912749247736; 7,53373600950061
15858; 2; 1; 0; 1; 0; 4,73917794445805
15863; 10; 0; 0; 0,9993264639196; 0,9993264639196; 7,45447312765236
15875; 16; 2; 0; 0,94287043459308; 0,00751397991336918; 5,0130126865995
15900; 4; 0; 0; 1; 1; 12,8146554615334
15912; 2; 0; 0; 0,654142426092327; 0,654142426092327; 8,41576250788488
