MAC; alternativas; MasProb; Elección; MaxProb; ElecProb; %linkOK; %linkNO; %DistOK; %DistNO
21; 2; 0; 0; 0,998984629900532; 0,998984629900532; 1; 0; 1; 0
32; 10; 0; 0; 1; 1; 1; 0; 1; 0
54; 20; 0; 0; 0,999636876509251; 0,999636876509251; 1; 0; 1; 0
68; 3; 0; 0; 0,928218536342621; 0,928218536342621; 1; 0; 1; 0
69; 16; 0; 0; 1; 1; 1; 0; 1; 0
77; 16; 2; 0; 0,901902591364032; 0,0623510905613715; 1; 0; 1; 0
113; 10; 0; 0; 1; 1; 1; 0; 1; 0
128; 8; 0; 0; 0,993317939239178; 0,993317939239178; 1; 0; 1; 0
158; 10; 0; 0; 0,999999923387821; 0,999999923387821; 1; 0; 1; 0
164; 10; 0; 0; 0,999041500806352; 0,999041500806352; 1; 0; 1; 0
176; 10; 0; 0; 0,999998982915639; 0,999998982915639; 1; 0; 1; 0
191; 10; 0; 0; 0,997851141599172; 0,997851141599172; 1; 0; 1; 0
213; 10; 0; 0; 0,734493757681994; 0,734493757681994; 1; 0; 1; 0
231; 20; 0; 0; 0,997558752790602; 0,997558752790602; 1; 0; 1; 0
235; 16; 0; 0; 1; 1; 1; 0; 1; 0
238; 11; 0; 0; 1; 1; 1; 0; 1; 0
244; 40; 20; 0; 0,619327412286042; 0,380570637664914; 1; 0; 1; 0
257; 10; 2; 1; 0,582111610619588; 0,412348985219955; 0; 0; 0,37362349693995; 0,62637650306005
268; 2; 0; 1; 0,967050051744117; 0,0329499482558827; 0; 0; 0,333212359042951; 0,666787640957049
277; 100; 20; 0; 0,405482195800804; 0,28055581415449; 1; 0; 1; 0
302; 16; 0; 0; 1; 1; 1; 0; 1; 0
304; 10; 0; 0; 0,999283306037667; 0,999283306037667; 1; 0; 1; 0
321; 10; 0; 0; 1; 1; 1; 0; 1; 0
332; 3; 0; 0; 0,892037134619004; 0,892037134619004; 1; 0; 1; 0
340; 2; 1; 1; 0,994690829286413; 0,994690829286413; 0; 0; 0,167385047325938; 0,832614952674062
362; 3; 0; 0; 1; 1; 1; 0; 1; 0
363; 16; 0; 0; 1; 1; 1; 0; 1; 0
372; 10; 0; 0; 0,999981032950911; 0,999981032950911; 1; 0; 1; 0
379; 68; 0; 0; 0,999995186403208; 0,999995186403208; 1; 0; 1; 0
408; 10; 0; 0; 1; 1; 1; 0; 1; 0
416; 2; 0; 0; 1; 1; 1; 0; 1; 0
428; 16; 2; 0; 0,586050961862518; 0,407422750856765; 1; 0; 1; 0
454; 10; 0; 0; 0,999968296332542; 0,999968296332542; 1; 0; 1; 0
468; 2; 1; 0; 0,51390947529949; 0,48609052470051; 1; 0; 1; 0
477; 2; 0; 0; 0,999992666334786; 0,999992666334786; 1; 0; 1; 0
482; 11; 0; 0; 1; 1; 1; 0; 1; 0
498; 10; 0; 0; 0,995706002498361; 0,995706002498361; 1; 0; 1; 0
509; 2; 0; 1; 1; 0; 0; 0; 0,19881132297054; 0,80118867702946
510; 2; 0; 1; 1; 0; 0; 0; 0,201011461648518; 0,798988538351482
528; 2; 0; 0; 1; 1; 1; 0; 1; 0
541; 2; 0; 0; 1; 1; 1; 0; 1; 0
543; 20; 0; 0; 0,999995930020018; 0,999995930020018; 1; 0; 1; 0
546; 10; 0; 0; 0,998365548836597; 0,998365548836597; 1; 0; 1; 0
565; 2; 0; 0; 1; 1; 1; 0; 1; 0
570; 10; 0; 0; 1; 1; 1; 0; 1; 0
591; 10; 0; 0; 0,999275644979731; 0,999275644979731; 1; 0; 1; 0
615; 2; 0; 0; 1; 1; 1; 0; 1; 0
620; 22; 0; 0; 0,999998970192163; 0,999998970192163; 1; 0; 1; 0
630; 10; 0; 0; 1; 1; 1; 0; 1; 0
666; 2; 0; 0; 1; 1; 1; 0; 1; 0
673; 13; 2; 0; 0,742280434610617; 0,255840663851583; 1; 0; 1; 0
679; 4; 0; 0; 0,999984492290202; 0,999984492290202; 1; 0; 1; 0
692; 10; 0; 0; 0,999999173126706; 0,999999173126706; 1; 0; 1; 0
718; 2; 1; 0; 0,566296259338795; 0,433703740661205; 1; 0; 1; 0
734; 2; 0; 0; 1; 1; 1; 0; 1; 0
743; 2; 0; 1; 1; 0; 0; 0; 0,428193131701094; 0,571806868298906
766; 4; 0; 0; 0,995992983755341; 0,995992983755341; 1; 0; 1; 0
794; 2; 0; 0; 0,986274400787841; 0,986274400787841; 1; 0; 1; 0
814; 10; 0; 0; 0,993287188125753; 0,993287188125753; 1; 0; 1; 0
817; 20; 0; 0; 0,999985504780009; 0,999985504780009; 1; 0; 1; 0
826; 16; 0; 0; 0,999264947185839; 0,999264947185839; 1; 0; 1; 0
827; 10; 0; 0; 0,999820629595582; 0,999820629595582; 1; 0; 1; 0
830; 68; 0; 0; 0,999980925261357; 0,999980925261357; 1; 0; 1; 0
875; 16; 0; 0; 0,99968218305378; 0,99968218305378; 1; 0; 1; 0
881; 22; 0; 0; 0,999941640328049; 0,999941640328049; 1; 0; 1; 0
886; 10; 0; 0; 1; 1; 1; 0; 1; 0
914; 10; 0; 0; 0,492032894786204; 0,492032894786204; 1; 0; 1; 0
919; 16; 0; 0; 0,999999995437613; 0,999999995437613; 1; 0; 1; 0
923; 10; 0; 0; 0,989838678686282; 0,989838678686282; 1; 0; 1; 0
928; 2; 0; 0; 1; 1; 1; 0; 1; 0
935; 3; 1; 0; 0,733941891886171; 0,266058108113829; 1; 0; 1; 0
960; 10; 0; 0; 0,994287913128499; 0,994287913128499; 1; 0; 1; 0
969; 10; 0; 0; 1; 1; 1; 0; 1; 0
987; 10; 0; 0; 0,983940729860009; 0,983940729860009; 1; 0; 1; 0
991; 3; 0; 0; 0,912827578536109; 0,912827578536109; 1; 0; 1; 0
1001; 2; 0; 0; 0,999999997499096; 0,999999997499096; 1; 0; 1; 0
1007; 16; 0; 0; 1; 1; 1; 0; 1; 0
1051; 10; 0; 0; 0,399560153185615; 0,399560153185615; 1; 0; 1; 0
1070; 16; 0; 0; 0,993255884418719; 0,993255884418719; 1; 0; 1; 0
1090; 2; 1; 1; 0,567771658951718; 0,567771658951718; 0; 0; 0,500256624585928; 0,499743375414072
1092; 10; 0; 0; 0,999985055031779; 0,999985055031779; 1; 0; 1; 0
1098; 40; 0; 0; 0,999628150624353; 0,999628150624353; 1; 0; 1; 0
1110; 17; 0; 0; 1; 1; 1; 0; 1; 0
1111; 10; 0; 0; 0,529628631250566; 0,529628631250566; 1; 0; 1; 0
1127; 2; 0; 0; 1; 1; 1; 0; 1; 0
1155; 2; 1; 1; 0,52203264488386; 0,52203264488386; 0; 0; 0,166235758316226; 0,833764241683774
1177; 2; 1; 0; 0,575056225704927; 0,424943774295074; 1; 0; 1; 0
1187; 8; 0; 0; 0,999988890697882; 0,999988890697882; 1; 0; 1; 0
1208; 16; 0; 0; 1; 1; 1; 0; 1; 0
1228; 2; 0; 0; 0,674781262470377; 0,674781262470377; 1; 0; 1; 0
1236; 20; 1; 1; 0,723051827688078; 0,723051827688078; 0; 0; 0,500984484812199; 0,499015515187801
1250; 3; 0; 0; 0,988426576490013; 0,988426576490013; 1; 0; 1; 0
1256; 2; 0; 1; 1; 0; 0; 0; 0,37453846769788; 0,62546153230212
1267; 3; 0; 0; 0,982145606617127; 0,982145606617127; 1; 0; 1; 0
1271; 2; 0; 0; 1; 1; 1; 0; 1; 0
1273; 3; 0; 0; 0,926471693469049; 0,926471693469049; 1; 0; 1; 0
1308; 10; 2; 0; 0,395824481453833; 0,300458078704462; 1; 0; 1; 0
1315; 16; 0; 0; 1; 1; 1; 0; 1; 0
1329; 2; 0; 0; 0,999992666334786; 0,999992666334786; 1; 0; 1; 0
1331; 10; 0; 0; 1; 1; 1; 0; 1; 0
1342; 2; 1; 1; 0,99814940118194; 0,99814940118194; 0; 0; 0,499871699868275; 0,500128300131725
1364; 16; 2; 0; 0,582185313362597; 0,411384706680004; 1; 0; 1; 0
1368; 3; 0; 0; 0,99969860381327; 0,99969860381327; 1; 0; 1; 0
1370; 2; 0; 0; 1; 1; 1; 0; 1; 0
1376; 2; 0; 0; 1; 1; 1; 0; 1; 0
1380; 20; 1; 0; 0,28298129619051; 0,192189033094155; 1; 0; 1; 0
1471; 2; 0; 0; 1; 1; 1; 0; 1; 0
1474; 3; 0; 0; 0,804782072105384; 0,804782072105384; 1; 0; 1; 0
1477; 2; 0; 0; 0,999869025558159; 0,999869025558159; 1; 0; 1; 0
1478; 3; 0; 0; 0,904576418106401; 0,904576418106401; 1; 0; 1; 0
1484; 16; 0; 0; 1; 1; 1; 0; 1; 0
1495; 20; 0; 0; 0,999648658712544; 0,999648658712544; 1; 0; 1; 0
1522; 19; 0; 2; 0,882703546716071; 0,111314393854294; 0; 0; 0,248701256643475; 0,751298743356526
1553; 18; 0; 2; 0,604480731586866; 0,0784831834095508; 0; 0; 0,249836158183357; 0,750163841816643
1576; 2; 0; 0; 1; 1; 1; 0; 1; 0
1587; 10; 0; 0; 0,999964452150875; 0,999964452150875; 1; 0; 1; 0
1588; 2; 0; 0; 1; 1; 1; 0; 1; 0
1629; 4; 0; 0; 1; 1; 1; 0; 1; 0
1675; 13; 2; 0; 0,739189911556046; 0,259101906960873; 1; 0; 1; 0
1687; 2; 0; 0; 0,962828611476067; 0,962828611476067; 1; 0; 1; 0
1689; 10; 0; 0; 0,831220567973321; 0,831220567973321; 1; 0; 1; 0
1691; 22; 0; 0; 0,999984972894972; 0,999984972894972; 1; 0; 1; 0
1692; 2; 0; 0; 0,904433887246601; 0,904433887246601; 1; 0; 1; 0
1702; 10; 0; 0; 0,951542384893881; 0,951542384893881; 1; 0; 1; 0
1703; 10; 0; 2; 0,669789019377291; 0,0995190332880824; 0; 1; 0; 1
1716; 22; 0; 0; 0,999941640328049; 0,999941640328049; 1; 0; 1; 0
1726; 10; 0; 0; 0,95830342722975; 0,95830342722975; 1; 0; 1; 0
1729; 2; 0; 0; 0,999993001333264; 0,999993001333264; 1; 0; 1; 0
1753; 10; 0; 2; 0,665492635092648; 0,0698442718903904; 0; 0; 0,14218621912864; 0,85781378087136
1776; 2; 0; 0; 0,972371995348028; 0,972371995348028; 1; 0; 1; 0
1808; 18; 0; 2; 0,678331246818699; 0,0176267310444778; 0; 0; 0,249836158183357; 0,750163841816643
1809; 32; 0; 1; 0,60357220467501; 0,39642779532499; 0; 0; 0,500984484812199; 0,499015515187801
1811; 22; 0; 0; 0,999999048405901; 0,999999048405901; 1; 0; 1; 0
1813; 4; 0; 0; 0,998274318428427; 0,998274318428427; 1; 0; 1; 0
1842; 2; 1; 0; 1; 0; 1; 0; 1; 0
1875; 2; 1; 0; 0,577946245860535; 0,422053754139466; 1; 0; 1; 0
1944; 2; 0; 0; 1; 1; 1; 0; 1; 0
1948; 2; 0; 0; 0,999999450459429; 0,999999450459429; 1; 0; 1; 0
1954; 2; 0; 0; 1; 1; 1; 0; 1; 0
1956; 10; 0; 0; 0,520551945234853; 0,520551945234853; 1; 0; 1; 0
1965; 3; 0; 0; 0,997816021759015; 0,997816021759015; 1; 0; 1; 0
1975; 2; 0; 0; 1; 1; 1; 0; 1; 0
1984; 2; 0; 0; 0,999999470720099; 0,999999470720099; 1; 0; 1; 0
1996; 2; 0; 1; 1; 0; 0; 0; 0,199321718519391; 0,800678281480609
2008; 22; 0; 0; 0,999999964766963; 0,999999964766963; 1; 0; 1; 0
2020; 2; 0; 0; 0,999986153834082; 0,999986153834082; 1; 0; 1; 0
2030; 2; 1; 1; 0,584671353102708; 0,584671353102708; 0; 0; 0,333212359042951; 0,666787640957049
2031; 10; 0; 0; 0,999548674264272; 0,999548674264272; 1; 0; 1; 0
2032; 4; 1; 0; 0,602990924969103; 0,397009075030897; 1; 0; 1; 0
2107; 10; 0; 0; 0,99820044580717; 0,99820044580717; 1; 0; 1; 0
2126; 10; 0; 0; 1; 1; 1; 0; 1; 0
2133; 10; 0; 2; 0,695835314685798; 0,0819381853409971; 0; 1; 0; 1
2175; 40; 0; 0; 0,997598138586863; 0,997598138586863; 1; 0; 1; 0
2177; 20; 0; 0; 0,997615155176251; 0,997615155176251; 1; 0; 1; 0
2210; 10; 0; 0; 0,987039388712289; 0,987039388712289; 1; 0; 1; 0
2246; 10; 0; 0; 0,748580446994587; 0,748580446994587; 1; 0; 1; 0
2262; 10; 0; 0; 0,999235805606678; 0,999235805606678; 1; 0; 1; 0
2278; 4; 0; 0; 0,999331177974057; 0,999331177974057; 1; 0; 1; 0
2281; 2; 0; 0; 1; 1; 1; 0; 1; 0
2283; 2; 1; 0; 0,725199849339604; 0,274800150660396; 1; 0; 1; 0
2287; 10; 0; 0; 0,999701964092053; 0,999701964092053; 1; 0; 1; 0
2299; 4; 0; 0; 0,999998946247455; 0,999998946247455; 1; 0; 1; 0
2316; 10; 0; 0; 0,999998408134484; 0,999998408134484; 1; 0; 1; 0
2378; 2; 0; 0; 1; 1; 1; 0; 1; 0
2398; 2; 0; 0; 1; 1; 1; 0; 1; 0
2413; 10; 0; 0; 0,999999846120557; 0,999999846120557; 1; 0; 1; 0
2417; 10; 0; 0; 1; 1; 1; 0; 1; 0
2423; 10; 0; 0; 0,950319149851288; 0,950319149851288; 1; 0; 1; 0
2426; 16; 0; 0; 1; 1; 1; 0; 1; 0
2440; 3; 0; 0; 0,723422899668845; 0,723422899668845; 1; 0; 1; 0
2442; 2; 0; 0; 1; 1; 1; 0; 1; 0
2446; 2; 0; 0; 0,999885809950212; 0,999885809950212; 1; 0; 1; 0
2453; 18; 11; 0; 0,225725599286301; 0,181342856327492; 1; 0; 1; 0
2455; 2; 0; 1; 0,986922498363027; 0,0130775016369729; 0; 1; 0; 1
2456; 10; 0; 0; 0,647357676871184; 0,647357676871184; 1; 0; 1; 0
2499; 16; 0; 0; 0,964906399384403; 0,964906399384403; 1; 0; 1; 0
2507; 10; 0; 0; 0,999997505300636; 0,999997505300636; 1; 0; 1; 0
2511; 2; 0; 0; 0,999985339120019; 0,999985339120019; 1; 0; 1; 0
2514; 40; 0; 0; 0,999999999508818; 0,999999999508818; 1; 0; 1; 0
2518; 2; 1; 0; 0,980585490984512; 0,0194145090154877; 1; 0; 1; 0
2525; 2; 0; 0; 1; 1; 1; 0; 1; 0
2531; 22; 0; 0; 0,999992533280163; 0,999992533280163; 1; 0; 1; 0
2532; 20; 0; 0; 0,999991510003529; 0,999991510003529; 1; 0; 1; 0
2536; 10; 0; 0; 0,999997810596872; 0,999997810596872; 1; 0; 1; 0
2540; 18; 0; 0; 0,999072303244258; 0,999072303244258; 1; 0; 1; 0
2542; 2; 0; 0; 0,594473152391007; 0,594473152391007; 1; 0; 1; 0
2553; 2; 0; 0; 0,999948806971099; 0,999948806971099; 1; 0; 1; 0
2571; 3; 0; 0; 0,857423955527593; 0,857423955527593; 1; 0; 1; 0
2587; 10; 0; 0; 0,995904052091461; 0,995904052091461; 1; 0; 1; 0
2609; 2; 1; 1; 0,848444993421138; 0,848444993421138; 0; 0; 0,201011461648518; 0,798988538351482
2616; 22; 0; 0; 0,999949899448507; 0,999949899448507; 1; 0; 1; 0
2626; 2; 1; 1; 0,854042413076597; 0,854042413076597; 0; 0; 0,249098786887142; 0,750901213112858
2627; 19; 2; 0; 0,490199861894711; 0,458085588767012; 1; 0; 1; 0
2636; 16; 0; 0; 1; 1; 1; 0; 1; 0
2657; 10; 0; 0; 0,973528294057717; 0,973528294057717; 1; 0; 1; 0
2671; 2; 0; 0; 1; 1; 1; 0; 1; 0
2691; 10; 0; 0; 0,999999986365852; 0,999999986365852; 1; 0; 1; 0
2695; 10; 0; 0; 0,999524315464684; 0,999524315464684; 1; 0; 1; 0
2701; 20; 0; 0; 0,998417512723044; 0,998417512723044; 1; 0; 1; 0
2702; 2; 0; 0; 1; 1; 1; 0; 1; 0
2708; 2; 0; 0; 0,511785129122112; 0,511785129122112; 1; 0; 1; 0
2715; 2; 0; 0; 1; 1; 1; 0; 1; 0
2723; 16; 0; 0; 1; 1; 1; 0; 1; 0
2748; 10; 3; 0; 0,105543149428719; 0,0501116551415314; 1; 0; 1; 0
2762; 3; 0; 0; 1; 1; 1; 0; 1; 0
2775; 3; 0; 0; 0,96045313080769; 0,96045313080769; 1; 0; 1; 0
2776; 11; 0; 0; 1; 1; 1; 0; 1; 0
2807; 11; 0; 0; 1; 1; 1; 0; 1; 0
2810; 16; 2; 0; 0,41103247077503; 0; 1; 0; 1; 0
2822; 68; 0; 0; 1; 1; 1; 0; 1; 0
2832; 10; 0; 0; 0,978662649050755; 0,978662649050755; 1; 0; 1; 0
2838; 11; 0; 0; 1; 1; 1; 0; 1; 0
2853; 3; 0; 0; 1; 1; 1; 0; 1; 0
2856; 2; 0; 0; 1; 1; 1; 0; 1; 0
2858; 17; 0; 0; 0,999999995697371; 0,999999995697371; 1; 0; 1; 0
2872; 2; 0; 1; 0,813128343676234; 0,186871656323766; 0; 0; 0,500296553284424; 0,499703446715576
2874; 2; 1; 0; 0,880808176292547; 0,119191823707453; 1; 0; 1; 0
2875; 16; 9; 0; 0,0713316208146384; 0,0224230629525062; 1; 0; 1; 0
2878; 2; 0; 0; 0,999980866030097; 0,999980866030097; 1; 0; 1; 0
2883; 16; 5; 0; 0,0650747812183973; 0,0238782817240402; 1; 0; 1; 0
2911; 10; 2; 0; 0,448187514820751; 0,435292759594046; 1; 0; 1; 0
2921; 14; 2; 10; 0,223506165894509; 0; 0; 1; 0; 1
2936; 20; 0; 0; 0,999999995214579; 0,999999995214579; 1; 0; 1; 0
2952; 10; 0; 0; 0,999987948730921; 0,999987948730921; 1; 0; 1; 0
2957; 2; 0; 0; 0,999989237271445; 0,999989237271445; 1; 0; 1; 0
2963; 3; 0; 0; 0,822723456434602; 0,822723456434602; 1; 0; 1; 0
2973; 2; 1; 0; 1; 0; 1; 0; 1; 0
2992; 2; 0; 0; 0,999999999216728; 0,999999999216728; 1; 0; 1; 0
3011; 20; 0; 0; 0,66472217215087; 0,66472217215087; 1; 0; 1; 0
3018; 2; 1; 0; 0,71278716175396; 0,28721283824604; 1; 0; 1; 0
3060; 2; 0; 0; 1; 1; 1; 0; 1; 0
3063; 10; 0; 0; 0,999943726705378; 0,999943726705378; 1; 0; 1; 0
3082; 3; 0; 0; 0,587074615030348; 0,587074615030348; 1; 0; 1; 0
3095; 16; 0; 0; 0,986878473190362; 0,986878473190362; 1; 0; 1; 0
3103; 3; 0; 0; 1; 1; 1; 0; 1; 0
3121; 2; 0; 1; 1; 0; 0; 0; 0,500599967389935; 0,499400032610065
3129; 16; 0; 0; 0,95249289393316; 0,95249289393316; 1; 0; 1; 0
3152; 3; 0; 0; 0,895087432499152; 0,895087432499152; 1; 0; 1; 0
3158; 2; 0; 0; 1; 1; 1; 0; 1; 0
3160; 2; 1; 0; 1; 0; 1; 0; 1; 0
3212; 22; 0; 0; 1; 1; 1; 0; 1; 0
3214; 3; 0; 0; 0,999988639544513; 0,999988639544513; 1; 0; 1; 0
3220; 11; 0; 0; 0,999999974613283; 0,999999974613283; 1; 0; 1; 0
3225; 10; 0; 0; 0,999997958346534; 0,999997958346534; 1; 0; 1; 0
3226; 2; 1; 1; 0,812402866981377; 0,812402866981377; 0; 0; 0,499975874235971; 0,500024125764029
3229; 26; 0; 0; 0,742219114202632; 0,742219114202632; 1; 0; 1; 0
3247; 2; 0; 0; 1; 1; 1; 0; 1; 0
3270; 2; 0; 0; 0,999999990273397; 0,999999990273397; 1; 0; 1; 0
3284; 3; 0; 0; 1; 1; 1; 0; 1; 0
3304; 2; 0; 0; 1; 1; 1; 0; 1; 0
3315; 2; 0; 0; 0,999962986658929; 0,999962986658929; 1; 0; 1; 0
3316; 10; 0; 0; 0,991890846114037; 0,991890846114037; 1; 0; 1; 0
3321; 16; 2; 0; 0,808129159122985; 0,182542206261419; 1; 0; 1; 0
3324; 2; 0; 0; 1; 1; 1; 0; 1; 0
3327; 19; 0; 0; 0,607441736869746; 0,607441736869746; 1; 0; 1; 0
3329; 11; 3; 0; 0,664650911805606; 0; 1; 0; 1; 0
3332; 19; 0; 1; 0,953976301456934; 7,38261040037072E-08; 0; 0; 0,334175033414952; 0,665824966585048
3336; 3; 0; 0; 1; 1; 1; 0; 1; 0
3355; 2; 0; 0; 0,999999960590333; 0,999999960590333; 1; 0; 1; 0
3369; 10; 0; 0; 0,971488692376221; 0,971488692376221; 1; 0; 1; 0
3395; 22; 0; 0; 0,999992496374108; 0,999992496374108; 1; 0; 1; 0
3402; 2; 1; 0; 1; 0; 1; 0; 1; 0
3420; 2; 0; 0; 0,705374606130343; 0,705374606130343; 1; 0; 1; 0
3432; 4; 0; 0; 0,999993269000549; 0,999993269000549; 1; 0; 1; 0
3475; 2; 0; 0; 0,999859926664678; 0,999859926664678; 1; 0; 1; 0
3484; 10; 2; 1; 0,324796145971039; 0,273429671023243; 0; 1; 0; 1
3486; 6; 0; 0; 0,96045313080769; 0,96045313080769; 1; 0; 1; 0
3515; 10; 0; 0; 0,996994455855984; 0,996994455855984; 1; 0; 1; 0
3527; 2; 0; 0; 0,999996491846595; 0,999996491846595; 1; 0; 1; 0
3539; 3; 0; 0; 0,735824929796832; 0,735824929796832; 1; 0; 1; 0
3550; 2; 0; 0; 0,999996696046783; 0,999996696046783; 1; 0; 1; 0
3559; 10; 0; 0; 0,980120766714357; 0,980120766714357; 1; 0; 1; 0
3562; 2; 0; 0; 0,999980635056144; 0,999980635056144; 1; 0; 1; 0
3567; 16; 0; 0; 0,956697732167883; 0,956697732167883; 1; 0; 1; 0
3570; 16; 5; 0; 0,0643124625154379; 0,0353130622684315; 1; 0; 1; 0
3585; 10; 0; 0; 0,999626244158399; 0,999626244158399; 1; 0; 1; 0
3586; 2; 0; 0; 0,571976570778982; 0,571976570778982; 1; 0; 1; 0
3593; 2; 0; 0; 0,70590566550516; 0,70590566550516; 1; 0; 1; 0
3594; 3; 0; 0; 0,821520561419508; 0,821520561419508; 1; 0; 1; 0
3600; 3; 0; 0; 0,881242679035356; 0,881242679035356; 1; 0; 1; 0
3604; 2; 0; 1; 0,717638970284614; 0,282361029715386; 0; 1; 0; 1
3611; 3; 2; 0; 1; 0; 1; 0; 1; 0
3676; 10; 0; 0; 0,999991305529168; 0,999991305529168; 1; 0; 1; 0
3695; 10; 0; 0; 0,999988577110898; 0,999988577110898; 1; 0; 1; 0
3697; 10; 0; 0; 0,999999955466602; 0,999999955466602; 1; 0; 1; 0
3701; 3; 0; 0; 0,833093940226879; 0,833093940226879; 1; 0; 1; 0
3752; 3; 0; 0; 1; 1; 1; 0; 1; 0
3764; 18; 0; 0; 0,999926340687841; 0,999926340687841; 1; 0; 1; 0
3795; 2; 0; 0; 1; 1; 1; 0; 1; 0
3798; 11; 0; 0; 1; 1; 1; 0; 1; 0
3805; 3; 0; 0; 0,999947835761605; 0,999947835761605; 1; 0; 1; 0
3806; 3; 0; 0; 1; 1; 1; 0; 1; 0
3809; 4; 0; 0; 0,999164483322895; 0,999164483322895; 1; 0; 1; 0
3817; 20; 0; 0; 0,996216884819461; 0,996216884819461; 1; 0; 1; 0
3822; 16; 2; 0; 0,458394050649731; 0; 1; 0; 1; 0
3824; 4; 0; 1; 0,815441794630079; 0,184558205369921; 0; 0; 0,500296553284424; 0,499703446715576
3843; 16; 0; 0; 0,925028092278167; 0,925028092278167; 1; 0; 1; 0
3846; 2; 0; 0; 0,999967857014853; 0,999967857014853; 1; 0; 1; 0
3942; 2; 0; 0; 0,999997004494356; 0,999997004494356; 1; 0; 1; 0
3958; 2; 1; 0; 1; 0; 1; 0; 1; 0
3962; 10; 0; 0; 1; 1; 1; 0; 1; 0
3964; 2; 0; 0; 1; 1; 1; 0; 1; 0
3984; 20; 0; 0; 0,999999997783602; 0,999999997783602; 1; 0; 1; 0
3997; 10; 0; 0; 0,996611474193235; 0,996611474193235; 1; 0; 1; 0
4029; 11; 0; 0; 1; 1; 1; 0; 1; 0
4030; 2; 0; 0; 1; 1; 1; 0; 1; 0
4039; 2; 0; 0; 1; 1; 1; 0; 1; 0
4055; 16; 5; 0; 0,0647646566493177; 0,0285301502602353; 1; 0; 1; 0
4069; 22; 7; 0; 0,0467116707549944; 0,0190549141451184; 1; 0; 1; 0
4083; 10; 0; 0; 0,999999390932822; 0,999999390932822; 1; 0; 1; 0
4108; 2; 1; 0; 0,538677753480184; 0,461322246519816; 1; 0; 1; 0
4125; 48; 0; 0; 0,999997970174446; 0,999997970174446; 1; 0; 1; 0
4129; 10; 0; 0; 0,999999592144769; 0,999999592144769; 1; 0; 1; 0
4144; 2; 0; 0; 1; 1; 1; 0; 1; 0
4153; 2; 1; 0; 0,528666335087783; 0,471333664912217; 1; 0; 1; 0
4193; 8; 0; 0; 1; 1; 1; 0; 1; 0
4195; 10; 0; 0; 0,986497271481178; 0,986497271481178; 1; 0; 1; 0
4207; 16; 2; 0; 0,413218166769756; 0; 1; 0; 1; 0
4223; 18; 0; 2; 0,805944077002406; 0,0710120479083842; 0; 0; 0,249836158183357; 0,750163841816643
4225; 10; 0; 0; 0,786760550561463; 0,786760550561463; 1; 0; 1; 0
4242; 2; 0; 0; 1; 1; 1; 0; 1; 0
4245; 13; 0; 2; 0,54604662666536; 0,444584191861826; 0; 1; 0; 1
4258; 13; 0; 2; 0,524560169949032; 0,443004700859377; 0; 0; 0,251375822415968; 0,748624177584032
4273; 22; 0; 0; 0,99947227558558; 0,99947227558558; 1; 0; 1; 0
4278; 20; 0; 0; 0,99999999976288; 0,99999999976288; 1; 0; 1; 0
4293; 3; 1; 1; 0,538824171859674; 0,538824171859674; 0; 0; 0,124080736305665; 0,875919263694335
4294; 2; 0; 1; 0,827459707791899; 0,172540292208101; 0; 1; 0; 1
4317; 3; 2; 0; 1; 0; 1; 0; 1; 0
4331; 10; 0; 0; 0,999999857501994; 0,999999857501994; 1; 0; 1; 0
4335; 4; 0; 0; 0,999998994392075; 0,999998994392075; 1; 0; 1; 0
4339; 3; 0; 0; 0,992484722316019; 0,992484722316019; 1; 0; 1; 0
4354; 2; 0; 0; 0,999943443793494; 0,999943443793494; 1; 0; 1; 0
4372; 20; 0; 0; 0,801640343746661; 0,801640343746661; 1; 0; 1; 0
4379; 2; 0; 0; 0,999815430973108; 0,999815430973108; 1; 0; 1; 0
4392; 2; 1; 1; 0,521662925024111; 0,521662925024111; 0; 0; 0,500256624585928; 0,499743375414072
4436; 2; 0; 0; 0,90236263495748; 0,90236263495748; 1; 0; 1; 0
4479; 10; 2; 1; 0,627575946739138; 0,329816814754538; 0; 0; 0,37362349693995; 0,62637650306005
4486; 20; 0; 0; 0,999999968549661; 0,999999968549661; 1; 0; 1; 0
4497; 2; 0; 0; 1; 1; 1; 0; 1; 0
4503; 176; 5; 0; 0,0647578456148196; 0,0286323155415781; 1; 0; 1; 0
4512; 20; 0; 0; 0,999999994569959; 0,999999994569959; 1; 0; 1; 0
4517; 3; 0; 0; 1; 1; 1; 0; 1; 0
4523; 8; 0; 0; 0,997293820253477; 0,997293820253477; 1; 0; 1; 0
4528; 2; 0; 0; 1; 1; 1; 0; 1; 0
4534; 18; 0; 2; 0,400659092568982; 0,097880392508541; 0; 0; 0,334384756660017; 0,665615243339983
4565; 10; 0; 0; 0,925674314868514; 0,925674314868514; 1; 0; 1; 0
4580; 2; 0; 0; 0,999999766308074; 0,999999766308074; 1; 0; 1; 0
4592; 16; 0; 0; 1; 1; 1; 0; 1; 0
4598; 2; 0; 0; 1; 1; 1; 0; 1; 0
4614; 18; 0; 0; 0,999993509312115; 0,999993509312115; 1; 0; 1; 0
4622; 10; 0; 0; 0,999998248330587; 0,999998248330587; 1; 0; 1; 0
4628; 10; 0; 0; 0,998208586581084; 0,998208586581084; 1; 0; 1; 0
4634; 4; 0; 0; 0,999728872721542; 0,999728872721542; 1; 0; 1; 0
4645; 8; 0; 0; 0,999999874535813; 0,999999874535813; 1; 0; 1; 0
4670; 2; 0; 0; 1; 1; 1; 0; 1; 0
4686; 4; 0; 0; 1; 1; 1; 0; 1; 0
4704; 10; 0; 0; 1; 1; 1; 0; 1; 0
4706; 2; 0; 0; 1; 1; 1; 0; 1; 0
4710; 3; 0; 0; 1; 1; 1; 0; 1; 0
4734; 2; 0; 0; 1; 1; 1; 0; 1; 0
4747; 10; 0; 0; 0,999999709908069; 0,999999709908069; 1; 0; 1; 0
4755; 10; 0; 0; 0,999698351043691; 0,999698351043691; 1; 0; 1; 0
4765; 2; 0; 0; 0,999999842495245; 0,999999842495245; 1; 0; 1; 0
4771; 3; 0; 0; 0,999995877956612; 0,999995877956612; 1; 0; 1; 0
4783; 2; 0; 0; 1; 1; 1; 0; 1; 0
4784; 2; 0; 0; 1; 1; 1; 0; 1; 0
4812; 16; 0; 0; 1; 1; 1; 0; 1; 0
4845; 2; 1; 1; 0,918038518644628; 0,918038518644628; 0; 0; 0,166235758316226; 0,833764241683774
4877; 10; 3; 0; 0,670469279694629; 0,105620747588281; 1; 0; 1; 0
4919; 2; 0; 0; 1; 1; 1; 0; 1; 0
4924; 2; 1; 1; 0,835204892810407; 0,835204892810407; 0; 0; 0,33314918551223; 0,66685081448777
4927; 2; 0; 0; 0,886073240840897; 0,886073240840897; 1; 0; 1; 0
4932; 4; 0; 0; 0,84064573848926; 0,84064573848926; 1; 0; 1; 0
4933; 2; 0; 0; 0,999999999406228; 0,999999999406228; 1; 0; 1; 0
4954; 17; 0; 0; 0,99999997435364; 0,99999997435364; 1; 0; 1; 0
4965; 2; 1; 0; 0,613830434574167; 0,386169565425833; 1; 0; 1; 0
4968; 13; 0; 0; 1; 1; 1; 0; 1; 0
4970; 10; 0; 0; 0,999997543982106; 0,999997543982106; 1; 0; 1; 0
4972; 6; 0; 0; 0,999993841078505; 0,999993841078505; 1; 0; 1; 0
5003; 4; 0; 0; 1; 1; 1; 0; 1; 0
5067; 48; 0; 0; 0,999995468497328; 0,999995468497328; 1; 0; 1; 0
5073; 2; 1; 0; 0,923394968504197; 0,0766050314958027; 1; 0; 1; 0
5077; 18; 2; 2; 0,428023350369088; 0,428023350369088; 0; 0; 0,249836158183357; 0,750163841816643
5090; 10; 0; 0; 0,999491173353323; 0,999491173353323; 1; 0; 1; 0
5134; 3; 0; 0; 0,554961937701733; 0,554961937701733; 1; 0; 1; 0
5144; 10; 0; 0; 0,999885182381791; 0,999885182381791; 1; 0; 1; 0
5153; 10; 0; 0; 0,999424541700822; 0,999424541700822; 1; 0; 1; 0
5188; 2; 0; 0; 0,999999825440942; 0,999999825440942; 1; 0; 1; 0
5200; 2; 0; 0; 0,999940696745148; 0,999940696745148; 1; 0; 1; 0
5203; 2; 0; 0; 1; 1; 1; 0; 1; 0
5211; 2; 1; 0; 0,530779977593341; 0,469220022406659; 1; 0; 1; 0
5223; 16; 0; 0; 0,848054868560842; 0,848054868560842; 1; 0; 1; 0
5227; 20; 0; 0; 0,999988741477017; 0,999988741477017; 1; 0; 1; 0
5238; 2; 1; 0; 0,516141064758009; 0,483858935241991; 1; 0; 1; 0
5263; 2; 0; 0; 1; 1; 1; 0; 1; 0
5291; 11; 0; 0; 1; 1; 1; 0; 1; 0
5298; 2; 0; 0; 1; 1; 1; 0; 1; 0
5306; 3; 2; 1; 0,583880458471084; 0,369803669010777; 0; 0; 0,125364729711433; 0,874635270288566
5311; 3; 2; 0; 0,979917660957616; 0,0200819210349207; 1; 0; 1; 0
5321; 2; 1; 1; 0,530779977593341; 0,530779977593341; 0; 1; 0; 1
5324; 2; 1; 0; 0,519037774949324; 0,480962225050676; 1; 0; 1; 0
5338; 2; 0; 0; 0,999976362459186; 0,999976362459186; 1; 0; 1; 0
5343; 10; 0; 0; 0,999380387471892; 0,999380387471892; 1; 0; 1; 0
5355; 22; 1; 0; 0,553284543393961; 0,446715456606039; 1; 0; 1; 0
5357; 11; 0; 0; 1; 1; 1; 0; 1; 0
5359; 2; 0; 0; 0,720630540579941; 0,720630540579941; 1; 0; 1; 0
5375; 2; 1; 0; 0,954989378250247; 0,0450106217497534; 1; 0; 1; 0
5396; 10; 0; 0; 0,999999999716522; 0,999999999716522; 1; 0; 1; 0
5402; 10; 3; 0; 0,636647456101129; 0,000350544991478956; 1; 0; 1; 0
5419; 3; 0; 0; 1; 1; 1; 0; 1; 0
5435; 10; 0; 0; 0,999654027585919; 0,999654027585919; 1; 0; 1; 0
5445; 2; 0; 0; 1; 1; 1; 0; 1; 0
5456; 2; 1; 1; 0,538994215324511; 0,538994215324511; 0; 1; 0; 1
5464; 2; 0; 0; 0,999619478115128; 0,999619478115128; 1; 0; 1; 0
5481; 3; 0; 0; 0,991074857519086; 0,991074857519086; 1; 0; 1; 0
5491; 4; 0; 0; 0,999980681383777; 0,999980681383777; 1; 0; 1; 0
5518; 2; 0; 0; 1; 1; 1; 0; 1; 0
5524; 10; 0; 0; 0,999799884198185; 0,999799884198185; 1; 0; 1; 0
5526; 10; 0; 0; 0,99999726978567; 0,99999726978567; 1; 0; 1; 0
5548; 3; 0; 0; 0,881526427656154; 0,881526427656154; 1; 0; 1; 0
5564; 10; 0; 0; 0,979355296520375; 0,979355296520375; 1; 0; 1; 0
5571; 10; 0; 0; 0,703587320884018; 0,703587320884018; 1; 0; 1; 0
5575; 10; 0; 0; 0,999186387542861; 0,999186387542861; 1; 0; 1; 0
5636; 2; 0; 0; 0,99999364918179; 0,99999364918179; 1; 0; 1; 0
5662; 10; 0; 0; 0,999999897965061; 0,999999897965061; 1; 0; 1; 0
5702; 16; 0; 0; 0,999999581287098; 0,999999581287098; 1; 0; 1; 0
5716; 2; 1; 1; 0,803532183087194; 0,803532183087194; 0; 0; 0,334321691806297; 0,665678308193703
5753; 2; 0; 0; 1; 1; 1; 0; 1; 0
5759; 2; 0; 0; 0,999997753442627; 0,999997753442627; 1; 0; 1; 0
5783; 10; 0; 0; 0,760755533636083; 0,760755533636083; 1; 0; 1; 0
5795; 11; 0; 0; 1; 1; 1; 0; 1; 0
5800; 3; 1; 0; 0,847898296048076; 0,140256421685518; 1; 0; 1; 0
5804; 2; 0; 0; 1; 1; 1; 0; 1; 0
5833; 2; 1; 0; 0,522618284184625; 0,477381715815375; 1; 0; 1; 0
5853; 18; 0; 0; 0,911274712519025; 0,911274712519025; 1; 0; 1; 0
5859; 2; 1; 1; 0,530779977593341; 0,530779977593341; 0; 1; 0; 1
5889; 20; 10; 0; 0,720391792835667; 0,269210857230876; 1; 0; 1; 0
5892; 2; 0; 0; 0,948775142438602; 0,948775142438602; 1; 0; 1; 0
5930; 10; 0; 1; 0,745845172343479; 0,0216404378734798; 0; 1; 0; 1
5932; 10; 0; 0; 0,999997207846347; 0,999997207846347; 1; 0; 1; 0
5947; 10; 0; 0; 0,964969038053492; 0,964969038053492; 1; 0; 1; 0
5951; 16; 0; 0; 1; 1; 1; 0; 1; 0
5980; 14; 1; 0; 0,570720236232332; 0,0159443925688655; 1; 0; 1; 0
5993; 3; 0; 0; 0,999132754342965; 0,999132754342965; 1; 0; 1; 0
5996; 2; 0; 0; 1; 1; 1; 0; 1; 0
6004; 2; 0; 0; 1; 1; 1; 0; 1; 0
6026; 10; 1; 0; 0,233133642482139; 0,0139987888850572; 1; 0; 1; 0
6031; 2; 1; 0; 0,706266360794314; 0,293733639205686; 1; 0; 1; 0
6032; 2; 0; 0; 1; 1; 1; 0; 1; 0
6042; 3; 2; 1; 0,566976556154427; 0,386483758675706; 0; 1; 0; 1
6055; 2; 0; 0; 1; 1; 1; 0; 1; 0
6062; 3; 0; 0; 0,916304819192913; 0,916304819192913; 1; 0; 1; 0
6066; 10; 0; 0; 0,895365872966096; 0,895365872966096; 1; 0; 1; 0
6076; 2; 1; 1; 0,558011052901445; 0,558011052901445; 0; 1; 0; 1
6083; 10; 0; 0; 0,999966818835833; 0,999966818835833; 1; 0; 1; 0
6108; 10; 3; 0; 0,676128879261553; 0,132973953075737; 1; 0; 1; 0
6112; 16; 0; 0; 1; 1; 1; 0; 1; 0
6119; 13; 2; 2; 0,501025549833901; 0,501025549833901; 0; 0; 0,251375822415968; 0,748624177584032
6125; 10; 0; 0; 0,999252613964937; 0,999252613964937; 1; 0; 1; 0
6139; 3; 0; 0; 0,973571922095032; 0,973571922095032; 1; 0; 1; 0
6153; 11; 0; 0; 0,9999990918236; 0,9999990918236; 1; 0; 1; 0
6163; 14; 0; 10; 0,206374059313165; 0; 0; 1; 0; 1
6206; 64; 0; 0; 0,99999976842722; 0,99999976842722; 1; 0; 1; 0
6209; 10; 1; 1; 0,449788020659505; 0,449788020659505; 0; 1; 0; 1
6224; 10; 0; 0; 0,999861045334033; 0,999861045334033; 1; 0; 1; 0
6229; 18; 0; 0; 0,999966247230826; 0,999966247230826; 1; 0; 1; 0
6231; 20; 0; 0; 0,999043566214798; 0,999043566214798; 1; 0; 1; 0
6236; 8; 0; 0; 0,999997940199669; 0,999997940199669; 1; 0; 1; 0
6268; 3; 0; 0; 0,999862947403638; 0,999862947403638; 1; 0; 1; 0
6281; 3; 0; 0; 0,922474659691841; 0,922474659691841; 1; 0; 1; 0
6283; 17; 0; 0; 0,999999835668673; 0,999999835668673; 1; 0; 1; 0
6292; 2; 0; 0; 0,99999978518957; 0,99999978518957; 1; 0; 1; 0
6297; 3; 0; 0; 0,999983062260952; 0,999983062260952; 1; 0; 1; 0
6301; 9; 6; 0; 0,627816913193337; 0,372152087206084; 1; 0; 1; 0
6321; 2; 0; 0; 0,99999998802547; 0,99999998802547; 1; 0; 1; 0
6323; 3; 0; 0; 0,863821879067417; 0,863821879067417; 1; 0; 1; 0
6334; 2; 0; 0; 1; 1; 1; 0; 1; 0
6341; 20; 1; 1; 0,538368838777319; 0,538368838777319; 0; 0; 0,500984484812199; 0,499015515187801
6343; 10; 0; 0; 0,999999998096431; 0,999999998096431; 1; 0; 1; 0
6346; 10; 0; 0; 0,999997895174322; 0,999997895174322; 1; 0; 1; 0
6379; 16; 7; 0; 0,200956152034613; 0; 1; 0; 1; 0
6453; 10; 0; 0; 0,999988692863272; 0,999988692863272; 1; 0; 1; 0
6463; 2; 1; 1; 0,630751353923276; 0,630751353923276; 0; 0; 0,251495310050949; 0,748504689949051
6464; 3; 0; 0; 0,999997659677923; 0,999997659677923; 1; 0; 1; 0
6495; 10; 0; 0; 0,993063101812848; 0,993063101812848; 1; 0; 1; 0
6503; 10; 1; 0; 0,320906988539576; 0,289639847380045; 1; 0; 1; 0
6504; 10; 0; 0; 0,999979664444538; 0,999979664444538; 1; 0; 1; 0
6507; 22; 0; 0; 0,999999832654924; 0,999999832654924; 1; 0; 1; 0
6511; 110; 0; 0; 0,627261658546767; 0,627261658546767; 1; 0; 1; 0
6515; 13; 2; 0; 0,494454095815014; 0,43763850650665; 1; 0; 1; 0
6523; 10; 0; 0; 0,999574922058942; 0,999574922058942; 1; 0; 1; 0
6526; 4; 1; 1; 0,517069169867694; 0,517069169867694; 0; 0; 0,500984484812199; 0,499015515187801
6543; 2; 1; 1; 0,61399978909348; 0,61399978909348; 0; 0; 0,165993405968281; 0,834006594031719
6549; 2; 0; 0; 0,998420326481107; 0,998420326481107; 1; 0; 1; 0
6569; 2; 0; 0; 1; 1; 1; 0; 1; 0
6615; 2; 0; 0; 0,999999885268407; 0,999999885268407; 1; 0; 1; 0
6675; 2; 0; 0; 0,598351788106089; 0,598351788106089; 1; 0; 1; 0
6678; 14; 10; 0; 0,487312855340598; 0,0845084170005201; 1; 0; 1; 0
6682; 11; 0; 0; 1; 1; 1; 0; 1; 0
6704; 14; 12; 10; 0,225085657518755; 0; 0; 1; 0; 1
6718; 26; 0; 1; 0,533491880224657; 0,466508119775343; 0; 0; 0,499204896857961; 0,500795103142039
6730; 3; 0; 0; 0,999927525253346; 0,999927525253346; 1; 0; 1; 0
6739; 10; 3; 0; 0,713280198785392; 0,0343896337029185; 1; 0; 1; 0
6749; 2; 1; 0; 0,8912335783284; 0,1087664216716; 1; 0; 1; 0
6753; 2; 0; 0; 1; 1; 1; 0; 1; 0
6767; 22; 0; 1; 0,87124371497588; 0,128755376847719; 0; 0; 0,332132797202093; 0,667867202797907
6787; 20; 0; 0; 0,99987733956372; 0,99987733956372; 1; 0; 1; 0
6794; 2; 0; 0; 0,99962514398923; 0,99962514398923; 1; 0; 1; 0
6824; 2; 0; 0; 0,999144436401041; 0,999144436401041; 1; 0; 1; 0
6836; 40; 0; 0; 0,998989155324403; 0,998989155324403; 1; 0; 1; 0
6837; 2; 1; 0; 0,956962463523657; 0,0430375364763435; 1; 0; 1; 0
6863; 2; 0; 0; 0,872744145233845; 0,872744145233845; 1; 0; 1; 0
6866; 10; 0; 0; 0,98477663763692; 0,98477663763692; 1; 0; 1; 0
6898; 2; 0; 1; 1; 0; 0; 0; 0,37362349693995; 0,62637650306005
6900; 10; 3; 0; 0,71567707069172; 0; 1; 0; 1; 0
6901; 2; 0; 0; 0,529327982018612; 0,529327982018612; 1; 0; 1; 0
6903; 2; 0; 0; 0,928031819481546; 0,928031819481546; 1; 0; 1; 0
6907; 10; 0; 0; 0,999448309648026; 0,999448309648026; 1; 0; 1; 0
6909; 2; 0; 0; 0,894418475315092; 0,894418475315092; 1; 0; 1; 0
6912; 10; 0; 0; 0,425677302914271; 0,425677302914271; 1; 0; 1; 0
6918; 2; 0; 0; 0,999999551160507; 0,999999551160507; 1; 0; 1; 0
6923; 10; 0; 0; 0,988690609252691; 0,988690609252691; 1; 0; 1; 0
6936; 18; 0; 1; 0,433589401619273; 0,000127455942891265; 0; 1; 0; 1
6937; 2; 0; 0; 1; 1; 1; 0; 1; 0
6942; 3; 1; 1; 0,459228709575868; 0,459228709575868; 0; 0; 0,428193131701094; 0,571806868298906
6960; 2; 0; 1; 0,812756494767979; 0,187243505232021; 0; 0; 0,331599996738756; 0,668400003261244
6970; 16; 2; 0; 0,517090995491005; 0,194829425016525; 1; 0; 1; 0
6986; 10; 0; 0; 0,946227751865605; 0,946227751865605; 1; 0; 1; 0
6989; 16; 0; 0; 0,768477482480317; 0,768477482480317; 1; 0; 1; 0
7011; 16; 0; 0; 0,740859442785135; 0,740859442785135; 1; 0; 1; 0
7034; 2; 0; 0; 0,90675700577061; 0,90675700577061; 1; 0; 1; 0
7039; 2; 0; 1; 0,920818175181102; 0,079181824818898; 0; 1; 0; 1
7040; 16; 0; 0; 0,999996999018513; 0,999996999018513; 1; 0; 1; 0
7047; 2; 1; 1; 0,796338527503211; 0,796338527503211; 0; 0; 0,334321691806297; 0,665678308193703
7077; 11; 0; 0; 1; 1; 1; 0; 1; 0
7092; 10; 3; 0; 0,682092052077846; 0,00250491412282423; 1; 0; 1; 0
7110; 2; 1; 1; 0,788541844103992; 0,788541844103992; 0; 1; 0; 1
7130; 11; 0; 0; 1; 1; 1; 0; 1; 0
7139; 11; 0; 0; 1; 1; 1; 0; 1; 0
7140; 2; 0; 0; 0,999999894477688; 0,999999894477688; 1; 0; 1; 0
7143; 16; 0; 0; 0,867222281751686; 0,867222281751686; 1; 0; 1; 0
7154; 2; 0; 0; 0,830863722468192; 0,830863722468192; 1; 0; 1; 0
7155; 10; 0; 0; 0,868058706446999; 0,868058706446999; 1; 0; 1; 0
7175; 16; 0; 0; 1; 1; 1; 0; 1; 0
7200; 16; 0; 0; 0,999991882335527; 0,999991882335527; 1; 0; 1; 0
7244; 2; 0; 0; 0,999995721325103; 0,999995721325103; 1; 0; 1; 0
7262; 10; 0; 0; 0,934410767631957; 0,934410767631957; 1; 0; 1; 0
7266; 10; 0; 0; 0,999999085713491; 0,999999085713491; 1; 0; 1; 0
7270; 2; 0; 0; 0,976746825395821; 0,976746825395821; 1; 0; 1; 0
7278; 10; 0; 0; 0,999996915379902; 0,999996915379902; 1; 0; 1; 0
7279; 10; 0; 0; 0,999973892386333; 0,999973892386333; 1; 0; 1; 0
7283; 2; 0; 0; 0,592585133311049; 0,592585133311049; 1; 0; 1; 0
7287; 18; 1; 2; 0,686991464895149; 0,0668270213485591; 0; 0; 0,500296553284424; 0,499703446715576
7303; 10; 0; 0; 0,999999897965061; 0,999999897965061; 1; 0; 1; 0
7314; 3; 2; 1; 0,454262168806409; 0,42741941739959; 0; 0; 0,333563697350795; 0,666436302649205
7316; 10; 0; 0; 0,999999356581136; 0,999999356581136; 1; 0; 1; 0
7332; 10; 0; 0; 0,999932623354656; 0,999932623354656; 1; 0; 1; 0
7334; 2; 0; 0; 1; 1; 1; 0; 1; 0
7335; 220; 0; 0; 0,995383223081773; 0,995383223081773; 1; 0; 1; 0
7344; 2; 0; 0; 1; 1; 1; 0; 1; 0
7345; 3; 0; 0; 0,886372021108009; 0,886372021108009; 1; 0; 1; 0
7364; 10; 0; 0; 0,929385990441829; 0,929385990441829; 1; 0; 1; 0
7383; 2; 0; 0; 0,999998872719948; 0,999998872719948; 1; 0; 1; 0
7415; 10; 0; 0; 0,989838371612297; 0,989838371612297; 1; 0; 1; 0
7418; 2; 0; 0; 0,999756638625136; 0,999756638625136; 1; 0; 1; 0
7437; 10; 0; 0; 0,994005939512887; 0,994005939512887; 1; 0; 1; 0
7449; 16; 0; 0; 0,999998435763613; 0,999998435763613; 1; 0; 1; 0
7454; 10; 0; 0; 0,999915376895652; 0,999915376895652; 1; 0; 1; 0
7473; 10; 0; 0; 0,997433700094123; 0,997433700094123; 1; 0; 1; 0
7497; 3; 0; 0; 0,927538624279223; 0,927538624279223; 1; 0; 1; 0
7522; 16; 0; 0; 0,852297939188084; 0,852297939188084; 1; 0; 1; 0
7528; 2; 0; 0; 1; 1; 1; 0; 1; 0
7532; 10; 0; 0; 0,737281430195785; 0,737281430195785; 1; 0; 1; 0
7538; 2; 1; 0; 0,885465904962907; 0,114534095037093; 1; 0; 1; 0
7550; 2; 0; 0; 0,84064573848926; 0,84064573848926; 1; 0; 1; 0
7552; 176; 0; 0; 0,993057163440221; 0,993057163440221; 1; 0; 1; 0
7571; 10; 0; 0; 0,999887342610962; 0,999887342610962; 1; 0; 1; 0
7580; 16; 0; 0; 1; 1; 1; 0; 1; 0
7582; 13; 0; 0; 0,983107323790627; 0,983107323790627; 1; 0; 1; 0
7584; 2; 0; 0; 0,999049596631486; 0,999049596631486; 1; 0; 1; 0
7617; 10; 0; 0; 0,999971077451236; 0,999971077451236; 1; 0; 1; 0
7624; 10; 0; 0; 0,796824398483939; 0,796824398483939; 1; 0; 1; 0
7626; 2; 0; 0; 1; 1; 1; 0; 1; 0
7646; 18; 0; 2; 0,499979679922539; 0,121817946263081; 0; 0; 0,334384756660017; 0,665615243339983
7651; 2; 0; 0; 1; 1; 1; 0; 1; 0
7662; 20; 1; 0; 0,915326763348541; 0,0414854941453977; 1; 0; 1; 0
7663; 4; 0; 0; 1; 1; 1; 0; 1; 0
7668; 3; 0; 0; 0,996277414590937; 0,996277414590937; 1; 0; 1; 0
7685; 3; 0; 0; 0,999997775631215; 0,999997775631215; 1; 0; 1; 0
7700; 2; 0; 1; 0,528599112286162; 0,471400887713838; 0; 1; 0; 1
7701; 10; 0; 0; 0,999995894132333; 0,999995894132333; 1; 0; 1; 0
7702; 20; 0; 0; 0,949676572706121; 0,949676572706121; 1; 0; 1; 0
7703; 16; 0; 0; 0,914914111126289; 0,914914111126289; 1; 0; 1; 0
7712; 11; 10; 0; 0,404525562435416; 0,112750966505284; 1; 0; 1; 0
7721; 2; 0; 0; 1; 1; 1; 0; 1; 0
7724; 16; 0; 0; 0,999997587182674; 0,999997587182674; 1; 0; 1; 0
7731; 2; 1; 0; 0,805625393150517; 0,194374606849483; 1; 0; 1; 0
7739; 10; 0; 0; 0,9146826798036; 0,9146826798036; 1; 0; 1; 0
7748; 10; 0; 1; 0,618804105957614; 0,156883188595174; 0; 0; 0,49981868512858; 0,50018131487142
7752; 2; 1; 1; 0,548170762089444; 0,548170762089444; 0; 0; 0,200934938820447; 0,799065061179553
7754; 3; 2; 0; 0,835837517419571; 0,00722766638934622; 1; 0; 1; 0
7784; 10; 0; 0; 0,974151357369065; 0,974151357369065; 1; 0; 1; 0
7796; 10; 0; 0; 0,999923301001394; 0,999923301001394; 1; 0; 1; 0
7820; 3; 0; 0; 0,879070246823223; 0,879070246823223; 1; 0; 1; 0
7832; 3; 0; 0; 0,554961937701733; 0,554961937701733; 1; 0; 1; 0
7839; 2; 0; 0; 0,812756494767979; 0,812756494767979; 1; 0; 1; 0
7841; 176; 0; 0; 1; 1; 1; 0; 1; 0
7843; 2; 1; 0; 0,528374003636776; 0,471625996363224; 1; 0; 1; 0
7869; 40; 20; 0; 0,615612266098675; 0,377191649509335; 1; 0; 1; 0
7884; 10; 0; 0; 0,995757007440454; 0,995757007440454; 1; 0; 1; 0
7886; 2; 0; 0; 1; 1; 1; 0; 1; 0
7921; 10; 0; 0; 0,968015499686708; 0,968015499686708; 1; 0; 1; 0
7937; 3; 0; 0; 0,908396071045049; 0,908396071045049; 1; 0; 1; 0
7939; 2; 1; 0; 0,613323370226805; 0,386676629773195; 1; 0; 1; 0
7959; 2; 0; 0; 0,999951300320401; 0,999951300320401; 1; 0; 1; 0
7966; 10; 0; 2; 0,712223066814527; 0,199804438377536; 0; 0; 0,249836158183357; 0,750163841816643
7974; 2; 1; 0; 0,97034482650227; 0,0296551734977298; 1; 0; 1; 0
7983; 10; 0; 0; 0,99998359274288; 0,99998359274288; 1; 0; 1; 0
7989; 10; 3; 0; 0,713248187038359; 0,026492614458817; 1; 0; 1; 0
8007; 10; 0; 0; 0,993048304022741; 0,993048304022741; 1; 0; 1; 0
8012; 3; 0; 0; 0,994441782305455; 0,994441782305455; 1; 0; 1; 0
8019; 10; 0; 0; 0,999935399399235; 0,999935399399235; 1; 0; 1; 0
8041; 10; 0; 0; 0,999979823529622; 0,999979823529622; 1; 0; 1; 0
8050; 3; 0; 0; 0,839004539954791; 0,839004539954791; 1; 0; 1; 0
8090; 3; 0; 0; 0,999344531685057; 0,999344531685057; 1; 0; 1; 0
8125; 10; 0; 0; 0,941251599499009; 0,941251599499009; 1; 0; 1; 0
8130; 4; 0; 1; 0,876901925611261; 0,0852743846299505; 0; 0; 0,500296553284424; 0,499703446715576
8136; 10; 0; 0; 0,999287776795768; 0,999287776795768; 1; 0; 1; 0
8140; 2; 0; 0; 0,9992597156495; 0,9992597156495; 1; 0; 1; 0
8183; 2; 0; 0; 1; 1; 1; 0; 1; 0
8194; 17; 0; 0; 0,999999973646558; 0,999999973646558; 1; 0; 1; 0
8197; 2; 1; 1; 0,641441970375277; 0,641441970375277; 0; 1; 0; 1
8206; 6; 0; 0; 0,999778427341057; 0,999778427341057; 1; 0; 1; 0
8209; 19; 0; 2; 0,615032118449425; 0,378331067127289; 0; 1; 0; 1
8214; 100; 0; 0; 0,936384842345923; 0,936384842345923; 1; 0; 1; 0
8215; 10; 0; 0; 0,968730020777481; 0,968730020777481; 1; 0; 1; 0
8224; 16; 0; 0; 0,972878139679585; 0,972878139679585; 1; 0; 1; 0
8253; 3; 0; 0; 0,924242170263455; 0,924242170263455; 1; 0; 1; 0
8286; 20; 0; 0; 0,998784506799811; 0,998784506799811; 1; 0; 1; 0
8304; 2; 0; 0; 0,999999360362953; 0,999999360362953; 1; 0; 1; 0
8307; 2; 1; 0; 1; 0; 1; 0; 1; 0
8312; 2; 0; 0; 0,984976597865973; 0,984976597865973; 1; 0; 1; 0
8336; 3; 0; 0; 0,926447382223921; 0,926447382223921; 1; 0; 1; 0
8357; 3; 0; 0; 0,892109871202585; 0,892109871202585; 1; 0; 1; 0
8359; 3; 0; 0; 0,951172727702373; 0,951172727702373; 1; 0; 1; 0
8366; 2; 0; 0; 0,999999024712774; 0,999999024712774; 1; 0; 1; 0
8369; 2; 0; 0; 0,999943278063664; 0,999943278063664; 1; 0; 1; 0
8373; 3; 0; 0; 0,977399265456388; 0,977399265456388; 1; 0; 1; 0
8375; 10; 0; 0; 0,801535801296714; 0,801535801296714; 1; 0; 1; 0
8389; 2; 0; 0; 0,99999984267907; 0,99999984267907; 1; 0; 1; 0
8400; 2; 1; 0; 0,552152669905943; 0,447847330094056; 1; 0; 1; 0
8408; 3; 0; 0; 0,999996037650096; 0,999996037650096; 1; 0; 1; 0
8413; 16; 0; 0; 0,999999930955877; 0,999999930955877; 1; 0; 1; 0
8436; 2; 0; 0; 1; 1; 1; 0; 1; 0
8445; 3; 0; 0; 0,990915007620434; 0,990915007620434; 1; 0; 1; 0
8451; 10; 2; 0; 0,541272323559094; 0,0527052337403949; 1; 0; 1; 0
8456; 2; 0; 0; 1; 1; 1; 0; 1; 0
8462; 2; 1; 1; 0,999266930335194; 0,999266930335194; 0; 0; 0,500599967389935; 0,499400032610065
8489; 16; 0; 0; 1; 1; 1; 0; 1; 0
8496; 2; 0; 0; 1; 1; 1; 0; 1; 0
8505; 2; 0; 0; 1; 1; 1; 0; 1; 0
8508; 19; 2; 0; 0,866546862591405; 0; 1; 0; 1; 0
8512; 2; 0; 0; 1; 1; 1; 0; 1; 0
8530; 3; 0; 0; 0,927631149738805; 0,927631149738805; 1; 0; 1; 0
8536; 2; 0; 0; 0,999999854014359; 0,999999854014359; 1; 0; 1; 0
8545; 16; 0; 0; 0,999993436817031; 0,999993436817031; 1; 0; 1; 0
8548; 19; 0; 2; 0,473460680348891; 0,314850370785858; 0; 0; 0,500256624585928; 0,499743375414072
8550; 2; 0; 0; 0,999972325198853; 0,999972325198853; 1; 0; 1; 0
8565; 10; 0; 2; 0,737545874681817; 0,189217520573525; 0; 0; 0,249836158183357; 0,750163841816643
8600; 10; 0; 0; 0,999999306390021; 0,999999306390021; 1; 0; 1; 0
8605; 10; 0; 0; 0,998473992097217; 0,998473992097217; 1; 0; 1; 0
8606; 2; 0; 0; 0,999976362459186; 0,999976362459186; 1; 0; 1; 0
8608; 2; 0; 0; 0,978203336612737; 0,978203336612737; 1; 0; 1; 0
8609; 2; 1; 1; 0,631998918331743; 0,631998918331743; 0; 0; 0,500984484812199; 0,499015515187801
8623; 16; 0; 0; 0,999999589312923; 0,999999589312923; 1; 0; 1; 0
8625; 10; 0; 0; 0,973496604407152; 0,973496604407152; 1; 0; 1; 0
8627; 18; 0; 2; 0,456572174398258; 0,287004496711395; 0; 0; 0,249836158183357; 0,750163841816643
8650; 10; 0; 0; 0,999995315419465; 0,999995315419465; 1; 0; 1; 0
8655; 8; 3; 0; 0,389967543962548; 0; 1; 0; 1; 0
8674; 3; 0; 0; 0,915420792155038; 0,915420792155038; 1; 0; 1; 0
8701; 10; 3; 0; 0,424104072561159; 0,0011620799312166; 1; 0; 1; 0
8703; 2; 0; 0; 0,98613049572552; 0,98613049572552; 1; 0; 1; 0
8705; 2; 0; 0; 0,999999996713737; 0,999999996713737; 1; 0; 1; 0
8713; 4; 0; 0; 1; 1; 1; 0; 1; 0
8724; 2; 0; 0; 0,999445660438975; 0,999445660438975; 1; 0; 1; 0
8728; 2; 0; 0; 0,999993719651246; 0,999993719651246; 1; 0; 1; 0
8754; 2; 0; 0; 0,998269632888227; 0,998269632888227; 1; 0; 1; 0
8757; 2; 0; 0; 1; 1; 1; 0; 1; 0
8793; 3; 0; 0; 1; 1; 1; 0; 1; 0
8796; 10; 0; 0; 0,546583708686648; 0,546583708686648; 1; 0; 1; 0
8803; 2; 0; 0; 1; 1; 1; 0; 1; 0
8810; 16; 0; 0; 0,996640839275219; 0,996640839275219; 1; 0; 1; 0
8820; 4; 2; 2; 0,797173951960703; 0,797173951960703; 0; 0; 0,401050177253079; 0,598949822746921
8823; 16; 0; 0; 0,999999922623682; 0,999999922623682; 1; 0; 1; 0
8827; 2; 1; 1; 0,99277211450856; 0,99277211450856; 0; 0; 0,248721534951423; 0,751278465048577
8831; 10; 0; 0; 0,999934617366126; 0,999934617366126; 1; 0; 1; 0
8834; 2; 0; 1; 0,666632651409491; 0,333367348590509; 0; 0; 0,199332582175966; 0,800667417824035
8839; 2; 0; 0; 0,999999997714481; 0,999999997714481; 1; 0; 1; 0
8865; 3; 2; 2; 0,58288158641345; 0,58288158641345; 0; 0; 0,499830914844845; 0,500169085155155
8889; 3; 0; 0; 0,978179245341426; 0,978179245341426; 1; 0; 1; 0
8902; 2; 0; 0; 0,999976167549188; 0,999976167549188; 1; 0; 1; 0
8903; 2; 0; 0; 0,999976171874985; 0,999976171874985; 1; 0; 1; 0
8904; 2; 0; 0; 1; 1; 1; 0; 1; 0
8909; 16; 0; 0; 0,99999694051702; 0,99999694051702; 1; 0; 1; 0
8922; 10; 0; 0; 0,961583342511619; 0,961583342511619; 1; 0; 1; 0
8926; 20; 1; 0; 0,683839341682445; 0,00739554025219825; 1; 0; 1; 0
8935; 22; 0; 0; 0,996244338979517; 0,996244338979517; 1; 0; 1; 0
8936; 2; 0; 0; 1; 1; 1; 0; 1; 0
8948; 2; 0; 0; 1; 1; 1; 0; 1; 0
8949; 3; 0; 0; 0,926447382223921; 0,926447382223921; 1; 0; 1; 0
8951; 16; 0; 0; 0,997740798708236; 0,997740798708236; 1; 0; 1; 0
8956; 3; 0; 0; 0,869380432924335; 0,869380432924335; 1; 0; 1; 0
8961; 16; 0; 0; 0,9999949161057; 0,9999949161057; 1; 0; 1; 0
8962; 3; 0; 0; 0,560814638942955; 0,560814638942955; 1; 0; 1; 0
8975; 100; 0; 0; 0,55403382690362; 0,55403382690362; 1; 0; 1; 0
8978; 2; 0; 0; 0,999971230445169; 0,999971230445169; 1; 0; 1; 0
8994; 2; 1; 0; 0,905413262358002; 0,0945867376419977; 1; 0; 1; 0
9010; 10; 0; 0; 0,99883051292525; 0,99883051292525; 1; 0; 1; 0
9018; 2; 0; 0; 0,999908624467129; 0,999908624467129; 1; 0; 1; 0
9039; 2; 0; 0; 0,999999983048141; 0,999999983048141; 1; 0; 1; 0
9040; 16; 0; 0; 0,913407571841886; 0,913407571841886; 1; 0; 1; 0
9060; 16; 0; 0; 0,987659241991299; 0,987659241991299; 1; 0; 1; 0
9069; 3; 0; 0; 1; 1; 1; 0; 1; 0
9088; 2; 1; 1; 0,830390111664651; 0,830390111664651; 0; 0; 0,199321718519391; 0,800678281480609
9089; 2; 0; 0; 1; 1; 1; 0; 1; 0
9090; 10; 0; 0; 0,944021691577964; 0,944021691577964; 1; 0; 1; 0
9117; 2; 1; 1; 0,829220302358414; 0,829220302358414; 0; 0; 0,50057903542205; 0,49942096457795
9123; 3; 0; 0; 0,99675563071646; 0,99675563071646; 1; 0; 1; 0
9172; 3; 0; 2; 0,509334865445276; 0,372677819002682; 0; 0; 0,124080736305665; 0,875919263694335
9178; 2; 0; 0; 1; 1; 1; 0; 1; 0
9198; 20; 0; 0; 0,999994297236577; 0,999994297236577; 1; 0; 1; 0
9203; 10; 3; 0; 0,510714470611029; 0,020897457478117; 1; 0; 1; 0
9204; 2; 0; 0; 0,99999376935024; 0,99999376935024; 1; 0; 1; 0
9205; 20; 0; 0; 0,999994469553194; 0,999994469553194; 1; 0; 1; 0
9213; 20; 0; 0; 0,999966751395732; 0,999966751395732; 1; 0; 1; 0
9253; 4; 0; 1; 0,999210247242772; 0,000700472841656275; 0; 0; 0,500296553284424; 0,499703446715576
9258; 3; 0; 0; 0,929372944279224; 0,929372944279224; 1; 0; 1; 0
9260; 16; 0; 0; 0,999998350177496; 0,999998350177496; 1; 0; 1; 0
9287; 16; 0; 0; 0,879556742398775; 0,879556742398775; 1; 0; 1; 0
9298; 16; 0; 0; 0,999980112533655; 0,999980112533655; 1; 0; 1; 0
9314; 10; 0; 0; 0,999997422351641; 0,999997422351641; 1; 0; 1; 0
9318; 2; 0; 0; 0,999999803717062; 0,999999803717062; 1; 0; 1; 0
9331; 16; 0; 0; 1; 1; 1; 0; 1; 0
9360; 2; 0; 0; 0,813667150555484; 0,813667150555484; 1; 0; 1; 0
9371; 2; 0; 0; 1; 1; 1; 0; 1; 0
9389; 2; 0; 0; 1; 1; 1; 0; 1; 0
9419; 3; 2; 1; 0,590521708235812; 0,219470629883488; 0; 1; 0; 1
9421; 3; 0; 0; 0,974228436168335; 0,974228436168335; 1; 0; 1; 0
9423; 2; 0; 0; 1; 1; 1; 0; 1; 0
9436; 10; 0; 0; 0,999990681462892; 0,999990681462892; 1; 0; 1; 0
9446; 2; 0; 0; 0,999980779694114; 0,999980779694114; 1; 0; 1; 0
9451; 3; 0; 0; 0,901111955278461; 0,901111955278461; 1; 0; 1; 0
9456; 18; 0; 1; 0,56313291696764; 0,0123221159341485; 0; 1; 0; 1
9462; 16; 0; 0; 0,960139181448213; 0,960139181448213; 1; 0; 1; 0
9464; 2; 0; 0; 0,680427446984732; 0,680427446984732; 1; 0; 1; 0
9472; 2; 0; 0; 1; 1; 1; 0; 1; 0
9477; 2; 0; 1; 0,966045820817303; 0,0339541791826968; 0; 0; 0,167385047325938; 0,832614952674062
9495; 10; 0; 0; 0,979450363882223; 0,979450363882223; 1; 0; 1; 0
9509; 11; 0; 0; 0,999999919042322; 0,999999919042322; 1; 0; 1; 0
9523; 18; 1; 1; 0,981594943009191; 0,981594943009191; 0; 0; 0,250781242289067; 0,749218757710933
9536; 22; 0; 0; 0,996199280039526; 0,996199280039526; 1; 0; 1; 0
9560; 10; 0; 0; 0,999957714762072; 0,999957714762072; 1; 0; 1; 0
9609; 3; 0; 0; 0,999341683042356; 0,999341683042356; 1; 0; 1; 0
9615; 13; 0; 2; 0,532919895608033; 0,449999157556141; 0; 1; 0; 1
9620; 16; 0; 0; 0,999673616403526; 0,999673616403526; 1; 0; 1; 0
9662; 2; 0; 0; 1; 1; 1; 0; 1; 0
9671; 100; 0; 0; 0,893955332621886; 0,893955332621886; 1; 0; 1; 0
9726; 22; 0; 0; 0,964024730293545; 0,964024730293545; 1; 0; 1; 0
9738; 3; 0; 0; 0,998781539349296; 0,998781539349296; 1; 0; 1; 0
9746; 10; 0; 0; 0,820013114228652; 0,820013114228652; 1; 0; 1; 0
9752; 2; 0; 1; 0,670486308897383; 0,329513691102617; 0; 0; 0,333430975862548; 0,666569024137453
9758; 2; 0; 0; 0,999999052458246; 0,999999052458246; 1; 0; 1; 0
9772; 2; 0; 0; 1; 1; 1; 0; 1; 0
9773; 10; 0; 0; 0,999978545702159; 0,999978545702159; 1; 0; 1; 0
9774; 16; 2; 0; 0,879029065737263; 0; 1; 0; 1; 0
9777; 2; 0; 1; 0,846646355158281; 0,153353644841719; 0; 1; 0; 1
9787; 10; 0; 0; 0,999675669205428; 0,999675669205428; 1; 0; 1; 0
9807; 3; 0; 0; 0,99801882602011; 0,99801882602011; 1; 0; 1; 0
9808; 3; 1; 2; 0,930201489913564; 0,0537156822839992; 0; 0; 0,499830914844845; 0,500169085155155
9826; 26; 13; 2; 0,474264019272259; 0,0807125080279223; 0; 0; 0,400908225045092; 0,599091774954908
9833; 2; 0; 0; 0,999975030938099; 0,999975030938099; 1; 0; 1; 0
9834; 4; 1; 1; 0,953773293551535; 0,953773293551535; 0; 0; 0,499871699868275; 0,500128300131725
9841; 2; 0; 0; 1; 1; 1; 0; 1; 0
9842; 2; 1; 1; 0,96625010188521; 0,96625010188521; 0; 0; 0,200412394553236; 0,799587605446764
9881; 13; 0; 0; 0,999999635146333; 0,999999635146333; 1; 0; 1; 0
9884; 2; 0; 0; 0,999988109431106; 0,999988109431106; 1; 0; 1; 0
9913; 2; 1; 0; 0,960687438971057; 0,0393125610289435; 1; 0; 1; 0
9917; 2; 1; 1; 0,886193565112281; 0,886193565112281; 0; 1; 0; 1
9923; 18; 0; 1; 0,590735498180231; 0,0474292689849373; 0; 1; 0; 1
9928; 2; 0; 0; 1; 1; 1; 0; 1; 0
9953; 2; 0; 0; 0,999859538088027; 0,999859538088027; 1; 0; 1; 0
9981; 18; 0; 0; 0,60366643320702; 0,60366643320702; 1; 0; 1; 0
9984; 2; 0; 0; 0,999999286270443; 0,999999286270443; 1; 0; 1; 0
9988; 2; 0; 0; 0,999999373026494; 0,999999373026494; 1; 0; 1; 0
10008; 2; 0; 0; 1; 1; 1; 0; 1; 0
10022; 2; 0; 1; 0,816518416125783; 0,183481583874217; 0; 0; 0,167385047325938; 0,832614952674062
10058; 4; 2; 2; 0,890517568402007; 0,890517568402007; 0; 0; 0,25018242581366; 0,74981757418634
10061; 10; 0; 0; 0,905102230400739; 0,905102230400739; 1; 0; 1; 0
10067; 10; 0; 0; 0,999072127301661; 0,999072127301661; 1; 0; 1; 0
10084; 2; 0; 0; 1; 1; 1; 0; 1; 0
10124; 2; 1; 0; 0,709465312278714; 0,290534687721286; 1; 0; 1; 0
10131; 10; 0; 0; 0,617268778979001; 0,617268778979001; 1; 0; 1; 0
10133; 2; 0; 0; 0,885233933613121; 0,885233933613121; 1; 0; 1; 0
10135; 2; 1; 0; 0,971538616626891; 0,0284613833731088; 1; 0; 1; 0
10161; 9; 6; 0; 0,556916486670886; 0,425378713443008; 1; 0; 1; 0
10172; 10; 3; 0; 0,435005390203975; 0; 1; 0; 1; 0
10199; 2; 1; 0; 0,726137264334019; 0,273862735665981; 1; 0; 1; 0
10200; 10; 0; 0; 0,66529275260844; 0,66529275260844; 1; 0; 1; 0
10211; 2; 0; 1; 0,703478380253462; 0,296521619746538; 0; 0; 0,332035938147038; 0,667964061852961
10221; 10; 0; 1; 0,904249331306554; 0,0718218687639055; 0; 0; 0,334208340751588; 0,665791659248412
10223; 3; 2; 2; 0,413885352567747; 0,413885352567747; 0; 0; 0,125174011812684; 0,874825988187316
10227; 2; 1; 0; 0,999877104070675; 0,00012289592932542; 1; 0; 1; 0
10233; 20; 0; 0; 0,998248259408874; 0,998248259408874; 1; 0; 1; 0
10237; 16; 0; 0; 0,853605262760973; 0,853605262760973; 1; 0; 1; 0
10239; 18; 0; 0; 0,999979843306487; 0,999979843306487; 1; 0; 1; 0
10242; 2; 1; 1; 0,855085055769317; 0,855085055769317; 0; 0; 0,33314918551223; 0,66685081448777
10249; 16; 0; 0; 0,987141366297859; 0,987141366297859; 1; 0; 1; 0
10271; 2; 0; 0; 0,999999968185234; 0,999999968185234; 1; 0; 1; 0
10298; 3; 0; 0; 0,984089349280172; 0,984089349280172; 1; 0; 1; 0
10309; 10; 0; 0; 0,999987738540596; 0,999987738540596; 1; 0; 1; 0
10313; 3; 0; 0; 0,924242170263455; 0,924242170263455; 1; 0; 1; 0
10333; 2; 0; 0; 0,999999788943074; 0,999999788943074; 1; 0; 1; 0
10337; 10; 0; 0; 0,525611554391384; 0,525611554391384; 1; 0; 1; 0
10363; 10; 0; 0; 0,999977393479535; 0,999977393479535; 1; 0; 1; 0
10364; 2; 0; 0; 0,999982752209762; 0,999982752209762; 1; 0; 1; 0
10374; 3; 2; 0; 0,517138630567883; 0,482859381877015; 1; 0; 1; 0
10378; 10; 0; 0; 0,978557476343252; 0,978557476343252; 1; 0; 1; 0
10380; 2; 1; 0; 1; 0; 1; 0; 1; 0
10385; 18; 1; 1; 0,988571059561644; 0,988571059561644; 0; 1; 0; 1
10411; 100; 0; 0; 0,896545771405364; 0,896545771405364; 1; 0; 1; 0
10427; 16; 0; 0; 0,999598633415572; 0,999598633415572; 1; 0; 1; 0
10431; 16; 0; 0; 0,929398465817971; 0,929398465817971; 1; 0; 1; 0
10442; 18; 1; 1; 0,994332465121928; 0,994332465121928; 0; 0; 0,250781242289067; 0,749218757710933
10453; 10; 0; 0; 0,999853608554664; 0,999853608554664; 1; 0; 1; 0
10456; 10; 3; 0; 0,405407315119997; 0,389547732441319; 1; 0; 1; 0
10494; 10; 0; 0; 0,999999999615875; 0,999999999615875; 1; 0; 1; 0
10503; 10; 0; 0; 0,998659821434028; 0,998659821434028; 1; 0; 1; 0
10508; 2; 0; 1; 0,997854055694448; 0,00214594430555199; 0; 0; 0,333918879743881; 0,666081120256119
10518; 11; 0; 0; 1; 1; 1; 0; 1; 0
10526; 3; 0; 0; 0,973023819785384; 0,973023819785384; 1; 0; 1; 0
10528; 2; 0; 0; 0,999917779033002; 0,999917779033002; 1; 0; 1; 0
10544; 4; 0; 0; 0,98324827121147; 0,98324827121147; 1; 0; 1; 0
10545; 4; 0; 0; 0,899454267838839; 0,899454267838839; 1; 0; 1; 0
10553; 3; 0; 0; 0,602397151213882; 0,602397151213882; 1; 0; 1; 0
10575; 3; 0; 0; 0,926074932195212; 0,926074932195212; 1; 0; 1; 0
10576; 10; 0; 0; 0,999940227779132; 0,999940227779132; 1; 0; 1; 0
10580; 16; 2; 0; 0,52622838583372; 0,117137442536507; 1; 0; 1; 0
10586; 10; 0; 0; 0,989274339401627; 0,989274339401627; 1; 0; 1; 0
10588; 2; 0; 0; 0,918620373430977; 0,918620373430977; 1; 0; 1; 0
10602; 2; 0; 0; 0,994994943517843; 0,994994943517843; 1; 0; 1; 0
10609; 10; 0; 0; 0,992788445799006; 0,992788445799006; 1; 0; 1; 0
10618; 3; 0; 0; 0,87852177680984; 0,87852177680984; 1; 0; 1; 0
10621; 2; 0; 0; 1; 1; 1; 0; 1; 0
10628; 10; 0; 0; 0,994950099852928; 0,994950099852928; 1; 0; 1; 0
10641; 32; 0; 1; 0,747009400177081; 0,252981482470702; 0; 0; 0,499975874235971; 0,500024125764029
10645; 2; 1; 1; 0,783437979698248; 0,783437979698248; 0; 0; 0,166235758316226; 0,833764241683774
10654; 10; 0; 0; 0,992819300994599; 0,992819300994599; 1; 0; 1; 0
10657; 11; 0; 0; 0,999983864519514; 0,999983864519514; 1; 0; 1; 0
10661; 2; 0; 0; 0,999793264697068; 0,999793264697068; 1; 0; 1; 0
10662; 3; 0; 0; 0,999245949384299; 0,999245949384299; 1; 0; 1; 0
10670; 11; 0; 0; 0,999983864519514; 0,999983864519514; 1; 0; 1; 0
10672; 2; 0; 0; 0,999921103078523; 0,999921103078523; 1; 0; 1; 0
10677; 18; 0; 0; 0,997942861425921; 0,997942861425921; 1; 0; 1; 0
10678; 160; 0; 0; 0,995199095335359; 0,995199095335359; 1; 0; 1; 0
10687; 10; 0; 0; 0,999998423989342; 0,999998423989342; 1; 0; 1; 0
10694; 16; 2; 0; 0,845283756569557; 0; 1; 0; 1; 0
10696; 2; 0; 0; 0,999669470320644; 0,999669470320644; 1; 0; 1; 0
10699; 3; 0; 0; 0,981917356221354; 0,981917356221354; 1; 0; 1; 0
10709; 10; 0; 0; 0,699235603760796; 0,699235603760796; 1; 0; 1; 0
10714; 3; 0; 0; 0,987064233883765; 0,987064233883765; 1; 0; 1; 0
10731; 16; 0; 0; 0,760485623842769; 0,760485623842769; 1; 0; 1; 0
10767; 10; 0; 0; 0,999342105725926; 0,999342105725926; 1; 0; 1; 0
10777; 2; 0; 0; 0,949827113435568; 0,949827113435568; 1; 0; 1; 0
10784; 2; 0; 0; 0,999997567484868; 0,999997567484868; 1; 0; 1; 0
10833; 2; 0; 0; 0,999994536892709; 0,999994536892709; 1; 0; 1; 0
10852; 3; 0; 0; 0,92045092950087; 0,92045092950087; 1; 0; 1; 0
10858; 10; 0; 0; 0,999971921785591; 0,999971921785591; 1; 0; 1; 0
10868; 2; 1; 0; 1; 0; 1; 0; 1; 0
10919; 2; 1; 1; 0,925368423748822; 0,925368423748822; 0; 0; 0,166235758316226; 0,833764241683774
10921; 3; 0; 0; 0,800022085007698; 0,800022085007698; 1; 0; 1; 0
10934; 10; 0; 0; 0,999991395466511; 0,999991395466511; 1; 0; 1; 0
10953; 13; 0; 0; 1; 1; 1; 0; 1; 0
10964; 2; 0; 0; 0,999999993330375; 0,999999993330375; 1; 0; 1; 0
10975; 19; 2; 0; 0,481918607570846; 0,203471844889178; 1; 0; 1; 0
10976; 10; 0; 0; 0,99621788851127; 0,99621788851127; 1; 0; 1; 0
10984; 2; 1; 0; 1; 0; 1; 0; 1; 0
10990; 3; 2; 1; 0,497406205923733; 0,284575748788721; 0; 1; 0; 1
10993; 2; 0; 0; 0,999999724285173; 0,999999724285173; 1; 0; 1; 0
11009; 20; 0; 0; 0,995665521864188; 0,995665521864188; 1; 0; 1; 0
11020; 18; 1; 0; 0,652305944633913; 0,261959525850137; 1; 0; 1; 0
11025; 10; 0; 0; 0,999968881619455; 0,999968881619455; 1; 0; 1; 0
11028; 10; 0; 0; 0,949543478114311; 0,949543478114311; 1; 0; 1; 0
11044; 2; 1; 0; 0,882614873918426; 0,117385126081574; 1; 0; 1; 0
11050; 19; 0; 0; 0,770385015115843; 0,770385015115843; 1; 0; 1; 0
11055; 2; 0; 1; 0,940239342989385; 0,059760657010615; 0; 0; 0,334208340751588; 0,665791659248412
11097; 10; 0; 0; 0,797879633357519; 0,797879633357519; 1; 0; 1; 0
11138; 20; 0; 0; 0,997745705161504; 0,997745705161504; 1; 0; 1; 0
11151; 10; 0; 0; 0,984879561707542; 0,984879561707542; 1; 0; 1; 0
11152; 16; 0; 0; 0,999889703877622; 0,999889703877622; 1; 0; 1; 0
11158; 100; 0; 0; 0,991659542754884; 0,991659542754884; 1; 0; 1; 0
11196; 2; 0; 0; 0,999999703909743; 0,999999703909743; 1; 0; 1; 0
11229; 2; 1; 1; 0,991072854931597; 0,991072854931597; 0; 0; 0,200934938820447; 0,799065061179553
11251; 22; 0; 0; 0,999343824228892; 0,999343824228892; 1; 0; 1; 0
11255; 11; 0; 0; 0,999999919042322; 0,999999919042322; 1; 0; 1; 0
11290; 3; 1; 0; 0,638163259254717; 0,349129294269935; 1; 0; 1; 0
11295; 3; 0; 0; 0,985535193078384; 0,985535193078384; 1; 0; 1; 0
11297; 2; 0; 0; 0,999980779694114; 0,999980779694114; 1; 0; 1; 0
11306; 4; 0; 0; 0,968306781597949; 0,968306781597949; 1; 0; 1; 0
11317; 2; 1; 0; 1; 0; 1; 0; 1; 0
11320; 2; 0; 0; 0,999956566259783; 0,999956566259783; 1; 0; 1; 0
11329; 3; 0; 0; 0,920793984340282; 0,920793984340282; 1; 0; 1; 0
11352; 10; 0; 0; 0,561640113134276; 0,561640113134276; 1; 0; 1; 0
11366; 10; 0; 0; 0,909383369678333; 0,909383369678333; 1; 0; 1; 0
11373; 3; 2; 1; 0,695458067506048; 0,156194290339078; 0; 1; 0; 1
11379; 16; 0; 0; 1; 1; 1; 0; 1; 0
11381; 3; 0; 0; 0,993776786004311; 0,993776786004311; 1; 0; 1; 0
11406; 3; 0; 0; 0,923659644410354; 0,923659644410354; 1; 0; 1; 0
11412; 2; 0; 0; 0,997108113759079; 0,997108113759079; 1; 0; 1; 0
11414; 2; 1; 0; 1; 0; 1; 0; 1; 0
11425; 2; 0; 0; 0,999997614849324; 0,999997614849324; 1; 0; 1; 0
11428; 2; 0; 0; 1; 1; 1; 0; 1; 0
11453; 3; 0; 0; 0,926346061716222; 0,926346061716222; 1; 0; 1; 0
11479; 11; 0; 0; 0,999457087077169; 0,999457087077169; 1; 0; 1; 0
11496; 2; 0; 0; 1; 1; 1; 0; 1; 0
11508; 2; 1; 0; 0,999216916949074; 0,000783083050925902; 1; 0; 1; 0
11512; 10; 0; 0; 0,999956503027599; 0,999956503027599; 1; 0; 1; 0
11513; 2; 0; 1; 0,785883569348044; 0,214116430651956; 0; 0; 0,333212359042951; 0,666787640957049
11522; 2; 1; 0; 0,557362215560312; 0,442637784439688; 1; 0; 1; 0
11528; 18; 5; 1; 0,460573789150613; 0; 0; 0; 0,250781242289067; 0,749218757710933
11534; 18; 0; 1; 0,451680861801109; 0; 0; 1; 0; 1
11556; 10; 0; 0; 0,995717740730294; 0,995717740730294; 1; 0; 1; 0
11573; 2; 1; 1; 0,785926651422055; 0,785926651422055; 0; 0; 0,428950995718092; 0,571049004281908
11591; 11; 0; 0; 1; 1; 1; 0; 1; 0
11599; 10; 0; 0; 0,999914900601104; 0,999914900601104; 1; 0; 1; 0
11604; 10; 0; 0; 0,959110493068635; 0,959110493068635; 1; 0; 1; 0
11613; 14; 6; 10; 0,154946821687321; 0; 0; 1; 0; 1
11657; 3; 1; 0; 0,782727442684918; 0,0728180688027469; 1; 0; 1; 0
11658; 2; 0; 0; 0,99998329142845; 0,99998329142845; 1; 0; 1; 0
11663; 4; 1; 0; 0,534739834055815; 0,465259465354925; 1; 0; 1; 0
11685; 16; 0; 0; 0,925119928399816; 0,925119928399816; 1; 0; 1; 0
11694; 2; 0; 0; 0,999999797407506; 0,999999797407506; 1; 0; 1; 0
11697; 2; 1; 0; 1; 0; 1; 0; 1; 0
11727; 3; 0; 0; 0,999999178149233; 0,999999178149233; 1; 0; 1; 0
11737; 4; 3; 1; 1; 0; 0; 0; 0,500296553284424; 0,499703446715576
11806; 2; 1; 1; 1; 1; 0; 0; 0,500296553284424; 0,499703446715576
11848; 2; 1; 1; 0,705086125940935; 0,705086125940935; 0; 0; 0,500599967389935; 0,499400032610065
11866; 2; 0; 0; 0,593703988587811; 0,593703988587811; 1; 0; 1; 0
11868; 16; 0; 0; 0,999514391769286; 0,999514391769286; 1; 0; 1; 0
11888; 2; 1; 1; 0,717340842576474; 0,717340842576474; 0; 0; 0,200934938820447; 0,799065061179553
11904; 13; 0; 0; 0,999150336568133; 0,999150336568133; 1; 0; 1; 0
11910; 34; 0; 0; 0,625797402896314; 0,625797402896314; 1; 0; 1; 0
11935; 3; 0; 0; 0,923648628097134; 0,923648628097134; 1; 0; 1; 0
11942; 2; 0; 0; 1; 1; 1; 0; 1; 0
11950; 3; 0; 0; 0,740273017618575; 0,740273017618575; 1; 0; 1; 0
11967; 10; 0; 0; 0,999401784271539; 0,999401784271539; 1; 0; 1; 0
11973; 18; 13; 2; 0,426125710073562; 0; 0; 0; 0,500296553284424; 0,499703446715576
11980; 10; 0; 0; 0,999482758063204; 0,999482758063204; 1; 0; 1; 0
11987; 4; 0; 0; 1; 1; 1; 0; 1; 0
12005; 3; 0; 0; 0,985184766650216; 0,985184766650216; 1; 0; 1; 0
12014; 10; 0; 0; 0,99999999999966; 0,99999999999966; 1; 0; 1; 0
12024; 2; 0; 0; 0,999998399090321; 0,999998399090321; 1; 0; 1; 0
12082; 2; 1; 1; 0,567052063769178; 0,567052063769178; 0; 0; 0,332035938147038; 0,667964061852961
12101; 10; 0; 0; 0,988115884434431; 0,988115884434431; 1; 0; 1; 0
12105; 10; 0; 0; 0,97890997112601; 0,97890997112601; 1; 0; 1; 0
12113; 2; 0; 0; 0,999959534581692; 0,999959534581692; 1; 0; 1; 0
12137; 2; 0; 0; 0,989648301984177; 0,989648301984177; 1; 0; 1; 0
12150; 2; 0; 1; 1; 0; 0; 0; 0,167385047325938; 0,832614952674062
12160; 16; 0; 0; 0,999106689775017; 0,999106689775017; 1; 0; 1; 0
12162; 10; 0; 0; 0,999962885616902; 0,999962885616902; 1; 0; 1; 0
12163; 2; 0; 0; 0,999662271777915; 0,999662271777915; 1; 0; 1; 0
12181; 10; 2; 0; 0,494108123466308; 0,428639183671444; 1; 0; 1; 0
12195; 10; 0; 0; 0,999998408413389; 0,999998408413389; 1; 0; 1; 0
12213; 2; 1; 1; 1; 1; 0; 0; 0,334384756660017; 0,665615243339983
12223; 10; 2; 0; 0,420071270843159; 0,17762479774538; 1; 0; 1; 0
12226; 2; 0; 1; 0,910088314352695; 0,0899116856473054; 0; 0; 0,200412394553236; 0,799587605446764
12227; 4; 1; 0; 0,463576261948197; 0,313756752338212; 1; 0; 1; 0
12228; 4; 1; 1; 0,979573599305885; 0,979573599305885; 0; 0; 0,334791303513529; 0,665208696486471
12236; 2; 0; 0; 1; 1; 1; 0; 1; 0
12237; 10; 1; 0; 0,49901993286694; 0; 1; 0; 1; 0
12248; 3; 0; 0; 0,999966444565351; 0,999966444565351; 1; 0; 1; 0
12255; 16; 0; 0; 0,988731323296277; 0,988731323296277; 1; 0; 1; 0
12258; 3; 0; 0; 0,924230363652538; 0,924230363652538; 1; 0; 1; 0
12273; 2; 0; 0; 1; 1; 1; 0; 1; 0
12274; 2; 0; 0; 0,978178676439625; 0,978178676439625; 1; 0; 1; 0
12301; 10; 0; 0; 0,994023468188884; 0,994023468188884; 1; 0; 1; 0
12305; 10; 0; 0; 0,999741307828232; 0,999741307828232; 1; 0; 1; 0
12345; 32; 1; 1; 1; 1; 0; 0; 0,500984484812199; 0,499015515187801
12360; 2; 0; 0; 1; 1; 1; 0; 1; 0
12365; 100; 0; 0; 0,984616733719487; 0,984616733719487; 1; 0; 1; 0
12372; 10; 2; 0; 0,501462016564169; 0,12871138407713; 1; 0; 1; 0
12383; 48; 0; 0; 0,998154338793566; 0,998154338793566; 1; 0; 1; 0
12393; 2; 0; 0; 1; 1; 1; 0; 1; 0
12400; 8; 0; 0; 0,999999715278722; 0,999999715278722; 1; 0; 1; 0
12431; 10; 0; 0; 0,385807693431342; 0,385807693431342; 1; 0; 1; 0
12434; 18; 14; 2; 0,338955276512857; 0,120108556961863; 0; 0; 0,249836158183357; 0,750163841816643
12445; 10; 4; 0; 0,383549614706871; 0; 1; 0; 1; 0
12453; 2; 0; 0; 0,559009587806487; 0,559009587806487; 1; 0; 1; 0
12462; 2; 0; 0; 0,921407165103536; 0,921407165103536; 1; 0; 1; 0
12486; 10; 2; 0; 0,463265482588533; 0,161659129623045; 1; 0; 1; 0
12489; 10; 0; 0; 0,990446916983645; 0,990446916983645; 1; 0; 1; 0
12513; 8; 0; 0; 0,99997412715102; 0,99997412715102; 1; 0; 1; 0
12514; 10; 0; 0; 0,506578844308024; 0,506578844308024; 1; 0; 1; 0
12515; 10; 0; 0; 0,488251537354252; 0,488251537354252; 1; 0; 1; 0
12535; 3; 2; 2; 0,61928236515472; 0,61928236515472; 0; 1; 0; 1
12544; 2; 0; 0; 1; 1; 1; 0; 1; 0
12551; 4; 0; 0; 0,998630524368281; 0,998630524368281; 1; 0; 1; 0
12552; 10; 1; 0; 0,343788183216973; 0,246008359080373; 1; 0; 1; 0
12556; 4; 0; 0; 0,999927675952221; 0,999927675952221; 1; 0; 1; 0
12568; 2; 0; 0; 0,999903653307863; 0,999903653307863; 1; 0; 1; 0
12583; 3; 2; 0; 0,587468647689317; 0,412513292797318; 1; 0; 1; 0
12593; 16; 0; 0; 0,998495043950914; 0,998495043950914; 1; 0; 1; 0
12625; 20; 0; 0; 0,999998352372441; 0,999998352372441; 1; 0; 1; 0
12639; 3; 1; 0; 0,515463039121212; 0,117907111260872; 1; 0; 1; 0
12648; 10; 4; 0; 0,518339231846226; 0,243600186582627; 1; 0; 1; 0
12661; 10; 0; 0; 0,99296481899928; 0,99296481899928; 1; 0; 1; 0
12670; 18; 14; 2; 0,296788893352093; 0,25817594772037; 0; 0; 0,249836158183357; 0,750163841816643
12675; 2; 0; 0; 0,99992885663; 0,99992885663; 1; 0; 1; 0
12745; 3; 0; 0; 0,896728296647619; 0,896728296647619; 1; 0; 1; 0
12750; 2; 0; 0; 0,999993719651246; 0,999993719651246; 1; 0; 1; 0
12765; 11; 0; 0; 1; 1; 1; 0; 1; 0
12780; 100; 0; 0; 0,411326464127686; 0,411326464127686; 1; 0; 1; 0
12840; 10; 0; 0; 0,707248369849969; 0,707248369849969; 1; 0; 1; 0
12850; 2; 1; 1; 1; 1; 0; 1; 0; 1
12867; 2; 0; 0; 1; 1; 1; 0; 1; 0
12874; 2; 0; 1; 0,965079503011318; 0,0349204969886825; 0; 0; 0,19881132297054; 0,80118867702946
12879; 18; 15; 0; 0,225434536444618; 0,0825648757124619; 1; 0; 1; 0
12911; 16; 0; 0; 0,999999999885442; 0,999999999885442; 1; 0; 1; 0
12916; 2; 0; 1; 1; 0; 0; 0; 0,167385047325938; 0,832614952674062
12920; 10; 7; 0; 0,376729521774147; 0,288221043610094; 1; 0; 1; 0
12950; 2; 0; 0; 0,999998936061696; 0,999998936061696; 1; 0; 1; 0
12963; 4; 2; 0; 0,531076344439845; 0,468923655560155; 1; 0; 1; 0
12965; 10; 0; 0; 0,681521871693554; 0,681521871693554; 1; 0; 1; 0
12991; 10; 0; 0; 0,329764154366978; 0,329764154366978; 1; 0; 1; 0
12993; 2; 1; 1; 1; 1; 0; 0; 0,499954889917529; 0,500045110082471
13025; 2; 0; 0; 0,999975030938099; 0,999975030938099; 1; 0; 1; 0
13029; 10; 0; 0; 0,997752198098518; 0,997752198098518; 1; 0; 1; 0
13047; 2; 0; 0; 0,607270126894958; 0,607270126894958; 1; 0; 1; 0
13055; 10; 0; 0; 0,923153224683623; 0,923153224683623; 1; 0; 1; 0
13058; 8; 0; 0; 0,997681454453708; 0,997681454453708; 1; 0; 1; 0
13070; 2; 0; 0; 1; 1; 1; 0; 1; 0
13099; 16; 0; 0; 1; 1; 1; 0; 1; 0
13100; 2; 0; 0; 0,999842380726257; 0,999842380726257; 1; 0; 1; 0
13108; 16; 0; 0; 0,945665140072656; 0,945665140072656; 1; 0; 1; 0
13112; 180; 0; 0; 0,504646146188719; 0,504646146188719; 1; 0; 1; 0
13121; 3; 0; 0; 0,901358554444456; 0,901358554444456; 1; 0; 1; 0
13128; 10; 7; 0; 0,447205447981421; 0,297489188644926; 1; 0; 1; 0
13150; 2; 0; 0; 1; 1; 1; 0; 1; 0
13151; 10; 0; 0; 0,985064421621119; 0,985064421621119; 1; 0; 1; 0
13154; 8; 0; 0; 0,999995292392252; 0,999995292392252; 1; 0; 1; 0
13167; 2; 0; 0; 0,999999052458246; 0,999999052458246; 1; 0; 1; 0
13170; 10; 2; 0; 0,428762506118811; 0,176854847276613; 1; 0; 1; 0
13175; 2; 0; 0; 0,979681989389792; 0,979681989389792; 1; 0; 1; 0
13179; 16; 0; 0; 0,999634611675733; 0,999634611675733; 1; 0; 1; 0
13209; 2; 1; 0; 0,510722739684834; 0,489277260315167; 1; 0; 1; 0
13212; 10; 0; 0; 0,999985405998108; 0,999985405998108; 1; 0; 1; 0
13216; 2; 1; 0; 0,997745147641713; 0,00225485235828668; 1; 0; 1; 0
13236; 10; 0; 0; 0,471883913903824; 0,471883913903824; 1; 0; 1; 0
13237; 10; 1; 0; 0,312309891709239; 0,141082274522827; 1; 0; 1; 0
13249; 2; 1; 1; 0,999999820253216; 0,999999820253216; 0; 0; 0,33314918551223; 0,66685081448777
13301; 2; 1; 0; 0,85092263857729; 0,14907736142271; 1; 0; 1; 0
13312; 3; 0; 0; 0,963860393558465; 0,963860393558465; 1; 0; 1; 0
13325; 10; 0; 0; 0,999401932090606; 0,999401932090606; 1; 0; 1; 0
13328; 4; 0; 0; 0,990790238079902; 0,990790238079902; 1; 0; 1; 0
13363; 20; 0; 0; 0,999995764789575; 0,999995764789575; 1; 0; 1; 0
13373; 2; 0; 0; 0,63223055635477; 0,63223055635477; 1; 0; 1; 0
13393; 3; 0; 0; 0,999994392455971; 0,999994392455971; 1; 0; 1; 0
13395; 22; 0; 0; 0,999826382880334; 0,999826382880334; 1; 0; 1; 0
13400; 19; 2; 0; 0,33378101260466; 0,259984781291187; 1; 0; 1; 0
13405; 2; 1; 0; 0,970182255237135; 0,0298177447628651; 1; 0; 1; 0
13418; 3; 0; 0; 1; 1; 1; 0; 1; 0
13422; 2; 1; 1; 1; 1; 0; 1; 0; 1
13424; 10; 3; 0; 0,321408906157448; 0,316051202963138; 1; 0; 1; 0
13426; 2; 1; 1; 1; 1; 0; 0; 0,333918879743881; 0,666081120256119
13441; 2; 1; 1; 1; 1; 0; 0; 0,500256624585928; 0,499743375414072
13469; 2; 0; 0; 0,788858431670677; 0,788858431670677; 1; 0; 1; 0
13470; 2; 0; 0; 0,875062851112372; 0,875062851112372; 1; 0; 1; 0
13472; 2; 0; 0; 1; 1; 1; 0; 1; 0
13494; 10; 1; 0; 0,289603528956276; 0,0588790157968912; 1; 0; 1; 0
13503; 16; 0; 0; 0,999999997795444; 0,999999997795444; 1; 0; 1; 0
13513; 2; 0; 0; 1; 1; 1; 0; 1; 0
13515; 16; 2; 0; 0,619434766752818; 0; 1; 0; 1; 0
13523; 2; 0; 0; 0,945663229001055; 0,945663229001055; 1; 0; 1; 0
13540; 2; 1; 1; 1; 1; 0; 0; 0,331599996738756; 0,668400003261244
13571; 2; 1; 0; 0,878302327705818; 0,121697672294182; 1; 0; 1; 0
13572; 2; 0; 0; 1; 1; 1; 0; 1; 0
13583; 2; 1; 1; 0,719957543905553; 0,719957543905553; 0; 0; 0,165993405968281; 0,834006594031719
13603; 10; 1; 0; 0,337577205871128; 0,217182712559926; 1; 0; 1; 0
13626; 10; 1; 0; 0,291000951552997; 0,0512499306080223; 1; 0; 1; 0
13645; 32; 0; 1; 1; 0; 0; 0; 0,500599967389935; 0,499400032610065
13660; 10; 0; 0; 0,991182339095595; 0,991182339095595; 1; 0; 1; 0
13684; 18; 0; 0; 0,491388141689596; 0,491388141689596; 1; 0; 1; 0
13689; 2; 0; 0; 0,999303869959599; 0,999303869959599; 1; 0; 1; 0
13720; 3; 0; 0; 0,905016683795305; 0,905016683795305; 1; 0; 1; 0
13723; 4; 0; 0; 1; 1; 1; 0; 1; 0
13737; 20; 0; 0; 0,999983108651553; 0,999983108651553; 1; 0; 1; 0
13745; 2; 0; 0; 0,648078052010492; 0,648078052010492; 1; 0; 1; 0
13746; 180; 1; 0; 0,348213816968719; 0,338662595440646; 1; 0; 1; 0
13750; 18; 0; 0; 0,999824496463689; 0,999824496463689; 1; 0; 1; 0
13777; 2; 1; 0; 0,521494235172051; 0,478505764827949; 1; 0; 1; 0
13803; 10; 4; 2; 0,282161595290044; 0,0563431009502607; 0; 0; 0,249836158183357; 0,750163841816643
13846; 2; 1; 0; 0,998117281227257; 0,00188271877274332; 1; 0; 1; 0
13879; 3; 0; 0; 0,99998990428713; 0,99998990428713; 1; 0; 1; 0
13894; 2; 0; 0; 0,973828179589047; 0,973828179589047; 1; 0; 1; 0
13898; 8; 1; 0; 0,539934235032266; 0,345012353261157; 1; 0; 1; 0
13905; 10; 2; 0; 0,406604058581045; 0,0942140478215658; 1; 0; 1; 0
13907; 4; 0; 0; 0,493893588014895; 0,493893588014895; 1; 0; 1; 0
13927; 3; 0; 0; 0,871277311168924; 0,871277311168924; 1; 0; 1; 0
13951; 10; 2; 0; 0,435262003811714; 0,187090483507858; 1; 0; 1; 0
13985; 16; 0; 0; 1; 1; 1; 0; 1; 0
13996; 2; 0; 1; 1; 0; 0; 0; 0,428950995718092; 0,571049004281908
14006; 2; 0; 0; 0,999996874328119; 0,999996874328119; 1; 0; 1; 0
14022; 2; 0; 0; 0,999999776401702; 0,999999776401702; 1; 0; 1; 0
14029; 2; 1; 0; 0,905972273113151; 0,0940277268868491; 1; 0; 1; 0
14072; 2; 0; 0; 0,636825239177668; 0,636825239177668; 1; 0; 1; 0
14085; 2; 0; 0; 0,994000866646117; 0,994000866646117; 1; 0; 1; 0
14108; 2; 0; 0; 1; 1; 1; 0; 1; 0
14112; 19; 11; 0; 0,478083374028762; 0; 1; 0; 1; 0
14128; 2; 0; 0; 1; 1; 1; 0; 1; 0
14139; 10; 0; 0; 1; 1; 1; 0; 1; 0
14143; 16; 0; 0; 0,863813883954906; 0,863813883954906; 1; 0; 1; 0
14148; 2; 0; 0; 1; 1; 1; 0; 1; 0
14152; 2; 0; 0; 0,997110696508987; 0,997110696508987; 1; 0; 1; 0
14196; 2; 1; 0; 0,570450790187433; 0,429549209812567; 1; 0; 1; 0
14198; 2; 0; 0; 1; 1; 1; 0; 1; 0
14201; 2; 1; 1; 0,894243095940384; 0,894243095940384; 0; 0; 0,334321691806297; 0,665678308193703
14206; 8; 0; 0; 0,998953890429667; 0,998953890429667; 1; 0; 1; 0
14214; 2; 0; 0; 0,62755520791614; 0,62755520791614; 1; 0; 1; 0
14218; 3; 0; 0; 0,9731392119801; 0,9731392119801; 1; 0; 1; 0
14219; 2; 0; 0; 1; 1; 1; 0; 1; 0
14222; 3; 0; 0; 0,916185508576417; 0,916185508576417; 1; 0; 1; 0
14225; 16; 0; 0; 0,986663605790535; 0,986663605790535; 1; 0; 1; 0
14236; 2; 0; 0; 0,999904683453287; 0,999904683453287; 1; 0; 1; 0
14247; 2; 0; 0; 1; 1; 1; 0; 1; 0
14256; 14; 1; 10; 0,451410311609153; 0; 0; 1; 0; 1
14264; 11; 0; 0; 0,99999876990577; 0,99999876990577; 1; 0; 1; 0
14291; 16; 0; 0; 0,925346102021564; 0,925346102021564; 1; 0; 1; 0
14311; 48; 0; 0; 0,999988806344789; 0,999988806344789; 1; 0; 1; 0
14324; 4; 0; 0; 1; 1; 1; 0; 1; 0
14326; 4; 0; 0; 0,999785780830122; 0,999785780830122; 1; 0; 1; 0
14332; 3; 0; 2; 0,853331428271089; 0,14666237739164; 0; 1; 0; 1
14333; 2; 1; 1; 0,557694306016201; 0,557694306016201; 0; 0; 0,33314918551223; 0,66685081448777
14350; 2; 0; 0; 0,796578508177655; 0,796578508177655; 1; 0; 1; 0
14364; 2; 0; 0; 1; 1; 1; 0; 1; 0
14370; 2; 0; 0; 0,90560003903755; 0,90560003903755; 1; 0; 1; 0
14371; 13; 0; 0; 0,617652273754593; 0,617652273754593; 1; 0; 1; 0
14390; 2; 1; 1; 0,935269503330074; 0,935269503330074; 0; 0; 0,16770376453751; 0,83229623546249
14427; 16; 0; 0; 1; 1; 1; 0; 1; 0
14431; 10; 0; 2; 0,808635658227986; 0,0623038844722112; 0; 1; 0; 1
14444; 3; 0; 0; 0,964157713375112; 0,964157713375112; 1; 0; 1; 0
14445; 10; 0; 0; 1; 1; 1; 0; 1; 0
14457; 2; 0; 0; 1; 1; 1; 0; 1; 0
14468; 19; 0; 1; 0,995259406640565; 0,000150583725812854; 0; 0; 0,334175033414952; 0,665824966585048
14477; 2; 0; 1; 0,647060781501074; 0,352939218498926; 0; 0; 0,500215875216579; 0,499784124783421
14491; 4; 0; 0; 0,999568987186468; 0,999568987186468; 1; 0; 1; 0
14524; 3; 0; 0; 0,922665185591544; 0,922665185591544; 1; 0; 1; 0
14535; 10; 0; 0; 0,99167754502864; 0,99167754502864; 1; 0; 1; 0
14545; 10; 0; 0; 0,999999370369385; 0,999999370369385; 1; 0; 1; 0
14555; 2; 1; 1; 0,654207117080846; 0,654207117080846; 0; 0; 0,500256624585928; 0,499743375414072
14569; 10; 0; 0; 0,885604427542863; 0,885604427542863; 1; 0; 1; 0
14573; 2; 0; 0; 0,922426286776668; 0,922426286776668; 1; 0; 1; 0
14576; 100; 0; 0; 0,999981270669857; 0,999981270669857; 1; 0; 1; 0
14586; 10; 0; 0; 1; 1; 1; 0; 1; 0
14618; 2; 0; 0; 1; 1; 1; 0; 1; 0
14632; 2; 0; 0; 1; 1; 1; 0; 1; 0
14634; 2; 0; 0; 0,908988833475542; 0,908988833475542; 1; 0; 1; 0
14643; 10; 0; 0; 0,999957010004609; 0,999957010004609; 1; 0; 1; 0
14649; 10; 0; 0; 1; 1; 1; 0; 1; 0
14650; 2; 0; 0; 1; 1; 1; 0; 1; 0
14656; 10; 0; 0; 0,862467501864308; 0,862467501864308; 1; 0; 1; 0
14665; 2; 0; 0; 0,996619440754189; 0,996619440754189; 1; 0; 1; 0
14674; 16; 0; 0; 1; 1; 1; 0; 1; 0
14677; 2; 0; 0; 0,999949761633806; 0,999949761633806; 1; 0; 1; 0
14681; 10; 0; 0; 0,999317023369546; 0,999317023369546; 1; 0; 1; 0
14682; 3; 0; 0; 1; 1; 1; 0; 1; 0
14706; 10; 0; 0; 0,44569644316175; 0,44569644316175; 1; 0; 1; 0
14719; 2; 1; 0; 0,955998483099778; 0,0440015169002222; 1; 0; 1; 0
14721; 3; 0; 0; 0,963860393558465; 0,963860393558465; 1; 0; 1; 0
14724; 40; 0; 0; 0,999965709207105; 0,999965709207105; 1; 0; 1; 0
14740; 2; 0; 0; 1; 1; 1; 0; 1; 0
14764; 2; 0; 0; 0,999989984558919; 0,999989984558919; 1; 0; 1; 0
14803; 10; 0; 0; 0,567949434844058; 0,567949434844058; 1; 0; 1; 0
14811; 2; 1; 0; 0,606632235726744; 0,393367764273256; 1; 0; 1; 0
14817; 2; 0; 0; 1; 1; 1; 0; 1; 0
14826; 2; 0; 0; 1; 1; 1; 0; 1; 0
14827; 16; 2; 0; 1; 0; 1; 0; 1; 0
14829; 4; 0; 0; 0,999828002377736; 0,999828002377736; 1; 0; 1; 0
14833; 2; 0; 0; 0,999990738875962; 0,999990738875962; 1; 0; 1; 0
14838; 10; 0; 0; 0,999995815809469; 0,999995815809469; 1; 0; 1; 0
14852; 20; 0; 0; 0,842236553767903; 0,842236553767903; 1; 0; 1; 0
14853; 4; 0; 0; 0,999832566625143; 0,999832566625143; 1; 0; 1; 0
14858; 18; 0; 2; 0,90107312907602; 0,0709090400487384; 0; 0; 0,249836158183357; 0,750163841816643
14862; 4; 0; 0; 1; 1; 1; 0; 1; 0
14867; 4; 0; 0; 0,947018271554348; 0,947018271554348; 1; 0; 1; 0
14872; 2; 0; 0; 0,921175019716112; 0,921175019716112; 1; 0; 1; 0
14874; 2; 0; 1; 0,627703723366865; 0,372296276633135; 0; 0; 0,499975874235971; 0,500024125764029
14875; 16; 0; 0; 1; 1; 1; 0; 1; 0
14919; 2; 0; 0; 0,660516372723479; 0,660516372723479; 1; 0; 1; 0
14921; 2; 0; 0; 1; 1; 1; 0; 1; 0
14931; 10; 0; 0; 0,972466183180246; 0,972466183180246; 1; 0; 1; 0
14939; 2; 0; 0; 1; 1; 1; 0; 1; 0
14942; 11; 0; 0; 1; 1; 1; 0; 1; 0
14954; 10; 0; 0; 0,999993811718992; 0,999993811718992; 1; 0; 1; 0
14972; 16; 2; 0; 0,916739887460783; 0,0531148772526383; 1; 0; 1; 0
14973; 4; 0; 0; 1; 1; 1; 0; 1; 0
14978; 2; 1; 0; 1; 0; 1; 0; 1; 0
14980; 2; 0; 0; 1; 1; 1; 0; 1; 0
14998; 10; 2; 1; 0,476834431687573; 0,353647034975175; 0; 1; 0; 1
15010; 16; 0; 0; 1; 1; 1; 0; 1; 0
15018; 20; 0; 0; 0,999974742965278; 0,999974742965278; 1; 0; 1; 0
15019; 2; 1; 0; 0,566296259338795; 0,433703740661205; 1; 0; 1; 0
15033; 11; 0; 0; 1; 1; 1; 0; 1; 0
15037; 18; 0; 1; 0,984699454764331; 0; 0; 0; 0,249409700779955; 0,750590299220045
15038; 10; 0; 0; 0,999998035796327; 0,999998035796327; 1; 0; 1; 0
15050; 2; 1; 1; 0,954441249103851; 0,954441249103851; 0; 0; 0,500599967389935; 0,499400032610065
15054; 16; 0; 0; 0,999993935720448; 0,999993935720448; 1; 0; 1; 0
15057; 3; 0; 0; 0,998044136126546; 0,998044136126546; 1; 0; 1; 0
15060; 18; 0; 1; 0,985499572968893; 0; 0; 0; 0,249409700779955; 0,750590299220045
15067; 10; 0; 0; 0,993771928210812; 0,993771928210812; 1; 0; 1; 0
15071; 3; 0; 0; 0,999994163550844; 0,999994163550844; 1; 0; 1; 0
15075; 3; 0; 0; 0,902964261438754; 0,902964261438754; 1; 0; 1; 0
15083; 17; 0; 0; 1; 1; 1; 0; 1; 0
15086; 11; 0; 0; 0,998860149225951; 0,998860149225951; 1; 0; 1; 0
15111; 2; 1; 0; 0,647548716921647; 0,352451283078353; 1; 0; 1; 0
15127; 2; 1; 0; 0,500540215199522; 0,499459784800478; 1; 0; 1; 0
15134; 10; 0; 0; 0,999989746579505; 0,999989746579505; 1; 0; 1; 0
15144; 2; 0; 0; 1; 1; 1; 0; 1; 0
15165; 10; 0; 0; 0,99999999992076; 0,99999999992076; 1; 0; 1; 0
15166; 16; 0; 0; 0,796833596641378; 0,796833596641378; 1; 0; 1; 0
15167; 2; 0; 1; 1; 0; 0; 0; 0,37453846769788; 0,62546153230212
15174; 6; 0; 0; 0,999863326507066; 0,999863326507066; 1; 0; 1; 0
15182; 10; 0; 0; 0,913267127771349; 0,913267127771349; 1; 0; 1; 0
15185; 10; 0; 0; 0,999999999905232; 0,999999999905232; 1; 0; 1; 0
15187; 2; 0; 0; 1; 1; 1; 0; 1; 0
15194; 2; 0; 1; 0,509116290202292; 0,490883709797708; 0; 0; 0,500256624585928; 0,499743375414072
15208; 2; 0; 1; 1; 0; 0; 0; 0,499975874235971; 0,500024125764029
15213; 3; 2; 0; 0,99704112677779; 0,00295887322221041; 1; 0; 1; 0
15216; 16; 0; 0; 1; 1; 1; 0; 1; 0
15217; 48; 0; 0; 0,999833560063006; 0,999833560063006; 1; 0; 1; 0
15224; 2; 0; 0; 0,55982932032931; 0,55982932032931; 1; 0; 1; 0
15267; 2; 0; 1; 0,709267935967829; 0,290732064032171; 0; 1; 0; 1
15272; 3; 0; 0; 0,893716041787667; 0,893716041787667; 1; 0; 1; 0
15281; 10; 0; 0; 0,655687763707492; 0,655687763707492; 1; 0; 1; 0
15283; 11; 0; 0; 0,999798780756965; 0,999798780756965; 1; 0; 1; 0
15284; 22; 0; 0; 0,999999894230207; 0,999999894230207; 1; 0; 1; 0
15286; 3; 0; 1; 0,805015844081273; 0,194984155918727; 0; 0; 0,428950995718092; 0,571049004281908
15287; 2; 1; 0; 0,500526772272708; 0,499473227727292; 1; 0; 1; 0
15288; 3; 0; 0; 0,998049231141914; 0,998049231141914; 1; 0; 1; 0
15295; 16; 0; 0; 0,999999997972321; 0,999999997972321; 1; 0; 1; 0
15299; 22; 0; 0; 0,999959344793234; 0,999959344793234; 1; 0; 1; 0
15301; 17; 0; 0; 1; 1; 1; 0; 1; 0
15302; 16; 0; 0; 0,986881005296984; 0,986881005296984; 1; 0; 1; 0
15311; 2; 0; 0; 0,656356702306364; 0,656356702306364; 1; 0; 1; 0
15317; 2; 0; 0; 0,876356434111656; 0,876356434111656; 1; 0; 1; 0
15331; 2; 0; 1; 1; 0; 0; 0; 0,19881132297054; 0,80118867702946
15339; 11; 0; 0; 0,999999997912484; 0,999999997912484; 1; 0; 1; 0
15350; 2; 0; 0; 1; 1; 1; 0; 1; 0
15374; 10; 0; 0; 0,999999992521367; 0,999999992521367; 1; 0; 1; 0
15393; 10; 0; 0; 0,463141482764645; 0,463141482764645; 1; 0; 1; 0
15419; 3; 0; 0; 0,999369120778134; 0,999369120778134; 1; 0; 1; 0
15424; 3; 0; 0; 0,940214482439832; 0,940214482439832; 1; 0; 1; 0
15431; 6; 0; 0; 0,906259295805675; 0,906259295805675; 1; 0; 1; 0
15432; 2; 0; 0; 0,777277811681582; 0,777277811681582; 1; 0; 1; 0
15458; 40; 0; 0; 0,999999999007854; 0,999999999007854; 1; 0; 1; 0
15462; 4; 0; 0; 1; 1; 1; 0; 1; 0
15466; 2; 0; 0; 1; 1; 1; 0; 1; 0
15468; 10; 0; 0; 0,555078386935008; 0,555078386935008; 1; 0; 1; 0
15472; 2; 1; 0; 0,640820472478212; 0,359179527521788; 1; 0; 1; 0
15485; 22; 0; 0; 0,999990950095332; 0,999990950095332; 1; 0; 1; 0
15496; 2; 1; 1; 0,959162325194986; 0,959162325194986; 0; 1; 0; 1
15497; 10; 0; 0; 1; 1; 1; 0; 1; 0
15507; 3; 1; 0; 0,793662294639654; 0,206337705360346; 1; 0; 1; 0
15512; 2; 1; 0; 1; 0; 1; 0; 1; 0
15518; 2; 0; 0; 1; 1; 1; 0; 1; 0
15522; 2; 0; 0; 0,9955633952897; 0,9955633952897; 1; 0; 1; 0
15523; 3; 0; 0; 0,859870093531797; 0,859870093531797; 1; 0; 1; 0
15530; 2; 1; 1; 0,984370645480521; 0,984370645480521; 0; 0; 0,334321691806297; 0,665678308193703
15531; 2; 0; 0; 0,570747858538341; 0,570747858538341; 1; 0; 1; 0
15541; 19; 2; 0; 0,635268218783368; 0; 1; 0; 1; 0
15545; 3; 2; 0; 0,857249318058879; 0,142649494833435; 1; 0; 1; 0
15546; 16; 0; 0; 1; 1; 1; 0; 1; 0
15562; 18; 0; 2; 0,903789147085751; 0,0685983307182173; 0; 0; 0,249836158183357; 0,750163841816643
15587; 10; 0; 0; 0,543964084603215; 0,543964084603215; 1; 0; 1; 0
15620; 3; 0; 0; 0,999572797870624; 0,999572797870624; 1; 0; 1; 0
15622; 2; 0; 0; 0,927543048558434; 0,927543048558434; 1; 0; 1; 0
15627; 11; 0; 0; 1; 1; 1; 0; 1; 0
15630; 10; 0; 0; 0,701605691533951; 0,701605691533951; 1; 0; 1; 0
15641; 2; 1; 1; 0,973399257293271; 0,973399257293271; 0; 0; 0,334321691806297; 0,665678308193703
15646; 10; 0; 0; 0,703042928941968; 0,703042928941968; 1; 0; 1; 0
15650; 11; 0; 0; 0,995493383244013; 0,995493383244013; 1; 0; 1; 0
15655; 2; 1; 0; 1; 0; 1; 0; 1; 0
15659; 10; 0; 0; 0,523457420931629; 0,523457420931629; 1; 0; 1; 0
15671; 2; 0; 0; 0,999989984558919; 0,999989984558919; 1; 0; 1; 0
15686; 2; 0; 0; 1; 1; 1; 0; 1; 0
15689; 2; 0; 0; 1; 1; 1; 0; 1; 0
15699; 2; 0; 0; 0,832109072597819; 0,832109072597819; 1; 0; 1; 0
15703; 2; 0; 0; 1; 1; 1; 0; 1; 0
15726; 10; 0; 0; 0,99962019916228; 0,99962019916228; 1; 0; 1; 0
15735; 18; 1; 1; 0,504289228709788; 0,504289228709788; 0; 1; 0; 1
15736; 2; 1; 0; 1; 0; 1; 0; 1; 0
15740; 2; 1; 1; 0,972650179425592; 0,972650179425592; 0; 0; 0,428950995718092; 0,571049004281908
15746; 2; 0; 0; 1; 1; 1; 0; 1; 0
15748; 20; 0; 0; 0,999997712100956; 0,999997712100956; 1; 0; 1; 0
15750; 10; 0; 0; 1; 1; 1; 0; 1; 0
15754; 3; 2; 2; 0,728359092178976; 0,728359092178976; 0; 0; 0,428139817652065; 0,571860182347935
15798; 2; 0; 0; 1; 1; 1; 0; 1; 0
15810; 10; 0; 0; 0,416396152118218; 0,416396152118218; 1; 0; 1; 0
15829; 8; 0; 0; 0,999992477285301; 0,999992477285301; 1; 0; 1; 0
15830; 22; 0; 0; 1; 1; 1; 0; 1; 0
15834; 2; 0; 0; 0,999965629088816; 0,999965629088816; 1; 0; 1; 0
15840; 20; 0; 0; 0,999912749247736; 0,999912749247736; 1; 0; 1; 0
15858; 2; 1; 0; 1; 0; 1; 0; 1; 0
15863; 10; 0; 0; 0,9993264639196; 0,9993264639196; 1; 0; 1; 0
15875; 16; 2; 0; 0,94287043459308; 0,00751397991336918; 1; 0; 1; 0
15900; 4; 0; 0; 1; 1; 1; 0; 1; 0
15912; 2; 0; 0; 0,654142426092327; 0,654142426092327; 1; 0; 1; 0
