MAC; alternativas; MasProb; Elección; MaxProb; ElecProb; %linkOK; %linkNO; %DistOK; %DistNO
4; 18; 0; 0; 1; 1; 1; 0; 1; 0
21; 2; 0; 0; 1; 1; 1; 0; 1; 0
32; 20; 0; 0; 1; 1; 1; 0; 1; 0
37; 2; 0; 0; 1; 1; 1; 0; 1; 0
40; 24; 0; 0; 1; 1; 1; 0; 1; 0
47; 10; 0; 0; 1; 1; 1; 0; 1; 0
54; 2; 0; 0; 1; 1; 1; 0; 1; 0
64; 3; 0; 0; 1; 1; 1; 0; 1; 0
68; 21; 0; 0; 1; 1; 1; 0; 1; 0
70; 2; 1; 1; 1; 1; 0; 0; 0,500369451615935; 0,499630548384065
71; 10; 0; 0; 1; 1; 1; 0; 1; 0
74; 21; 0; 0; 1; 1; 1; 0; 1; 0
77; 2; 0; 1; 1; 0; 0; 0; 0,500369451615935; 0,499630548384065
106; 2; 0; 0; 1; 1; 1; 0; 1; 0
109; 20; 0; 0; 1; 1; 1; 0; 1; 0
113; 40; 0; 0; 1; 1; 1; 0; 1; 0
128; 20; 0; 0; 1; 1; 1; 0; 1; 0
158; 22; 2; 2; 1; 1; 0; 1; 0; 1
176; 130; 0; 0; 1; 1; 1; 0; 1; 0
191; 19; 0; 0; 1; 1; 1; 0; 1; 0
198; 3; 0; 0; 1; 1; 1; 0; 1; 0
231; 2; 0; 0; 1; 1; 1; 0; 1; 0
235; 18; 0; 0; 1; 1; 1; 0; 1; 0
244; 2; 0; 0; 1; 1; 1; 0; 1; 0
273; 21; 0; 0; 1; 1; 1; 0; 1; 0
277; 19; 0; 0; 1; 1; 1; 0; 1; 0
281; 10; 0; 0; 1; 1; 1; 0; 1; 0
302; 18; 0; 0; 1; 1; 1; 0; 1; 0
304; 10; 0; 0; 1; 1; 1; 0; 1; 0
321; 40; 0; 0; 1; 1; 1; 0; 1; 0
332; 2; 0; 0; 1; 1; 1; 0; 1; 0
340; 2; 1; 1; 1; 1; 0; 0; 0,334786093832472; 0,665213906167529
341; 21; 0; 0; 1; 1; 1; 0; 1; 0
352; 21; 0; 0; 1; 1; 1; 0; 1; 0
358; 18; 0; 0; 1; 1; 1; 0; 1; 0
362; 3; 0; 0; 1; 1; 1; 0; 1; 0
363; 150; 0; 0; 1; 1; 1; 0; 1; 0
365; 13; 0; 0; 1; 1; 1; 0; 1; 0
371; 2; 0; 0; 1; 1; 1; 0; 1; 0
377; 6; 0; 0; 1; 1; 1; 0; 1; 0
379; 3; 1; 0; 1; 0; 1; 0; 1; 0
380; 3; 0; 0; 1; 1; 1; 0; 1; 0
386; 38; 0; 0; 1; 1; 1; 0; 1; 0
402; 4; 0; 2; 1; 0; 0; 0; 0,555751978789724; 0,444248021210276
412; 2; 0; 0; 1; 1; 1; 0; 1; 0
416; 306; 0; 0; 1; 1; 1; 0; 1; 0
447; 10; 0; 0; 1; 1; 1; 0; 1; 0
454; 21; 0; 0; 1; 1; 1; 0; 1; 0
468; 10; 0; 0; 1; 1; 1; 0; 1; 0
473; 2; 1; 0; 1; 0; 1; 0; 1; 0
477; 200; 0; 0; 1; 1; 1; 0; 1; 0
495; 17; 0; 0; 1; 1; 1; 0; 1; 0
498; 3; 0; 0; 1; 1; 1; 0; 1; 0
503; 2; 0; 1; 1; 0; 0; 0; 0,167778740196937; 0,832221259803063
528; 10; 0; 0; 1; 1; 1; 0; 1; 0
537; 10; 0; 0; 1; 1; 1; 0; 1; 0
543; 2; 0; 0; 1; 1; 1; 0; 1; 0
546; 20; 0; 0; 1; 1; 1; 0; 1; 0
555; 10; 0; 0; 1; 1; 1; 0; 1; 0
556; 19; 0; 0; 1; 1; 1; 0; 1; 0
570; 18; 0; 0; 1; 1; 1; 0; 1; 0
591; 2; 1; 1; 1; 1; 0; 1; 0; 1
615; 4; 0; 0; 1; 1; 1; 0; 1; 0
616; 2; 0; 0; 1; 1; 1; 0; 1; 0
620; 340; 0; 0; 1; 1; 1; 0; 1; 0
621; 2; 0; 0; 1; 1; 1; 0; 1; 0
630; 40; 0; 0; 1; 1; 1; 0; 1; 0
647; 10; 0; 0; 1; 1; 1; 0; 1; 0
652; 26; 5; 3; 1; 0; 0; 0; 0,3340232507444; 0,6659767492556
671; 17; 0; 0; 1; 1; 1; 0; 1; 0
673; 13; 1; 0; 1; 0; 1; 0; 1; 0
679; 2; 1; 0; 1; 0; 1; 0; 1; 0
689; 2; 0; 0; 1; 1; 1; 0; 1; 0
692; 10; 0; 0; 1; 1; 1; 0; 1; 0
718; 10; 0; 0; 1; 1; 1; 0; 1; 0
730; 14; 0; 0; 1; 1; 1; 0; 1; 0
731; 2; 1; 0; 1; 0; 1; 0; 1; 0
734; 10; 0; 0; 1; 1; 1; 0; 1; 0
743; 3; 1; 1; 1; 1; 0; 0; 0,428193131701094; 0,571806868298906
766; 20; 0; 0; 1; 1; 1; 0; 1; 0
778; 19; 0; 0; 1; 1; 1; 0; 1; 0
780; 2; 0; 0; 1; 1; 1; 0; 1; 0
786; 10; 0; 0; 1; 1; 1; 0; 1; 0
787; 2; 0; 0; 1; 1; 1; 0; 1; 0
794; 14; 0; 0; 1; 1; 1; 0; 1; 0
795; 20; 0; 0; 1; 1; 1; 0; 1; 0
817; 2; 0; 0; 1; 1; 1; 0; 1; 0
821; 20; 0; 0; 1; 1; 1; 0; 1; 0
825; 18; 0; 0; 1; 1; 1; 0; 1; 0
827; 26; 0; 0; 1; 1; 1; 0; 1; 0
828; 21; 0; 0; 1; 1; 1; 0; 1; 0
829; 20; 0; 0; 1; 1; 1; 0; 1; 0
830; 36; 0; 0; 1; 1; 1; 0; 1; 0
848; 10; 0; 0; 1; 1; 1; 0; 1; 0
863; 2; 0; 0; 1; 1; 1; 0; 1; 0
874; 21; 0; 0; 1; 1; 1; 0; 1; 0
876; 2; 0; 0; 1; 1; 1; 0; 1; 0
881; 340; 0; 0; 1; 1; 1; 0; 1; 0
882; 10; 0; 0; 1; 1; 1; 0; 1; 0
886; 2; 0; 0; 1; 1; 1; 0; 1; 0
893; 2; 0; 0; 1; 1; 1; 0; 1; 0
894; 10; 0; 0; 1; 1; 1; 0; 1; 0
914; 10; 0; 0; 1; 1; 1; 0; 1; 0
923; 2; 1; 1; 1; 1; 0; 0; 0,444451119043062; 0,555548880956938
956; 4; 0; 0; 1; 1; 1; 0; 1; 0
960; 3; 0; 0; 1; 1; 1; 0; 1; 0
966; 10; 0; 0; 1; 1; 1; 0; 1; 0
975; 16; 0; 0; 1; 1; 1; 0; 1; 0
987; 14; 0; 0; 1; 1; 1; 0; 1; 0
991; 21; 0; 0; 1; 1; 1; 0; 1; 0
1001; 20; 0; 0; 1; 1; 1; 0; 1; 0
1007; 150; 0; 0; 1; 1; 1; 0; 1; 0
1015; 13; 0; 0; 1; 1; 1; 0; 1; 0
1018; 20; 0; 0; 1; 1; 1; 0; 1; 0
1037; 2; 0; 0; 1; 1; 1; 0; 1; 0
1051; 10; 0; 0; 1; 1; 1; 0; 1; 0
1060; 3; 0; 0; 1; 1; 1; 0; 1; 0
1088; 2; 0; 0; 1; 1; 1; 0; 1; 0
1090; 10; 2; 1; 1; 0; 0; 0; 0,285877867126466; 0,714122132873534
1091; 2; 0; 0; 1; 1; 1; 0; 1; 0
1092; 10; 0; 0; 1; 1; 1; 0; 1; 0
1093; 2; 0; 0; 1; 1; 1; 0; 1; 0
1098; 40; 0; 0; 1; 1; 1; 0; 1; 0
1102; 2; 1; 0; 0,5; 0,5; 1; 0; 1; 0
1110; 18; 0; 0; 1; 1; 1; 0; 1; 0
1111; 10; 0; 0; 1; 1; 1; 0; 1; 0
1126; 18; 0; 0; 1; 1; 1; 0; 1; 0
1127; 3; 2; 1; 1; 0; 0; 0; 0,500358806350003; 0,499641193649997
1138; 2; 0; 1; 1; 0; 0; 1; 0; 1
1144; 10; 1; 2; 1; 0; 0; 0; 0,142183494865268; 0,857816505134732
1155; 2; 1; 1; 1; 1; 0; 0; 0,375515686643582; 0,624484313356419
1158; 10; 0; 0; 1; 1; 1; 0; 1; 0
1185; 2; 0; 0; 1; 1; 1; 0; 1; 0
1224; 21; 0; 0; 1; 1; 1; 0; 1; 0
1228; 30; 0; 0; 1; 1; 1; 0; 1; 0
1236; 20; 0; 0; 1; 1; 1; 0; 1; 0
1250; 10; 0; 0; 1; 1; 1; 0; 1; 0
1256; 3; 1; 1; 1; 1; 0; 0; 0,500290371048507; 0,499709628951493
1267; 10; 0; 0; 1; 1; 1; 0; 1; 0
1271; 2; 0; 0; 1; 1; 1; 0; 1; 0
1273; 21; 0; 0; 1; 1; 1; 0; 1; 0
1315; 100; 0; 0; 1; 1; 1; 0; 1; 0
1316; 14; 0; 0; 1; 1; 1; 0; 1; 0
1329; 2; 1; 0; 1; 0; 1; 0; 1; 0
1331; 20; 0; 0; 1; 1; 1; 0; 1; 0
1342; 3; 1; 1; 1; 1; 0; 0; 0,499871699868275; 0,500128300131725
1347; 14; 0; 0; 1; 1; 1; 0; 1; 0
1354; 18; 0; 0; 1; 1; 1; 0; 1; 0
1355; 2; 0; 0; 1; 1; 1; 0; 1; 0
1364; 2; 1; 1; 1; 1; 0; 0; 0,200879422189546; 0,799120577810454
1368; 2; 0; 0; 1; 1; 1; 0; 1; 0
1370; 20; 0; 0; 1; 1; 1; 0; 1; 0
1376; 10; 0; 0; 1; 1; 1; 0; 1; 0
1380; 20; 0; 0; 1; 1; 1; 0; 1; 0
1382; 2; 1; 1; 1; 1; 0; 0; 0,332651268006151; 0,667348731993848
1384; 4; 0; 0; 1; 1; 1; 0; 1; 0
1392; 10; 0; 0; 1; 1; 1; 0; 1; 0
1401; 3; 0; 0; 1; 1; 1; 0; 1; 0
1414; 20; 0; 0; 1; 1; 1; 0; 1; 0
1431; 20; 0; 0; 1; 1; 1; 0; 1; 0
1432; 20; 0; 0; 1; 1; 1; 0; 1; 0
1438; 17; 0; 0; 1; 1; 1; 0; 1; 0
1471; 3; 2; 0; 1; 0; 1; 0; 1; 0
1474; 21; 0; 0; 1; 1; 1; 0; 1; 0
1477; 10; 0; 0; 1; 1; 1; 0; 1; 0
1478; 20; 0; 0; 1; 1; 1; 0; 1; 0
1480; 19; 0; 0; 1; 1; 1; 0; 1; 0
1489; 20; 0; 0; 1; 1; 1; 0; 1; 0
1495; 2; 0; 0; 1; 1; 1; 0; 1; 0
1499; 2; 0; 0; 1; 1; 1; 0; 1; 0
1504; 20; 2; 4; 1; 0; 0; 0; 0,334762845685201; 0,665237154314799
1527; 22; 0; 0; 1; 1; 1; 0; 1; 0
1552; 2; 0; 0; 1; 1; 1; 0; 1; 0
1553; 17; 0; 0; 1; 1; 1; 0; 1; 0
1567; 2; 0; 0; 1; 1; 1; 0; 1; 0
1573; 3; 2; 1; 1; 0; 0; 0; 0,427455470223897; 0,572544529776103
1576; 20; 1; 0; 1; 0; 1; 0; 1; 0
1581; 20; 0; 0; 1; 1; 1; 0; 1; 0
1587; 10; 0; 0; 1; 1; 1; 0; 1; 0
1588; 100; 0; 0; 1; 1; 1; 0; 1; 0
1597; 20; 0; 0; 1; 1; 1; 0; 1; 0
1607; 140; 0; 0; 1; 1; 1; 0; 1; 0
1610; 2; 0; 0; 1; 1; 1; 0; 1; 0
1624; 18; 0; 0; 1; 1; 1; 0; 1; 0
1633; 10; 1; 2; 1; 0; 0; 1; 0; 1
1634; 2; 0; 0; 1; 1; 1; 0; 1; 0
1649; 20; 0; 0; 1; 1; 1; 0; 1; 0
1650; 2; 1; 0; 1; 0; 1; 0; 1; 0
1657; 2; 0; 0; 1; 1; 1; 0; 1; 0
1675; 14; 0; 0; 1; 1; 1; 0; 1; 0
1676; 2; 0; 0; 1; 1; 1; 0; 1; 0
1677; 3; 0; 0; 1; 1; 1; 0; 1; 0
1684; 3; 0; 0; 1; 1; 1; 0; 1; 0
1687; 2; 0; 0; 1; 1; 1; 0; 1; 0
1690; 10; 0; 0; 1; 1; 1; 0; 1; 0
1691; 20; 0; 0; 1; 1; 1; 0; 1; 0
1698; 2; 0; 0; 1; 1; 1; 0; 1; 0
1703; 306; 0; 0; 1; 1; 1; 0; 1; 0
1718; 22; 0; 0; 1; 1; 1; 0; 1; 0
1726; 21; 0; 0; 1; 1; 1; 0; 1; 0
1729; 100; 0; 0; 1; 1; 1; 0; 1; 0
1753; 306; 0; 0; 1; 1; 1; 0; 1; 0
1759; 10; 0; 0; 1; 1; 1; 0; 1; 0
1779; 14; 0; 0; 1; 1; 1; 0; 1; 0
1785; 10; 0; 0; 1; 1; 1; 0; 1; 0
1800; 20; 10; 0; 1; 0; 1; 0; 1; 0
1803; 22; 2; 2; 1; 1; 0; 1; 0; 1
1808; 340; 0; 0; 1; 1; 1; 0; 1; 0
1811; 340; 0; 0; 1; 1; 1; 0; 1; 0
1813; 20; 0; 0; 1; 1; 1; 0; 1; 0
1826; 2; 0; 0; 1; 1; 1; 0; 1; 0
1833; 10; 0; 0; 1; 1; 1; 0; 1; 0
1842; 20; 0; 0; 1; 1; 1; 0; 1; 0
1845; 21; 0; 0; 1; 1; 1; 0; 1; 0
1856; 10; 0; 0; 1; 1; 1; 0; 1; 0
1875; 4; 0; 0; 1; 1; 1; 0; 1; 0
1883; 10; 0; 0; 1; 1; 1; 0; 1; 0
1906; 2; 1; 1; 0,5; 0,5; 0; 0; 0,429220719890844; 0,570779280109156
1940; 13; 0; 0; 1; 1; 1; 0; 1; 0
1945; 10; 0; 0; 1; 1; 1; 0; 1; 0
1948; 4; 0; 0; 1; 1; 1; 0; 1; 0
1951; 6; 0; 4; 1; 0; 0; 0; 0,332411615007083; 0,667588384992917
1954; 13; 0; 0; 1; 1; 1; 0; 1; 0
1955; 10; 0; 0; 1; 1; 1; 0; 1; 0
1956; 10; 0; 0; 1; 1; 1; 0; 1; 0
1958; 19; 0; 0; 1; 1; 1; 0; 1; 0
1965; 3; 0; 0; 1; 1; 1; 0; 1; 0
1970; 3; 0; 0; 1; 1; 1; 0; 1; 0
1974; 2; 0; 0; 1; 1; 1; 0; 1; 0
1980; 10; 0; 0; 1; 1; 1; 0; 1; 0
1981; 20; 0; 0; 1; 1; 1; 0; 1; 0
1984; 2; 0; 0; 1; 1; 1; 0; 1; 0
1996; 100; 0; 0; 1; 1; 1; 0; 1; 0
1997; 3; 0; 0; 1; 1; 1; 0; 1; 0
2008; 10; 0; 0; 1; 1; 1; 0; 1; 0
2019; 190; 0; 0; 1; 1; 1; 0; 1; 0
2021; 2; 0; 0; 1; 1; 1; 0; 1; 0
2023; 20; 0; 0; 1; 1; 1; 0; 1; 0
2030; 2; 0; 0; 1; 1; 1; 0; 1; 0
2031; 10; 0; 0; 1; 1; 1; 0; 1; 0
2032; 2; 1; 0; 1; 0; 1; 0; 1; 0
2033; 17; 0; 0; 1; 1; 1; 0; 1; 0
2041; 12; 0; 0; 1; 1; 1; 0; 1; 0
2059; 10; 0; 0; 1; 1; 1; 0; 1; 0
2075; 2; 0; 0; 1; 1; 1; 0; 1; 0
2076; 3; 2; 0; 0,333333333333333; 0,333333333333333; 1; 0; 1; 0
2085; 10; 0; 0; 1; 1; 1; 0; 1; 0
2100; 3; 0; 0; 1; 1; 1; 0; 1; 0
2102; 20; 0; 0; 1; 1; 1; 0; 1; 0
2107; 2; 1; 1; 1; 1; 0; 0; 0,28436267146487; 0,71563732853513
2118; 2; 1; 1; 1; 1; 0; 0; 0,165726283978818; 0,834273716021182
2136; 13; 0; 0; 1; 1; 1; 0; 1; 0
2144; 10; 0; 0; 1; 1; 1; 0; 1; 0
2145; 4; 0; 0; 1; 1; 1; 0; 1; 0
2155; 2; 1; 1; 1; 1; 0; 0; 0,199321718519391; 0,800678281480609
2163; 3; 0; 0; 1; 1; 1; 0; 1; 0
2175; 2; 0; 0; 1; 1; 1; 0; 1; 0
2177; 2; 0; 0; 1; 1; 1; 0; 1; 0
2187; 17; 0; 0; 1; 1; 1; 0; 1; 0
2190; 2; 1; 1; 1; 1; 0; 0; 0,165408192434161; 0,834591807565839
2199; 2; 0; 0; 1; 1; 1; 0; 1; 0
2224; 20; 0; 0; 1; 1; 1; 0; 1; 0
2227; 20; 0; 0; 1; 1; 1; 0; 1; 0
2233; 100; 0; 0; 1; 1; 1; 0; 1; 0
2246; 10; 0; 0; 1; 1; 1; 0; 1; 0
2257; 20; 0; 0; 1; 1; 1; 0; 1; 0
2278; 20; 0; 0; 1; 1; 1; 0; 1; 0
2283; 20; 0; 0; 1; 1; 1; 0; 1; 0
2291; 3; 1; 1; 1; 1; 0; 0; 0,500290371048507; 0,499709628951493
2294; 18; 0; 0; 1; 1; 1; 0; 1; 0
2300; 10; 1; 1; 1; 1; 0; 1; 0; 1
2310; 2; 1; 1; 1; 1; 0; 0; 0,284346236596944; 0,715653763403056
2316; 24; 0; 0; 1; 1; 1; 0; 1; 0
2327; 10; 0; 0; 1; 1; 1; 0; 1; 0
2329; 10; 0; 0; 1; 1; 1; 0; 1; 0
2337; 21; 0; 0; 1; 1; 1; 0; 1; 0
2354; 20; 0; 0; 1; 1; 1; 0; 1; 0
2378; 10; 0; 0; 1; 1; 1; 0; 1; 0
2386; 10; 0; 0; 1; 1; 1; 0; 1; 0
2389; 2; 0; 0; 1; 1; 1; 0; 1; 0
2390; 25; 0; 0; 1; 1; 1; 0; 1; 0
2398; 20; 0; 0; 1; 1; 1; 0; 1; 0
2407; 2; 1; 1; 1; 1; 0; 0; 0,429144910859318; 0,570855089140682
2414; 2; 0; 0; 1; 1; 1; 0; 1; 0
2417; 10; 0; 0; 1; 1; 1; 0; 1; 0
2419; 10; 0; 0; 1; 1; 1; 0; 1; 0
2421; 18; 0; 0; 1; 1; 1; 0; 1; 0
2423; 3; 0; 0; 1; 1; 1; 0; 1; 0
2442; 10; 0; 0; 1; 1; 1; 0; 1; 0
2453; 30; 0; 0; 1; 1; 1; 0; 1; 0
2456; 10; 0; 0; 1; 1; 1; 0; 1; 0
2458; 2; 0; 0; 1; 1; 1; 0; 1; 0
2476; 2; 0; 0; 1; 1; 1; 0; 1; 0
2478; 2; 1; 1; 1; 1; 0; 0; 0,201039223774681; 0,798960776225319
2496; 2; 1; 1; 1; 1; 0; 0; 0,200841092605046; 0,799158907394954
2498; 2; 0; 0; 1; 1; 1; 0; 1; 0
2507; 10; 0; 0; 1; 1; 1; 0; 1; 0
2514; 40; 0; 0; 1; 1; 1; 0; 1; 0
2518; 2; 1; 0; 0,5; 0,5; 1; 0; 1; 0
2519; 10; 0; 0; 1; 1; 1; 0; 1; 0
2531; 20; 0; 0; 1; 1; 1; 0; 1; 0
2532; 25; 0; 0; 1; 1; 1; 0; 1; 0
2536; 10; 0; 0; 1; 1; 1; 0; 1; 0
2542; 10; 0; 0; 1; 1; 1; 0; 1; 0
2553; 10; 0; 0; 1; 1; 1; 0; 1; 0
2571; 21; 0; 0; 1; 1; 1; 0; 1; 0
2577; 21; 0; 0; 1; 1; 1; 0; 1; 0
2597; 19; 0; 0; 1; 1; 1; 0; 1; 0
2613; 10; 0; 0; 1; 1; 1; 0; 1; 0
2626; 10; 0; 0; 1; 1; 1; 0; 1; 0
2627; 10; 0; 0; 1; 1; 1; 0; 1; 0
2657; 20; 0; 0; 1; 1; 1; 0; 1; 0
2663; 100; 0; 0; 1; 1; 1; 0; 1; 0
2672; 160; 0; 0; 1; 1; 1; 0; 1; 0
2679; 2; 1; 1; 1; 1; 0; 0; 0,2016024431017; 0,798397556898301
2695; 14; 0; 0; 1; 1; 1; 0; 1; 0
2701; 2; 0; 0; 1; 1; 1; 0; 1; 0
2702; 2; 0; 0; 1; 1; 1; 0; 1; 0
2708; 17; 0; 0; 1; 1; 1; 0; 1; 0
2723; 20; 0; 0; 1; 1; 1; 0; 1; 0
2735; 20; 0; 0; 1; 1; 1; 0; 1; 0
2737; 2; 0; 0; 1; 1; 1; 0; 1; 0
2738; 10; 0; 0; 1; 1; 1; 0; 1; 0
2760; 20; 0; 0; 1; 1; 1; 0; 1; 0
2762; 10; 0; 0; 1; 1; 1; 0; 1; 0
2766; 26; 1; 0; 1; 0; 1; 0; 1; 0
2772; 3; 2; 1; 1; 0; 0; 0; 0,333102975516419; 0,666897024483581
2779; 20; 0; 0; 1; 1; 1; 0; 1; 0
2801; 19; 1; 0; 1; 0; 1; 0; 1; 0
2810; 4; 1; 0; 0,5; 0,5; 1; 0; 1; 0
2814; 10; 0; 0; 1; 1; 1; 0; 1; 0
2825; 16; 0; 0; 1; 1; 1; 0; 1; 0
2832; 140; 0; 0; 1; 1; 1; 0; 1; 0
2838; 18; 0; 0; 1; 1; 1; 0; 1; 0
2856; 10; 0; 0; 1; 1; 1; 0; 1; 0
2858; 3; 1; 0; 1; 0; 1; 0; 1; 0
2861; 38; 1; 0; 1; 0; 1; 0; 1; 0
2872; 3; 2; 2; 1; 1; 0; 0; 0,500296553284424; 0,499703446715576
2874; 20; 0; 0; 1; 1; 1; 0; 1; 0
2878; 40; 0; 0; 1; 1; 1; 0; 1; 0
2889; 19; 0; 0; 1; 1; 1; 0; 1; 0
2895; 20; 0; 0; 1; 1; 1; 0; 1; 0
2898; 21; 0; 0; 1; 1; 1; 0; 1; 0
2900; 19; 0; 0; 1; 1; 1; 0; 1; 0
2903; 10; 0; 0; 1; 1; 1; 0; 1; 0
2907; 2; 0; 0; 1; 1; 1; 0; 1; 0
2911; 2; 0; 0; 1; 1; 1; 0; 1; 0
2921; 10; 0; 0; 1; 1; 1; 0; 1; 0
2922; 20; 0; 0; 1; 1; 1; 0; 1; 0
2931; 2; 0; 0; 1; 1; 1; 0; 1; 0
2936; 2; 0; 0; 1; 1; 1; 0; 1; 0
2940; 12; 0; 0; 1; 1; 1; 0; 1; 0
2952; 140; 0; 0; 1; 1; 1; 0; 1; 0
2954; 2; 0; 0; 1; 1; 1; 0; 1; 0
2957; 14; 0; 0; 1; 1; 1; 0; 1; 0
2961; 2; 0; 0; 1; 1; 1; 0; 1; 0
2973; 3; 0; 0; 1; 1; 1; 0; 1; 0
2992; 3; 1; 1; 1; 1; 0; 0; 0,500358806350003; 0,499641193649997
3011; 10; 0; 0; 1; 1; 1; 0; 1; 0
3016; 10; 0; 0; 1; 1; 1; 0; 1; 0
3018; 2; 1; 0; 1; 0; 1; 0; 1; 0
3028; 2; 0; 0; 1; 1; 1; 0; 1; 0
3053; 20; 0; 0; 1; 1; 1; 0; 1; 0
3060; 2; 0; 0; 1; 1; 1; 0; 1; 0
3063; 100; 0; 0; 1; 1; 1; 0; 1; 0
3068; 10; 0; 0; 1; 1; 1; 0; 1; 0
3069; 10; 0; 0; 1; 1; 1; 0; 1; 0
3081; 16; 2; 0; 1; 0; 1; 0; 1; 0
3082; 21; 0; 0; 1; 1; 1; 0; 1; 0
3089; 19; 0; 0; 1; 1; 1; 0; 1; 0
3100; 4; 0; 0; 1; 1; 1; 0; 1; 0
3121; 3; 2; 2; 1; 1; 0; 0; 0,376242565763766; 0,623757434236234
3129; 2; 1; 1; 1; 1; 0; 0; 0,334527279994034; 0,665472720005966
3130; 10; 0; 0; 1; 1; 1; 0; 1; 0
3139; 19; 0; 0; 1; 1; 1; 0; 1; 0
3152; 21; 0; 0; 1; 1; 1; 0; 1; 0
3160; 20; 0; 0; 1; 1; 1; 0; 1; 0
3169; 26; 0; 0; 1; 1; 1; 0; 1; 0
3179; 20; 0; 0; 1; 1; 1; 0; 1; 0
3185; 24; 0; 0; 1; 1; 1; 0; 1; 0
3196; 100; 0; 0; 1; 1; 1; 0; 1; 0
3205; 10; 0; 0; 1; 1; 1; 0; 1; 0
3206; 2; 0; 0; 1; 1; 1; 0; 1; 0
3212; 10; 0; 0; 1; 1; 1; 0; 1; 0
3220; 24; 0; 0; 1; 1; 1; 0; 1; 0
3225; 10; 0; 0; 1; 1; 1; 0; 1; 0
3226; 2; 1; 1; 1; 1; 0; 0; 0,499975874235971; 0,500024125764029
3229; 14; 0; 0; 1; 1; 1; 0; 1; 0
3246; 2; 0; 0; 1; 1; 1; 0; 1; 0
3268; 21; 0; 0; 1; 1; 1; 0; 1; 0
3275; 14; 0; 0; 1; 1; 1; 0; 1; 0
3284; 3; 0; 0; 1; 1; 1; 0; 1; 0
3292; 2; 0; 0; 1; 1; 1; 0; 1; 0
3304; 20; 0; 0; 1; 1; 1; 0; 1; 0
3316; 3; 0; 0; 1; 1; 1; 0; 1; 0
3321; 2; 0; 1; 1; 0; 0; 0; 0,334527279994034; 0,665472720005966
3327; 10; 0; 0; 1; 1; 1; 0; 1; 0
3329; 2; 0; 0; 1; 1; 1; 0; 1; 0
3332; 10; 0; 0; 1; 1; 1; 0; 1; 0
3336; 3; 0; 0; 1; 1; 1; 0; 1; 0
3345; 22; 0; 0; 1; 1; 1; 0; 1; 0
3347; 10; 0; 0; 1; 1; 1; 0; 1; 0
3359; 10; 0; 0; 1; 1; 1; 0; 1; 0
3364; 3; 0; 0; 1; 1; 1; 0; 1; 0
3366; 3; 0; 0; 1; 1; 1; 0; 1; 0
3370; 3; 0; 0; 1; 1; 1; 0; 1; 0
3377; 2; 0; 0; 1; 1; 1; 0; 1; 0
3384; 2; 0; 0; 1; 1; 1; 0; 1; 0
3395; 340; 0; 0; 1; 1; 1; 0; 1; 0
3402; 20; 0; 0; 1; 1; 1; 0; 1; 0
3409; 10; 2; 2; 1; 1; 0; 0; 0,555205521368188; 0,444794478631812
3420; 2; 1; 0; 1; 0; 1; 0; 1; 0
3435; 10; 0; 0; 1; 1; 1; 0; 1; 0
3440; 18; 0; 0; 1; 1; 1; 0; 1; 0
3469; 2; 1; 1; 1; 1; 0; 0; 0,2016024431017; 0,798397556898301
3472; 20; 0; 0; 1; 1; 1; 0; 1; 0
3475; 2; 0; 0; 1; 1; 1; 0; 1; 0
3477; 13; 0; 0; 1; 1; 1; 0; 1; 0
3484; 2; 0; 0; 1; 1; 1; 0; 1; 0
3539; 42; 0; 0; 1; 1; 1; 0; 1; 0
3558; 24; 0; 0; 1; 1; 1; 0; 1; 0
3570; 10; 0; 0; 1; 1; 1; 0; 1; 0
3578; 2; 0; 0; 1; 1; 1; 0; 1; 0
3586; 20; 0; 0; 1; 1; 1; 0; 1; 0
3594; 21; 0; 0; 1; 1; 1; 0; 1; 0
3600; 21; 0; 0; 1; 1; 1; 0; 1; 0
3604; 190; 0; 0; 1; 1; 1; 0; 1; 0
3611; 30; 0; 15; 1; 0; 0; 0; 0,42962995594171; 0,57037004405829
3629; 3; 0; 0; 1; 1; 1; 0; 1; 0
3640; 2; 0; 0; 1; 1; 1; 0; 1; 0
3645; 20; 0; 0; 1; 1; 1; 0; 1; 0
3648; 17; 0; 0; 1; 1; 1; 0; 1; 0
3657; 10; 0; 0; 1; 1; 1; 0; 1; 0
3658; 20; 0; 0; 1; 1; 1; 0; 1; 0
3676; 40; 0; 0; 1; 1; 1; 0; 1; 0
3684; 2; 1; 1; 1; 1; 0; 0; 0,429220719890844; 0,570779280109156
3695; 20; 0; 0; 1; 1; 1; 0; 1; 0
3697; 12; 0; 0; 1; 1; 1; 0; 1; 0
3706; 2; 0; 0; 1; 1; 1; 0; 1; 0
3720; 2; 0; 0; 1; 1; 1; 0; 1; 0
3762; 10; 1; 2; 1; 0; 0; 0; 0,142183494865268; 0,857816505134732
3767; 2; 1; 1; 1; 1; 0; 0; 0,200879422189546; 0,799120577810454
3769; 10; 0; 0; 1; 1; 1; 0; 1; 0
3771; 10; 0; 0; 1; 1; 1; 0; 1; 0
3783; 20; 0; 0; 1; 1; 1; 0; 1; 0
3790; 10; 0; 0; 1; 1; 1; 0; 1; 0
3795; 20; 0; 0; 1; 1; 1; 0; 1; 0
3798; 18; 0; 0; 1; 1; 1; 0; 1; 0
3799; 2; 0; 0; 1; 1; 1; 0; 1; 0
3805; 3; 0; 0; 1; 1; 1; 0; 1; 0
3806; 3; 0; 0; 1; 1; 1; 0; 1; 0
3809; 2; 0; 0; 1; 1; 1; 0; 1; 0
3815; 17; 0; 0; 1; 1; 1; 0; 1; 0
3817; 4; 0; 1; 1; 0; 0; 0; 0,500296553284424; 0,499703446715576
3822; 2; 0; 0; 1; 1; 1; 0; 1; 0
3824; 2; 1; 1; 1; 1; 0; 0; 0,374756081309079; 0,625243918690921
3837; 19; 0; 0; 1; 1; 1; 0; 1; 0
3840; 10; 0; 0; 1; 1; 1; 0; 1; 0
3846; 10; 0; 0; 1; 1; 1; 0; 1; 0
3869; 10; 0; 0; 1; 1; 1; 0; 1; 0
3888; 10; 0; 0; 1; 1; 1; 0; 1; 0
3895; 10; 0; 0; 1; 1; 1; 0; 1; 0
3899; 2; 0; 0; 1; 1; 1; 0; 1; 0
3907; 250; 0; 0; 1; 1; 1; 0; 1; 0
3921; 18; 0; 0; 1; 1; 1; 0; 1; 0
3931; 2; 0; 0; 1; 1; 1; 0; 1; 0
3942; 10; 0; 0; 1; 1; 1; 0; 1; 0
3958; 20; 0; 0; 1; 1; 1; 0; 1; 0
3962; 22; 2; 2; 1; 1; 0; 0; 0,14219740768678; 0,85780259231322
3964; 2; 0; 0; 1; 1; 1; 0; 1; 0
3970; 100; 0; 0; 1; 1; 1; 0; 1; 0
3972; 18; 0; 0; 1; 1; 1; 0; 1; 0
3984; 2; 0; 0; 1; 1; 1; 0; 1; 0
3997; 14; 0; 0; 1; 1; 1; 0; 1; 0
4017; 10; 0; 0; 1; 1; 1; 0; 1; 0
4029; 2; 0; 0; 1; 1; 1; 0; 1; 0
4030; 400; 0; 0; 1; 1; 1; 0; 1; 0
4032; 10; 0; 0; 1; 1; 1; 0; 1; 0
4044; 14; 0; 0; 1; 1; 1; 0; 1; 0
4047; 3; 0; 0; 1; 1; 1; 0; 1; 0
4049; 22; 0; 0; 1; 1; 1; 0; 1; 0
4053; 2; 0; 0; 1; 1; 1; 0; 1; 0
4055; 10; 0; 0; 1; 1; 1; 0; 1; 0
4064; 10; 0; 0; 1; 1; 1; 0; 1; 0
4068; 24; 0; 0; 1; 1; 1; 0; 1; 0
4069; 10; 0; 0; 1; 1; 1; 0; 1; 0
4083; 10; 0; 0; 1; 1; 1; 0; 1; 0
4085; 20; 0; 0; 1; 1; 1; 0; 1; 0
4095; 10; 0; 0; 1; 1; 1; 0; 1; 0
4103; 19; 0; 0; 1; 1; 1; 0; 1; 0
4108; 17; 0; 0; 1; 1; 1; 0; 1; 0
4112; 10; 0; 0; 1; 1; 1; 0; 1; 0
4124; 20; 0; 0; 1; 1; 1; 0; 1; 0
4128; 14; 0; 0; 1; 1; 1; 0; 1; 0
4136; 36; 0; 0; 1; 1; 1; 0; 1; 0
4138; 20; 0; 0; 1; 1; 1; 0; 1; 0
4144; 16; 2; 0; 1; 0; 1; 0; 1; 0
4146; 4; 0; 0; 1; 1; 1; 0; 1; 0
4147; 20; 0; 0; 1; 1; 1; 0; 1; 0
4153; 4; 0; 0; 1; 1; 1; 0; 1; 0
4166; 3; 0; 0; 1; 1; 1; 0; 1; 0
4193; 3; 1; 0; 1; 0; 1; 0; 1; 0
4194; 10; 0; 0; 1; 1; 1; 0; 1; 0
4195; 19; 0; 0; 1; 1; 1; 0; 1; 0
4207; 2; 0; 0; 1; 1; 1; 0; 1; 0
4223; 17; 0; 0; 1; 1; 1; 0; 1; 0
4225; 100; 0; 0; 1; 1; 1; 0; 1; 0
4242; 54; 0; 0; 1; 1; 1; 0; 1; 0
4245; 26; 2; 2; 1; 1; 0; 0; 0,334026685883874; 0,665973314116126
4278; 2; 0; 0; 1; 1; 1; 0; 1; 0
4293; 20; 0; 0; 1; 1; 1; 0; 1; 0
4294; 190; 0; 0; 1; 1; 1; 0; 1; 0
4296; 20; 0; 0; 1; 1; 1; 0; 1; 0
4301; 21; 0; 0; 1; 1; 1; 0; 1; 0
4302; 18; 0; 0; 1; 1; 1; 0; 1; 0
4311; 10; 0; 0; 1; 1; 1; 0; 1; 0
4317; 150; 0; 0; 1; 1; 1; 0; 1; 0
4335; 20; 0; 0; 1; 1; 1; 0; 1; 0
4341; 2; 0; 0; 1; 1; 1; 0; 1; 0
4351; 2; 1; 1; 1; 1; 0; 0; 0,165731912043041; 0,834268087956959
4354; 10; 0; 0; 1; 1; 1; 0; 1; 0
4355; 306; 0; 0; 1; 1; 1; 0; 1; 0
4372; 2; 0; 0; 1; 1; 1; 0; 1; 0
4374; 12; 0; 0; 1; 1; 1; 0; 1; 0
4375; 100; 0; 0; 1; 1; 1; 0; 1; 0
4384; 10; 0; 0; 1; 1; 1; 0; 1; 0
4391; 3; 0; 0; 1; 1; 1; 0; 1; 0
4392; 2; 1; 1; 1; 1; 0; 0; 0,375732470158157; 0,624267529841843
4427; 22; 0; 0; 1; 1; 1; 0; 1; 0
4431; 2; 1; 1; 0,5; 0,5; 0; 0; 0,375451741104802; 0,624548258895198
4436; 2; 1; 0; 1; 0; 1; 0; 1; 0
4455; 2; 1; 1; 1; 1; 0; 0; 0,333563697350795; 0,666436302649205
4465; 21; 0; 0; 1; 1; 1; 0; 1; 0
4466; 20; 0; 0; 1; 1; 1; 0; 1; 0
4479; 3; 2; 1; 1; 0; 0; 0; 0,332408649329237; 0,667591350670763
4482; 2; 0; 0; 1; 1; 1; 0; 1; 0
4486; 10; 0; 0; 1; 1; 1; 0; 1; 0
4497; 190; 0; 0; 1; 1; 1; 0; 1; 0
4512; 2; 0; 0; 1; 1; 1; 0; 1; 0
4517; 3; 0; 0; 1; 1; 1; 0; 1; 0
4523; 40; 0; 0; 1; 1; 1; 0; 1; 0
4534; 190; 0; 0; 1; 1; 1; 0; 1; 0
4551; 2; 1; 1; 0,5; 0,5; 0; 1; 0; 1
4555; 19; 0; 0; 1; 1; 1; 0; 1; 0
4565; 20; 0; 0; 1; 1; 1; 0; 1; 0
4577; 100; 0; 0; 1; 1; 1; 0; 1; 0
4589; 36; 0; 0; 1; 1; 1; 0; 1; 0
4590; 289; 0; 0; 1; 1; 1; 0; 1; 0
4595; 14; 0; 0; 1; 1; 1; 0; 1; 0
4606; 2; 0; 0; 1; 1; 1; 0; 1; 0
4608; 2; 0; 0; 1; 1; 1; 0; 1; 0
4613; 3; 0; 0; 1; 1; 1; 0; 1; 0
4614; 4; 0; 0; 1; 1; 1; 0; 1; 0
4621; 20; 0; 0; 1; 1; 1; 0; 1; 0
4622; 140; 0; 0; 1; 1; 1; 0; 1; 0
4627; 210; 0; 0; 1; 1; 1; 0; 1; 0
4628; 14; 0; 0; 1; 1; 1; 0; 1; 0
4634; 2; 0; 0; 1; 1; 1; 0; 1; 0
4645; 38; 0; 0; 1; 1; 1; 0; 1; 0
4656; 2; 0; 0; 1; 1; 1; 0; 1; 0
4665; 10; 0; 0; 1; 1; 1; 0; 1; 0
4670; 2; 0; 0; 1; 1; 1; 0; 1; 0
4680; 10; 0; 0; 1; 1; 1; 0; 1; 0
4681; 10; 0; 0; 1; 1; 1; 0; 1; 0
4704; 20; 0; 0; 1; 1; 1; 0; 1; 0
4723; 2; 1; 0; 1; 0; 1; 0; 1; 0
4724; 2; 1; 0; 1; 0; 1; 0; 1; 0
4734; 10; 0; 0; 1; 1; 1; 0; 1; 0
4749; 21; 0; 0; 1; 1; 1; 0; 1; 0
4755; 13; 0; 0; 1; 1; 1; 0; 1; 0
4758; 170; 0; 0; 1; 1; 1; 0; 1; 0
4761; 2; 0; 0; 1; 1; 1; 0; 1; 0
4765; 10; 0; 0; 1; 1; 1; 0; 1; 0
4766; 3; 0; 0; 1; 1; 1; 0; 1; 0
4771; 3; 0; 0; 1; 1; 1; 0; 1; 0
4776; 2; 0; 0; 1; 1; 1; 0; 1; 0
4784; 20; 0; 0; 1; 1; 1; 0; 1; 0
4811; 3; 0; 0; 1; 1; 1; 0; 1; 0
4816; 42; 0; 0; 1; 1; 1; 0; 1; 0
4824; 10; 0; 0; 1; 1; 1; 0; 1; 0
4881; 20; 0; 0; 1; 1; 1; 0; 1; 0
4911; 2; 0; 0; 1; 1; 1; 0; 1; 0
4914; 10; 0; 0; 1; 1; 1; 0; 1; 0
4921; 10; 0; 0; 1; 1; 1; 0; 1; 0
4924; 2; 0; 0; 1; 1; 1; 0; 1; 0
4927; 10; 0; 0; 1; 1; 1; 0; 1; 0
4929; 2; 0; 0; 1; 1; 1; 0; 1; 0
4936; 18; 13; 0; 0,0555555555555555; 0,0555555555555555; 1; 0; 1; 0
4943; 10; 0; 0; 1; 1; 1; 0; 1; 0
4948; 2; 0; 0; 1; 1; 1; 0; 1; 0
4965; 18; 0; 0; 1; 1; 1; 0; 1; 0
4968; 12; 0; 0; 1; 1; 1; 0; 1; 0
4970; 14; 0; 0; 1; 1; 1; 0; 1; 0
4973; 3; 0; 0; 1; 1; 1; 0; 1; 0
4987; 10; 0; 0; 1; 1; 1; 0; 1; 0
4990; 2; 0; 0; 1; 1; 1; 0; 1; 0
5002; 2; 0; 0; 1; 1; 1; 0; 1; 0
5021; 10; 0; 0; 1; 1; 1; 0; 1; 0
5059; 2; 1; 0; 1; 0; 1; 0; 1; 0
5073; 19; 0; 0; 1; 1; 1; 0; 1; 0
5087; 20; 10; 10; 1; 1; 0; 0; 0,443021960730966; 0,556978039269034
5094; 2; 0; 1; 1; 0; 0; 0; 0,200879422189546; 0,799120577810454
5120; 10; 0; 0; 1; 1; 1; 0; 1; 0
5126; 10; 0; 0; 1; 1; 1; 0; 1; 0
5140; 3; 1; 1; 1; 1; 0; 0; 0,332408649329237; 0,667591350670763
5153; 19; 0; 0; 1; 1; 1; 0; 1; 0
5157; 10; 0; 0; 1; 1; 1; 0; 1; 0
5174; 3; 0; 0; 1; 1; 1; 0; 1; 0
5176; 2; 0; 0; 1; 1; 1; 0; 1; 0
5201; 19; 0; 0; 1; 1; 1; 0; 1; 0
5211; 3; 0; 0; 1; 1; 1; 0; 1; 0
5223; 10; 0; 0; 1; 1; 1; 0; 1; 0
5225; 10; 0; 0; 1; 1; 1; 0; 1; 0
5227; 2; 0; 0; 1; 1; 1; 0; 1; 0
5231; 2; 0; 0; 1; 1; 1; 0; 1; 0
5243; 2; 0; 0; 1; 1; 1; 0; 1; 0
5260; 2; 0; 0; 1; 1; 1; 0; 1; 0
5290; 2; 0; 0; 1; 1; 1; 0; 1; 0
5302; 21; 0; 0; 1; 1; 1; 0; 1; 0
5306; 18; 0; 0; 1; 1; 1; 0; 1; 0
5321; 2; 0; 1; 1; 0; 0; 1; 0; 1
5324; 2; 0; 0; 1; 1; 1; 0; 1; 0
5331; 2; 0; 0; 1; 1; 1; 0; 1; 0
5333; 19; 0; 0; 1; 1; 1; 0; 1; 0
5338; 2; 1; 0; 1; 0; 1; 0; 1; 0
5340; 10; 0; 0; 1; 1; 1; 0; 1; 0
5343; 4; 0; 0; 1; 1; 1; 0; 1; 0
5348; 2; 0; 0; 1; 1; 1; 0; 1; 0
5360; 36; 0; 0; 1; 1; 1; 0; 1; 0
5397; 20; 0; 0; 1; 1; 1; 0; 1; 0
5413; 32; 0; 0; 1; 1; 1; 0; 1; 0
5417; 2; 1; 0; 1; 0; 1; 0; 1; 0
5440; 10; 0; 0; 1; 1; 1; 0; 1; 0
5441; 3; 2; 2; 1; 1; 0; 0; 0,142372756625983; 0,857627243374017
5445; 20; 0; 0; 1; 1; 1; 0; 1; 0
5456; 2; 0; 1; 1; 0; 0; 1; 0; 1
5464; 2; 1; 0; 0,5; 0,5; 1; 0; 1; 0
5481; 19; 0; 0; 1; 1; 1; 0; 1; 0
5491; 2; 0; 0; 1; 1; 1; 0; 1; 0
5495; 2; 1; 0; 0,5; 0,5; 1; 0; 1; 0
5518; 4; 0; 0; 1; 1; 1; 0; 1; 0
5524; 2; 1; 0; 1; 0; 1; 0; 1; 0
5533; 2; 1; 0; 1; 0; 1; 0; 1; 0
5547; 20; 0; 0; 1; 1; 1; 0; 1; 0
5548; 21; 0; 0; 1; 1; 1; 0; 1; 0
5569; 10; 0; 0; 1; 1; 1; 0; 1; 0
5571; 3; 0; 0; 1; 1; 1; 0; 1; 0
5601; 2; 0; 0; 1; 1; 1; 0; 1; 0
5611; 20; 0; 0; 1; 1; 1; 0; 1; 0
5629; 3; 0; 1; 1; 0; 0; 0; 0,429150772003392; 0,570849227996608
5662; 20; 0; 0; 1; 1; 1; 0; 1; 0
5673; 24; 0; 0; 1; 1; 1; 0; 1; 0
5683; 19; 0; 0; 1; 1; 1; 0; 1; 0
5715; 10; 0; 0; 1; 1; 1; 0; 1; 0
5728; 2; 0; 0; 1; 1; 1; 0; 1; 0
5734; 20; 0; 0; 1; 1; 1; 0; 1; 0
5735; 2; 1; 1; 1; 1; 0; 1; 0; 1
5747; 140; 0; 0; 1; 1; 1; 0; 1; 0
5758; 21; 0; 0; 1; 1; 1; 0; 1; 0
5795; 18; 0; 0; 1; 1; 1; 0; 1; 0
5797; 24; 0; 0; 1; 1; 1; 0; 1; 0
5800; 60; 0; 0; 1; 1; 1; 0; 1; 0
5804; 4; 0; 0; 1; 1; 1; 0; 1; 0
5805; 34; 0; 0; 1; 1; 1; 0; 1; 0
5806; 10; 0; 0; 1; 1; 1; 0; 1; 0
5811; 2; 0; 0; 1; 1; 1; 0; 1; 0
5814; 20; 1; 0; 1; 0; 1; 0; 1; 0
5827; 18; 0; 0; 1; 1; 1; 0; 1; 0
5829; 4; 0; 0; 1; 1; 1; 0; 1; 0
5831; 3; 0; 0; 1; 1; 1; 0; 1; 0
5833; 2; 0; 0; 1; 1; 1; 0; 1; 0
5872; 19; 0; 0; 1; 1; 1; 0; 1; 0
5874; 19; 0; 0; 1; 1; 1; 0; 1; 0
5876; 19; 0; 0; 1; 1; 1; 0; 1; 0
5885; 2; 1; 0; 1; 0; 1; 0; 1; 0
5889; 190; 0; 0; 1; 1; 1; 0; 1; 0
5908; 140; 0; 0; 1; 1; 1; 0; 1; 0
5930; 54; 0; 0; 1; 1; 1; 0; 1; 0
5932; 2; 0; 1; 1; 0; 0; 0; 0,444078878656495; 0,555921121343505
5937; 10; 0; 0; 1; 1; 1; 0; 1; 0
5951; 21; 0; 0; 1; 1; 1; 0; 1; 0
6004; 20; 0; 0; 1; 1; 1; 0; 1; 0
6017; 34; 0; 0; 1; 1; 1; 0; 1; 0
6023; 17; 0; 0; 1; 1; 1; 0; 1; 0
6026; 13; 0; 0; 1; 1; 1; 0; 1; 0
6031; 2; 0; 0; 1; 1; 1; 0; 1; 0
6032; 20; 0; 0; 1; 1; 1; 0; 1; 0
6042; 10; 2; 1; 1; 0; 0; 0; 0,443460887222627; 0,556539112777373
6057; 21; 0; 0; 1; 1; 1; 0; 1; 0
6059; 64; 0; 0; 1; 1; 1; 0; 1; 0
6062; 21; 0; 0; 1; 1; 1; 0; 1; 0
6070; 32; 0; 0; 1; 1; 1; 0; 1; 0
6076; 2; 0; 1; 1; 0; 0; 0; 0,286330736539781; 0,713669263460219
6079; 24; 0; 0; 1; 1; 1; 0; 1; 0
6083; 19; 0; 0; 1; 1; 1; 0; 1; 0
6094; 2; 0; 0; 1; 1; 1; 0; 1; 0
6108; 26; 0; 0; 1; 1; 1; 0; 1; 0
6119; 13; 1; 2; 1; 0; 0; 0; 0,334026685883874; 0,665973314116126
6130; 17; 0; 0; 1; 1; 1; 0; 1; 0
6139; 17; 0; 0; 1; 1; 1; 0; 1; 0
6153; 18; 0; 0; 1; 1; 1; 0; 1; 0
6160; 2; 1; 1; 1; 1; 0; 1; 0; 1
6163; 2; 0; 0; 1; 1; 1; 0; 1; 0
6169; 3; 0; 0; 1; 1; 1; 0; 1; 0
6171; 2; 0; 0; 1; 1; 1; 0; 1; 0
6199; 2; 0; 0; 1; 1; 1; 0; 1; 0
6204; 10; 0; 0; 1; 1; 1; 0; 1; 0
6206; 40; 0; 0; 1; 1; 1; 0; 1; 0
6209; 20; 15; 1; 0,05; 0,05; 0; 1; 0; 1
6213; 3; 0; 0; 1; 1; 1; 0; 1; 0
6218; 8; 0; 0; 1; 1; 1; 0; 1; 0
6231; 10; 0; 0; 1; 1; 1; 0; 1; 0
6236; 2; 0; 0; 1; 1; 1; 0; 1; 0
6240; 2; 0; 0; 1; 1; 1; 0; 1; 0
6246; 18; 0; 0; 1; 1; 1; 0; 1; 0
6268; 2; 0; 0; 1; 1; 1; 0; 1; 0
6272; 3; 0; 0; 1; 1; 1; 0; 1; 0
6280; 21; 0; 0; 1; 1; 1; 0; 1; 0
6281; 20; 0; 0; 1; 1; 1; 0; 1; 0
6283; 3; 0; 1; 1; 0; 0; 0; 0,166027874810488; 0,833972125189512
6286; 3; 0; 0; 1; 1; 1; 0; 1; 0
6287; 2; 0; 0; 1; 1; 1; 0; 1; 0
6288; 18; 0; 0; 1; 1; 1; 0; 1; 0
6296; 2; 1; 1; 0,5; 0,5; 0; 0; 0,333102975516419; 0,666897024483581
6305; 4; 0; 0; 1; 1; 1; 0; 1; 0
6321; 2; 0; 0; 1; 1; 1; 0; 1; 0
6323; 21; 0; 0; 1; 1; 1; 0; 1; 0
6334; 2; 0; 0; 1; 1; 1; 0; 1; 0
6346; 20; 0; 0; 1; 1; 1; 0; 1; 0
6363; 19; 0; 0; 1; 1; 1; 0; 1; 0
6366; 2; 0; 0; 1; 1; 1; 0; 1; 0
6373; 10; 0; 0; 1; 1; 1; 0; 1; 0
6379; 19; 1; 0; 1; 0; 1; 0; 1; 0
6389; 13; 0; 2; 1; 0; 0; 1; 0; 1
6390; 2; 1; 1; 1; 1; 0; 1; 0; 1
6398; 2; 1; 0; 1; 0; 1; 0; 1; 0
6401; 32; 0; 0; 1; 1; 1; 0; 1; 0
6405; 10; 0; 0; 1; 1; 1; 0; 1; 0
6419; 2; 0; 0; 1; 1; 1; 0; 1; 0
6432; 21; 0; 0; 1; 1; 1; 0; 1; 0
6450; 3; 0; 0; 1; 1; 1; 0; 1; 0
6453; 10; 0; 0; 1; 1; 1; 0; 1; 0
6472; 22; 3; 0; 1; 0; 1; 0; 1; 0
6476; 17; 0; 0; 1; 1; 1; 0; 1; 0
6495; 2; 0; 0; 1; 1; 1; 0; 1; 0
6503; 10; 2; 0; 1; 0; 1; 0; 1; 0
6504; 19; 0; 0; 1; 1; 1; 0; 1; 0
6511; 180; 0; 0; 1; 1; 1; 0; 1; 0
6515; 40; 0; 0; 1; 1; 1; 0; 1; 0
6523; 10; 0; 0; 1; 1; 1; 0; 1; 0
6526; 20; 0; 0; 1; 1; 1; 0; 1; 0
6528; 13; 0; 0; 1; 1; 1; 0; 1; 0
6536; 19; 0; 0; 1; 1; 1; 0; 1; 0
6569; 20; 0; 0; 1; 1; 1; 0; 1; 0
6575; 2; 0; 0; 1; 1; 1; 0; 1; 0
6587; 20; 0; 0; 1; 1; 1; 0; 1; 0
6594; 10; 0; 0; 1; 1; 1; 0; 1; 0
6602; 2; 0; 0; 1; 1; 1; 0; 1; 0
6615; 2; 0; 0; 1; 1; 1; 0; 1; 0
6675; 42; 0; 0; 1; 1; 1; 0; 1; 0
6676; 6; 0; 0; 1; 1; 1; 0; 1; 0
6682; 18; 0; 0; 1; 1; 1; 0; 1; 0
6687; 2; 0; 1; 1; 0; 0; 1; 0; 1
6698; 44; 0; 0; 1; 1; 1; 0; 1; 0
6704; 20; 0; 0; 1; 1; 1; 0; 1; 0
6707; 10; 0; 0; 1; 1; 1; 0; 1; 0
6718; 20; 1; 1; 1; 1; 0; 0; 0,499204896857961; 0,500795103142039
6721; 3; 0; 0; 1; 1; 1; 0; 1; 0
6727; 10; 0; 0; 1; 1; 1; 0; 1; 0
6733; 20; 0; 0; 1; 1; 1; 0; 1; 0
6739; 10; 2; 0; 1; 0; 1; 0; 1; 0
6749; 2; 1; 0; 1; 0; 1; 0; 1; 0
6782; 2; 0; 0; 1; 1; 1; 0; 1; 0
6783; 10; 0; 0; 1; 1; 1; 0; 1; 0
6787; 2; 0; 0; 1; 1; 1; 0; 1; 0
6794; 13; 0; 0; 1; 1; 1; 0; 1; 0
6820; 10; 0; 0; 1; 1; 1; 0; 1; 0
6824; 2; 0; 0; 1; 1; 1; 0; 1; 0
6826; 10; 0; 0; 1; 1; 1; 0; 1; 0
6828; 10; 0; 0; 1; 1; 1; 0; 1; 0
6834; 10; 0; 0; 1; 1; 1; 0; 1; 0
6836; 2; 0; 0; 1; 1; 1; 0; 1; 0
6837; 36; 0; 0; 1; 1; 1; 0; 1; 0
6855; 20; 0; 0; 1; 1; 1; 0; 1; 0
6861; 20; 1; 0; 0,5; 0,5; 1; 0; 1; 0
6866; 21; 0; 0; 1; 1; 1; 0; 1; 0
6878; 19; 0; 0; 1; 1; 1; 0; 1; 0
6903; 20; 0; 0; 1; 1; 1; 0; 1; 0
6907; 20; 0; 0; 1; 1; 1; 0; 1; 0
6909; 20; 0; 0; 1; 1; 1; 0; 1; 0
6912; 19; 0; 0; 1; 1; 1; 0; 1; 0
6920; 24; 0; 0; 1; 1; 1; 0; 1; 0
6931; 18; 0; 0; 1; 1; 1; 0; 1; 0
6937; 10; 0; 0; 1; 1; 1; 0; 1; 0
6942; 2; 1; 1; 1; 1; 0; 0; 0,333563697350795; 0,666436302649205
6947; 10; 0; 0; 1; 1; 1; 0; 1; 0
6960; 13; 1; 1; 1; 1; 0; 0; 0,331599996738756; 0,668400003261244
6961; 24; 0; 0; 1; 1; 1; 0; 1; 0
6967; 100; 0; 0; 1; 1; 1; 0; 1; 0
6986; 20; 0; 0; 1; 1; 1; 0; 1; 0
6989; 21; 0; 0; 1; 1; 1; 0; 1; 0
6990; 2; 1; 1; 1; 1; 0; 0; 0,198971869079415; 0,801028130920585
6997; 10; 0; 0; 1; 1; 1; 0; 1; 0
7008; 16; 0; 0; 1; 1; 1; 0; 1; 0
7011; 2; 0; 1; 1; 0; 0; 0; 0,200841092605046; 0,799158907394954
7030; 2; 0; 0; 1; 1; 1; 0; 1; 0
7034; 18; 0; 0; 1; 1; 1; 0; 1; 0
7038; 2; 0; 0; 1; 1; 1; 0; 1; 0
7047; 2; 0; 0; 1; 1; 1; 0; 1; 0
7056; 2; 0; 0; 1; 1; 1; 0; 1; 0
7058; 2; 1; 0; 1; 0; 1; 0; 1; 0
7065; 2; 1; 1; 1; 1; 0; 0; 0,2016024431017; 0,798397556898301
7067; 10; 0; 0; 1; 1; 1; 0; 1; 0
7090; 2; 0; 1; 1; 0; 0; 1; 0; 1
7092; 13; 0; 0; 1; 1; 1; 0; 1; 0
7100; 10; 0; 0; 1; 1; 1; 0; 1; 0
7120; 10; 0; 0; 1; 1; 1; 0; 1; 0
7140; 2; 1; 0; 1; 0; 1; 0; 1; 0
7145; 20; 0; 0; 1; 1; 1; 0; 1; 0
7150; 2; 0; 0; 1; 1; 1; 0; 1; 0
7155; 2; 1; 0; 0,5; 0,5; 1; 0; 1; 0
7158; 2; 0; 0; 1; 1; 1; 0; 1; 0
7167; 10; 0; 0; 1; 1; 1; 0; 1; 0
7175; 18; 0; 0; 1; 1; 1; 0; 1; 0
7178; 19; 0; 0; 1; 1; 1; 0; 1; 0
7186; 2; 0; 0; 1; 1; 1; 0; 1; 0
7213; 13; 0; 0; 1; 1; 1; 0; 1; 0
7218; 2; 0; 0; 1; 1; 1; 0; 1; 0
7226; 2; 1; 1; 1; 1; 0; 0; 0,19881132297054; 0,80118867702946
7244; 18; 0; 0; 1; 1; 1; 0; 1; 0
7258; 10; 0; 0; 1; 1; 1; 0; 1; 0
7260; 3; 0; 0; 1; 1; 1; 0; 1; 0
7262; 20; 0; 0; 1; 1; 1; 0; 1; 0
7278; 20; 0; 0; 1; 1; 1; 0; 1; 0
7279; 2; 1; 1; 1; 1; 0; 0; 0,165746467054004; 0,834253532945996
7283; 2; 1; 0; 1; 0; 1; 0; 1; 0
7287; 3; 0; 2; 1; 0; 0; 0; 0,500296553284424; 0,499703446715576
7288; 20; 0; 0; 1; 1; 1; 0; 1; 0
7299; 26; 0; 0; 1; 1; 1; 0; 1; 0
7314; 2; 1; 1; 1; 1; 0; 0; 0,333563697350795; 0,666436302649205
7316; 380; 0; 0; 1; 1; 1; 0; 1; 0
7318; 4; 0; 0; 1; 1; 1; 0; 1; 0
7332; 3; 1; 0; 0,333333333333333; 0,333333333333333; 1; 0; 1; 0
7334; 10; 0; 0; 1; 1; 1; 0; 1; 0
7335; 18; 0; 0; 1; 1; 1; 0; 1; 0
7336; 15; 0; 0; 1; 1; 1; 0; 1; 0
7337; 2; 0; 0; 1; 1; 1; 0; 1; 0
7344; 10; 0; 0; 1; 1; 1; 0; 1; 0
7345; 21; 0; 0; 1; 1; 1; 0; 1; 0
7363; 4; 0; 0; 1; 1; 1; 0; 1; 0
7364; 38; 0; 0; 1; 1; 1; 0; 1; 0
7375; 17; 0; 0; 1; 1; 1; 0; 1; 0
7397; 2; 0; 0; 1; 1; 1; 0; 1; 0
7402; 12; 0; 0; 1; 1; 1; 0; 1; 0
7415; 10; 0; 0; 1; 1; 1; 0; 1; 0
7418; 4; 0; 0; 1; 1; 1; 0; 1; 0
7437; 19; 0; 0; 1; 1; 1; 0; 1; 0
7440; 2; 0; 0; 1; 1; 1; 0; 1; 0
7450; 10; 0; 0; 1; 1; 1; 0; 1; 0
7466; 21; 0; 0; 1; 1; 1; 0; 1; 0
7470; 20; 0; 0; 1; 1; 1; 0; 1; 0
7471; 3; 0; 0; 1; 1; 1; 0; 1; 0
7473; 20; 0; 0; 1; 1; 1; 0; 1; 0
7476; 24; 0; 0; 1; 1; 1; 0; 1; 0
7478; 10; 0; 0; 1; 1; 1; 0; 1; 0
7492; 10; 0; 0; 1; 1; 1; 0; 1; 0
7495; 10; 0; 0; 1; 1; 1; 0; 1; 0
7502; 4; 0; 0; 1; 1; 1; 0; 1; 0
7517; 2; 1; 0; 1; 0; 1; 0; 1; 0
7518; 16; 0; 0; 1; 1; 1; 0; 1; 0
7520; 16; 0; 0; 1; 1; 1; 0; 1; 0
7521; 3; 1; 1; 1; 1; 0; 0; 0,501089764995773; 0,498910235004227
7522; 2; 1; 1; 1; 1; 0; 0; 0,334527279994034; 0,665472720005966
7528; 10; 0; 0; 1; 1; 1; 0; 1; 0
7538; 2; 0; 0; 1; 1; 1; 0; 1; 0
7539; 10; 0; 0; 1; 1; 1; 0; 1; 0
7542; 10; 0; 0; 1; 1; 1; 0; 1; 0
7550; 2; 0; 0; 1; 1; 1; 0; 1; 0
7578; 2; 0; 0; 1; 1; 1; 0; 1; 0
7580; 3; 0; 0; 1; 1; 1; 0; 1; 0
7582; 16; 0; 0; 1; 1; 1; 0; 1; 0
7591; 10; 0; 0; 1; 1; 1; 0; 1; 0
7597; 2; 0; 0; 1; 1; 1; 0; 1; 0
7598; 2; 0; 0; 1; 1; 1; 0; 1; 0
7613; 10; 0; 0; 1; 1; 1; 0; 1; 0
7617; 2; 0; 0; 1; 1; 1; 0; 1; 0
7618; 2; 0; 0; 1; 1; 1; 0; 1; 0
7623; 2; 0; 0; 1; 1; 1; 0; 1; 0
7625; 170; 0; 0; 1; 1; 1; 0; 1; 0
7626; 25; 3; 3; 1; 1; 0; 0; 0,55486343467288; 0,44513656532712
7632; 2; 0; 0; 1; 1; 1; 0; 1; 0
7650; 24; 0; 0; 1; 1; 1; 0; 1; 0
7651; 10; 0; 0; 1; 1; 1; 0; 1; 0
7657; 13; 0; 0; 1; 1; 1; 0; 1; 0
7662; 8; 2; 0; 0,5; 0,5; 1; 0; 1; 0
7668; 15; 0; 0; 1; 1; 1; 0; 1; 0
7675; 2; 0; 0; 1; 1; 1; 0; 1; 0
7689; 2; 0; 0; 1; 1; 1; 0; 1; 0
7692; 10; 0; 0; 1; 1; 1; 0; 1; 0
7698; 2; 0; 0; 1; 1; 1; 0; 1; 0
7701; 10; 0; 0; 1; 1; 1; 0; 1; 0
7702; 10; 0; 0; 1; 1; 1; 0; 1; 0
7703; 17; 0; 0; 1; 1; 1; 0; 1; 0
7710; 2; 1; 1; 1; 1; 0; 0; 0,333102975516419; 0,666897024483581
7712; 3; 2; 1; 1; 0; 0; 0; 0,333102975516419; 0,666897024483581
7714; 18; 0; 0; 1; 1; 1; 0; 1; 0
7721; 2; 1; 0; 1; 0; 1; 0; 1; 0
7731; 2; 0; 0; 1; 1; 1; 0; 1; 0
7738; 2; 1; 1; 1; 1; 0; 0; 0,375515686643582; 0,624484313356419
7741; 18; 0; 0; 1; 1; 1; 0; 1; 0
7754; 2; 0; 0; 1; 1; 1; 0; 1; 0
7759; 4; 2; 0; 1; 0; 1; 0; 1; 0
7765; 20; 0; 0; 1; 1; 1; 0; 1; 0
7784; 4; 0; 0; 1; 1; 1; 0; 1; 0
7787; 10; 0; 0; 1; 1; 1; 0; 1; 0
7790; 19; 0; 0; 1; 1; 1; 0; 1; 0
7796; 10; 0; 0; 1; 1; 1; 0; 1; 0
7800; 10; 0; 0; 1; 1; 1; 0; 1; 0
7812; 19; 0; 0; 1; 1; 1; 0; 1; 0
7815; 40; 0; 0; 1; 1; 1; 0; 1; 0
7819; 10; 0; 0; 1; 1; 1; 0; 1; 0
7820; 21; 0; 0; 1; 1; 1; 0; 1; 0
7832; 36; 0; 0; 1; 1; 1; 0; 1; 0
7836; 10; 0; 0; 1; 1; 1; 0; 1; 0
7846; 20; 0; 0; 1; 1; 1; 0; 1; 0
7853; 2; 0; 0; 1; 1; 1; 0; 1; 0
7854; 2; 0; 1; 1; 0; 0; 0; 0,428624748939319; 0,571375251060681
7859; 3; 0; 0; 1; 1; 1; 0; 1; 0
7861; 10; 0; 0; 1; 1; 1; 0; 1; 0
7869; 2; 0; 0; 1; 1; 1; 0; 1; 0
7870; 3; 2; 0; 1; 0; 1; 0; 1; 0
7882; 2; 0; 0; 1; 1; 1; 0; 1; 0
7889; 20; 0; 0; 1; 1; 1; 0; 1; 0
7897; 19; 0; 0; 1; 1; 1; 0; 1; 0
7902; 2; 0; 0; 1; 1; 1; 0; 1; 0
7904; 20; 0; 0; 1; 1; 1; 0; 1; 0
7959; 20; 0; 0; 1; 1; 1; 0; 1; 0
7970; 15; 0; 0; 1; 1; 1; 0; 1; 0
7974; 18; 0; 0; 1; 1; 1; 0; 1; 0
7989; 17; 0; 0; 1; 1; 1; 0; 1; 0
8007; 260; 0; 0; 1; 1; 1; 0; 1; 0
8013; 10; 0; 0; 1; 1; 1; 0; 1; 0
8014; 18; 0; 0; 1; 1; 1; 0; 1; 0
8018; 2; 0; 0; 1; 1; 1; 0; 1; 0
8034; 2; 0; 0; 1; 1; 1; 0; 1; 0
8037; 16; 0; 0; 1; 1; 1; 0; 1; 0
8041; 2; 0; 0; 1; 1; 1; 0; 1; 0
8045; 2; 0; 0; 1; 1; 1; 0; 1; 0
8083; 10; 0; 0; 1; 1; 1; 0; 1; 0
8110; 20; 0; 0; 1; 1; 1; 0; 1; 0
8116; 32; 0; 0; 1; 1; 1; 0; 1; 0
8117; 10; 0; 0; 1; 1; 1; 0; 1; 0
8125; 2; 0; 0; 1; 1; 1; 0; 1; 0
8130; 4; 0; 1; 1; 0; 0; 0; 0,500296553284424; 0,499703446715576
8136; 10; 0; 0; 1; 1; 1; 0; 1; 0
8144; 20; 12; 0; 0,1; 0,1; 1; 0; 1; 0
8156; 2; 1; 1; 1; 1; 0; 1; 0; 1
8190; 2; 0; 0; 1; 1; 1; 0; 1; 0
8194; 2; 1; 1; 1; 1; 0; 0; 0,167557985463015; 0,832442014536985
8197; 2; 0; 1; 1; 0; 0; 0; 0,198971869079415; 0,801028130920585
8203; 34; 0; 0; 1; 1; 1; 0; 1; 0
8209; 2; 0; 0; 1; 1; 1; 0; 1; 0
8214; 13; 1; 0; 1; 0; 1; 0; 1; 0
8215; 19; 0; 0; 1; 1; 1; 0; 1; 0
8231; 10; 0; 0; 1; 1; 1; 0; 1; 0
8245; 2; 1; 0; 1; 0; 1; 0; 1; 0
8249; 25; 0; 0; 1; 1; 1; 0; 1; 0
8253; 2; 0; 0; 1; 1; 1; 0; 1; 0
8257; 10; 0; 0; 1; 1; 1; 0; 1; 0
8260; 20; 10; 10; 1; 1; 0; 0; 0,428067108881268; 0,571932891118732
8286; 2; 0; 0; 1; 1; 1; 0; 1; 0
8304; 2; 0; 0; 1; 1; 1; 0; 1; 0
8307; 10; 0; 0; 1; 1; 1; 0; 1; 0
8308; 24; 0; 0; 1; 1; 1; 0; 1; 0
8309; 2; 0; 0; 1; 1; 1; 0; 1; 0
8315; 17; 0; 0; 1; 1; 1; 0; 1; 0
8332; 2; 0; 0; 1; 1; 1; 0; 1; 0
8341; 20; 0; 0; 1; 1; 1; 0; 1; 0
8352; 3; 0; 0; 1; 1; 1; 0; 1; 0
8356; 17; 0; 0; 1; 1; 1; 0; 1; 0
8358; 16; 2; 1; 1; 0; 0; 0; 0,428624748939319; 0,571375251060681
8369; 36; 0; 0; 1; 1; 1; 0; 1; 0
8375; 20; 12; 0; 0,05; 0,05; 1; 0; 1; 0
8376; 20; 0; 0; 1; 1; 1; 0; 1; 0
8381; 2; 0; 0; 1; 1; 1; 0; 1; 0
8408; 3; 2; 2; 1; 1; 0; 1; 0; 1
8413; 10; 0; 0; 1; 1; 1; 0; 1; 0
8419; 2; 0; 0; 1; 1; 1; 0; 1; 0
8423; 2; 0; 0; 1; 1; 1; 0; 1; 0
8431; 3; 0; 0; 1; 1; 1; 0; 1; 0
8436; 18; 0; 0; 1; 1; 1; 0; 1; 0
8445; 10; 0; 0; 1; 1; 1; 0; 1; 0
8448; 13; 0; 0; 1; 1; 1; 0; 1; 0
8451; 25; 3; 0; 1; 0; 1; 0; 1; 0
8456; 2; 0; 0; 1; 1; 1; 0; 1; 0
8462; 4; 2; 2; 1; 1; 0; 0; 0,376242565763766; 0,623757434236234
8487; 4; 0; 0; 1; 1; 1; 0; 1; 0
8491; 36; 0; 0; 1; 1; 1; 0; 1; 0
8496; 2; 0; 0; 1; 1; 1; 0; 1; 0
8502; 2; 0; 0; 1; 1; 1; 0; 1; 0
8506; 2; 0; 0; 1; 1; 1; 0; 1; 0
8512; 2; 1; 0; 1; 0; 1; 0; 1; 0
8518; 24; 0; 0; 1; 1; 1; 0; 1; 0
8530; 21; 0; 0; 1; 1; 1; 0; 1; 0
8548; 10; 0; 0; 1; 1; 1; 0; 1; 0
8550; 2; 0; 0; 1; 1; 1; 0; 1; 0
8554; 2; 0; 0; 1; 1; 1; 0; 1; 0
8559; 2; 0; 0; 1; 1; 1; 0; 1; 0
8565; 10; 1; 2; 1; 0; 0; 1; 0; 1
8568; 2; 0; 0; 1; 1; 1; 0; 1; 0
8586; 2; 0; 0; 1; 1; 1; 0; 1; 0
8596; 10; 0; 0; 1; 1; 1; 0; 1; 0
8608; 2; 1; 0; 1; 0; 1; 0; 1; 0
8609; 10; 0; 0; 1; 1; 1; 0; 1; 0
8620; 2; 0; 0; 1; 1; 1; 0; 1; 0
8623; 2; 1; 1; 1; 1; 0; 0; 0,285883944611062; 0,714116055388938
8625; 10; 0; 0; 1; 1; 1; 0; 1; 0
8626; 21; 0; 0; 1; 1; 1; 0; 1; 0
8627; 10; 0; 0; 1; 1; 1; 0; 1; 0
8641; 13; 0; 0; 1; 1; 1; 0; 1; 0
8650; 2; 0; 0; 1; 1; 1; 0; 1; 0
8655; 2; 0; 0; 1; 1; 1; 0; 1; 0
8661; 2; 1; 0; 1; 0; 1; 0; 1; 0
8694; 2; 1; 1; 1; 1; 0; 1; 0; 1
8701; 10; 0; 0; 1; 1; 1; 0; 1; 0
8703; 10; 0; 0; 1; 1; 1; 0; 1; 0
8705; 13; 0; 0; 1; 1; 1; 0; 1; 0
8713; 20; 0; 0; 1; 1; 1; 0; 1; 0
8736; 20; 0; 0; 1; 1; 1; 0; 1; 0
8737; 2; 0; 0; 1; 1; 1; 0; 1; 0
8749; 2; 0; 0; 1; 1; 1; 0; 1; 0
8754; 10; 0; 0; 1; 1; 1; 0; 1; 0
8771; 10; 6; 1; 0,1; 0,1; 0; 1; 0; 1
8800; 40; 0; 0; 1; 1; 1; 0; 1; 0
8801; 17; 0; 0; 1; 1; 1; 0; 1; 0
8803; 3; 1; 2; 1; 0; 0; 0; 0,167469245601942; 0,832530754398058
8810; 10; 0; 0; 1; 1; 1; 0; 1; 0
8815; 13; 0; 0; 1; 1; 1; 0; 1; 0
8817; 2; 0; 0; 1; 1; 1; 0; 1; 0
8818; 19; 0; 0; 1; 1; 1; 0; 1; 0
8820; 4; 0; 0; 1; 1; 1; 0; 1; 0
8822; 14; 0; 0; 1; 1; 1; 0; 1; 0
8824; 20; 0; 0; 1; 1; 1; 0; 1; 0
8827; 4; 0; 0; 1; 1; 1; 0; 1; 0
8831; 20; 0; 0; 1; 1; 1; 0; 1; 0
8834; 2; 1; 1; 1; 1; 0; 1; 0; 1
8842; 21; 0; 0; 1; 1; 1; 0; 1; 0
8856; 13; 0; 0; 1; 1; 1; 0; 1; 0
8865; 10; 2; 2; 1; 1; 0; 0; 0,499830914844845; 0,500169085155155
8884; 3; 0; 0; 1; 1; 1; 0; 1; 0
8886; 10; 0; 0; 1; 1; 1; 0; 1; 0
8889; 15; 0; 0; 1; 1; 1; 0; 1; 0
8895; 16; 0; 0; 1; 1; 1; 0; 1; 0
8902; 4; 2; 2; 1; 1; 0; 0; 0,429178045545455; 0,570821954454545
8903; 26; 0; 0; 1; 1; 1; 0; 1; 0
8909; 10; 0; 0; 1; 1; 1; 0; 1; 0
8918; 25; 0; 0; 1; 1; 1; 0; 1; 0
8922; 2; 0; 0; 1; 1; 1; 0; 1; 0
8926; 2; 0; 0; 1; 1; 1; 0; 1; 0
8937; 20; 0; 0; 1; 1; 1; 0; 1; 0
8942; 3; 0; 0; 1; 1; 1; 0; 1; 0
8948; 2; 0; 0; 1; 1; 1; 0; 1; 0
8951; 18; 0; 0; 1; 1; 1; 0; 1; 0
8956; 21; 0; 0; 1; 1; 1; 0; 1; 0
8959; 20; 0; 0; 1; 1; 1; 0; 1; 0
8962; 6; 0; 2; 1; 0; 0; 0; 0,373360885879541; 0,626639114120459
8965; 2; 0; 0; 1; 1; 1; 0; 1; 0
8966; 2; 0; 0; 1; 1; 1; 0; 1; 0
8976; 2; 0; 1; 1; 0; 0; 1; 0; 1
8982; 10; 0; 0; 1; 1; 1; 0; 1; 0
8994; 2; 0; 0; 1; 1; 1; 0; 1; 0
9003; 2; 0; 0; 1; 1; 1; 0; 1; 0
9005; 10; 1; 2; 1; 0; 0; 0; 0,3340232507444; 0,6659767492556
9010; 13; 1; 2; 1; 0; 0; 1; 0; 1
9016; 5; 0; 0; 1; 1; 1; 0; 1; 0
9019; 10; 0; 0; 1; 1; 1; 0; 1; 0
9021; 2; 1; 0; 1; 0; 1; 0; 1; 0
9034; 3; 0; 0; 1; 1; 1; 0; 1; 0
9039; 10; 0; 0; 1; 1; 1; 0; 1; 0
9044; 4; 0; 0; 1; 1; 1; 0; 1; 0
9045; 10; 0; 0; 1; 1; 1; 0; 1; 0
9060; 21; 0; 0; 1; 1; 1; 0; 1; 0
9076; 25; 0; 0; 1; 1; 1; 0; 1; 0
9085; 10; 1; 0; 1; 0; 1; 0; 1; 0
9089; 4; 0; 0; 1; 1; 1; 0; 1; 0
9090; 10; 0; 0; 1; 1; 1; 0; 1; 0
9091; 5; 0; 0; 1; 1; 1; 0; 1; 0
9107; 42; 0; 0; 1; 1; 1; 0; 1; 0
9120; 10; 0; 0; 1; 1; 1; 0; 1; 0
9123; 15; 0; 0; 1; 1; 1; 0; 1; 0
9133; 10; 0; 0; 1; 1; 1; 0; 1; 0
9140; 2; 0; 0; 1; 1; 1; 0; 1; 0
9165; 10; 0; 0; 1; 1; 1; 0; 1; 0
9172; 3; 2; 2; 1; 1; 0; 0; 0,375463052198349; 0,624536947801651
9178; 10; 0; 0; 1; 1; 1; 0; 1; 0
9180; 20; 0; 0; 1; 1; 1; 0; 1; 0
9188; 10; 0; 0; 1; 1; 1; 0; 1; 0
9198; 2; 0; 0; 1; 1; 1; 0; 1; 0
9203; 13; 0; 0; 1; 1; 1; 0; 1; 0
9204; 3; 2; 2; 1; 1; 0; 0; 0,251076692263884; 0,748923307736116
9205; 2; 0; 0; 1; 1; 1; 0; 1; 0
9208; 20; 0; 0; 1; 1; 1; 0; 1; 0
9213; 2; 0; 0; 1; 1; 1; 0; 1; 0
9220; 20; 0; 0; 1; 1; 1; 0; 1; 0
9227; 2; 1; 1; 1; 1; 0; 1; 0; 1
9240; 13; 0; 0; 1; 1; 1; 0; 1; 0
9253; 4; 0; 1; 1; 0; 0; 0; 0,500296553284424; 0,499703446715576
9258; 21; 0; 0; 1; 1; 1; 0; 1; 0
9260; 10; 0; 0; 1; 1; 1; 0; 1; 0
9279; 3; 0; 0; 1; 1; 1; 0; 1; 0
9285; 2; 0; 0; 1; 1; 1; 0; 1; 0
9298; 10; 0; 0; 1; 1; 1; 0; 1; 0
9313; 13; 0; 0; 1; 1; 1; 0; 1; 0
9314; 16; 1; 2; 1; 0; 0; 0; 0,125564946230051; 0,874435053769949
9344; 10; 0; 0; 1; 1; 1; 0; 1; 0
9345; 2; 0; 0; 1; 1; 1; 0; 1; 0
9360; 4; 0; 0; 1; 1; 1; 0; 1; 0
9364; 3; 0; 0; 1; 1; 1; 0; 1; 0
9378; 2; 0; 0; 1; 1; 1; 0; 1; 0
9388; 2; 0; 0; 1; 1; 1; 0; 1; 0
9389; 2; 1; 0; 1; 0; 1; 0; 1; 0
9395; 2; 1; 1; 1; 1; 0; 0; 0,334786093832472; 0,665213906167529
9402; 10; 0; 0; 1; 1; 1; 0; 1; 0
9403; 13; 0; 0; 1; 1; 1; 0; 1; 0
9410; 24; 0; 0; 1; 1; 1; 0; 1; 0
9413; 17; 0; 0; 1; 1; 1; 0; 1; 0
9415; 2; 0; 0; 1; 1; 1; 0; 1; 0
9419; 4; 0; 0; 1; 1; 1; 0; 1; 0
9420; 13; 0; 0; 1; 1; 1; 0; 1; 0
9423; 190; 0; 0; 1; 1; 1; 0; 1; 0
9436; 10; 2; 2; 1; 1; 0; 1; 0; 1
9450; 2; 0; 0; 1; 1; 1; 0; 1; 0
9451; 21; 0; 0; 1; 1; 1; 0; 1; 0
9456; 3; 2; 1; 1; 0; 0; 1; 0; 1
9458; 10; 0; 0; 1; 1; 1; 0; 1; 0
9460; 21; 0; 0; 1; 1; 1; 0; 1; 0
9469; 2; 1; 1; 1; 1; 0; 1; 0; 1
9472; 2; 0; 0; 1; 1; 1; 0; 1; 0
9485; 2; 0; 0; 1; 1; 1; 0; 1; 0
9486; 20; 0; 0; 1; 1; 1; 0; 1; 0
9495; 13; 0; 0; 1; 1; 1; 0; 1; 0
9512; 2; 1; 1; 1; 1; 0; 0; 0,199175821663917; 0,800824178336083
9522; 51; 0; 0; 1; 1; 1; 0; 1; 0
9527; 4; 0; 0; 1; 1; 1; 0; 1; 0
9533; 170; 0; 0; 1; 1; 1; 0; 1; 0
9545; 2; 0; 0; 1; 1; 1; 0; 1; 0
9549; 2; 0; 0; 1; 1; 1; 0; 1; 0
9560; 20; 0; 0; 1; 1; 1; 0; 1; 0
9569; 10; 0; 0; 1; 1; 1; 0; 1; 0
9574; 2; 0; 0; 1; 1; 1; 0; 1; 0
9591; 10; 0; 0; 1; 1; 1; 0; 1; 0
9614; 17; 0; 0; 1; 1; 1; 0; 1; 0
9615; 100; 0; 0; 1; 1; 1; 0; 1; 0
9619; 14; 0; 0; 1; 1; 1; 0; 1; 0
9620; 21; 0; 0; 1; 1; 1; 0; 1; 0
9633; 2; 0; 0; 1; 1; 1; 0; 1; 0
9636; 60; 0; 0; 1; 1; 1; 0; 1; 0
9653; 2; 0; 0; 1; 1; 1; 0; 1; 0
9657; 250; 0; 0; 1; 1; 1; 0; 1; 0
9661; 20; 0; 0; 1; 1; 1; 0; 1; 0
9669; 25; 0; 0; 1; 1; 1; 0; 1; 0
9671; 38; 0; 0; 1; 1; 1; 0; 1; 0
9682; 2; 0; 0; 1; 1; 1; 0; 1; 0
9705; 2; 0; 0; 1; 1; 1; 0; 1; 0
9714; 19; 0; 0; 1; 1; 1; 0; 1; 0
9716; 10; 0; 0; 1; 1; 1; 0; 1; 0
9726; 360; 0; 0; 1; 1; 1; 0; 1; 0
9746; 3; 0; 0; 1; 1; 1; 0; 1; 0
9756; 2; 1; 1; 1; 1; 0; 0; 0,428431735058879; 0,571568264941121
9764; 2; 0; 0; 1; 1; 1; 0; 1; 0
9773; 2; 0; 0; 1; 1; 1; 0; 1; 0
9774; 16; 1; 1; 1; 1; 0; 0; 0,500369451615935; 0,499630548384065
9778; 10; 0; 0; 1; 1; 1; 0; 1; 0
9779; 10; 0; 0; 1; 1; 1; 0; 1; 0
9787; 10; 1; 2; 1; 0; 0; 0; 0,142183494865268; 0,857816505134732
9807; 2; 0; 0; 1; 1; 1; 0; 1; 0
9813; 21; 0; 0; 1; 1; 1; 0; 1; 0
9826; 2; 1; 1; 1; 1; 0; 0; 0,28552170089755; 0,71447829910245
9833; 2; 1; 1; 1; 1; 0; 1; 0; 1
9837; 2; 0; 0; 1; 1; 1; 0; 1; 0
9841; 3; 1; 0; 1; 0; 1; 0; 1; 0
9846; 5; 0; 0; 1; 1; 1; 0; 1; 0
9856; 20; 0; 0; 1; 1; 1; 0; 1; 0
9881; 2; 1; 1; 1; 1; 0; 0; 0,19881132297054; 0,80118867702946
9890; 3; 0; 0; 1; 1; 1; 0; 1; 0
9907; 26; 5; 4; 1; 0; 0; 1; 0; 1
9923; 26; 0; 0; 1; 1; 1; 0; 1; 0
9928; 13; 0; 0; 1; 1; 1; 0; 1; 0
9932; 2; 0; 0; 1; 1; 1; 0; 1; 0
9935; 13; 0; 0; 1; 1; 1; 0; 1; 0
9940; 20; 1; 1; 1; 1; 0; 0; 0,624842559363255; 0,375157440636745
9947; 2; 0; 0; 1; 1; 1; 0; 1; 0
9957; 21; 0; 0; 1; 1; 1; 0; 1; 0
9959; 2; 0; 0; 1; 1; 1; 0; 1; 0
9960; 10; 0; 0; 1; 1; 1; 0; 1; 0
9961; 38; 0; 0; 1; 1; 1; 0; 1; 0
9965; 10; 0; 0; 1; 1; 1; 0; 1; 0
9980; 10; 0; 0; 1; 1; 1; 0; 1; 0
9982; 2; 0; 0; 1; 1; 1; 0; 1; 0
9987; 20; 0; 0; 1; 1; 1; 0; 1; 0
9988; 2; 0; 0; 1; 1; 1; 0; 1; 0
9995; 10; 0; 1; 1; 0; 0; 0; 0,249965076943371; 0,750034923056629
10002; 2; 0; 0; 1; 1; 1; 0; 1; 0
10008; 10; 0; 0; 1; 1; 1; 0; 1; 0
10009; 2; 1; 0; 1; 0; 1; 0; 1; 0
10012; 4; 2; 2; 1; 1; 0; 0; 0,284446262826987; 0,715553737173013
10018; 10; 0; 0; 1; 1; 1; 0; 1; 0
10021; 4; 0; 0; 1; 1; 1; 0; 1; 0
10022; 10; 0; 0; 1; 1; 1; 0; 1; 0
10038; 10; 0; 0; 1; 1; 1; 0; 1; 0
10048; 10; 0; 0; 1; 1; 1; 0; 1; 0
10058; 2; 1; 0; 1; 0; 1; 0; 1; 0
10061; 19; 0; 0; 1; 1; 1; 0; 1; 0
10065; 19; 0; 0; 1; 1; 1; 0; 1; 0
10091; 21; 0; 0; 1; 1; 1; 0; 1; 0
10109; 10; 0; 0; 1; 1; 1; 0; 1; 0
10110; 2; 0; 0; 1; 1; 1; 0; 1; 0
10119; 16; 2; 0; 1; 0; 1; 0; 1; 0
10128; 18; 0; 2; 1; 0; 0; 1; 0; 1
10131; 3; 0; 0; 1; 1; 1; 0; 1; 0
10133; 10; 0; 0; 1; 1; 1; 0; 1; 0
10135; 2; 0; 0; 1; 1; 1; 0; 1; 0
10144; 2; 0; 0; 1; 1; 1; 0; 1; 0
10157; 2; 0; 0; 1; 1; 1; 0; 1; 0
10161; 15; 0; 0; 1; 1; 1; 0; 1; 0
10172; 26; 0; 0; 1; 1; 1; 0; 1; 0
10175; 18; 0; 2; 1; 0; 0; 1; 0; 1
10180; 2; 0; 0; 1; 1; 1; 0; 1; 0
10190; 10; 0; 0; 1; 1; 1; 0; 1; 0
10197; 19; 0; 0; 1; 1; 1; 0; 1; 0
10199; 38; 0; 0; 1; 1; 1; 0; 1; 0
10200; 16; 2; 2; 1; 1; 0; 1; 0; 1
10202; 3; 0; 0; 1; 1; 1; 0; 1; 0
10203; 15; 0; 0; 1; 1; 1; 0; 1; 0
10206; 10; 0; 0; 1; 1; 1; 0; 1; 0
10211; 2; 0; 0; 1; 1; 1; 0; 1; 0
10216; 21; 0; 0; 1; 1; 1; 0; 1; 0
10223; 2; 0; 0; 1; 1; 1; 0; 1; 0
10227; 3; 1; 0; 0,333333333333333; 0,333333333333333; 1; 0; 1; 0
10233; 20; 0; 0; 1; 1; 1; 0; 1; 0
10236; 10; 0; 0; 1; 1; 1; 0; 1; 0
10237; 2; 0; 1; 1; 0; 0; 0; 0,334527279994034; 0,665472720005966
10240; 2; 0; 0; 1; 1; 1; 0; 1; 0
10242; 2; 0; 0; 1; 1; 1; 0; 1; 0
10246; 20; 0; 0; 1; 1; 1; 0; 1; 0
10248; 2; 0; 0; 1; 1; 1; 0; 1; 0
10251; 10; 0; 0; 1; 1; 1; 0; 1; 0
10254; 3; 0; 0; 1; 1; 1; 0; 1; 0
10269; 5; 0; 0; 1; 1; 1; 0; 1; 0
10301; 16; 0; 0; 1; 1; 1; 0; 1; 0
10309; 20; 0; 0; 1; 1; 1; 0; 1; 0
10314; 17; 0; 0; 1; 1; 1; 0; 1; 0
10319; 2; 0; 0; 1; 1; 1; 0; 1; 0
10330; 10; 0; 0; 1; 1; 1; 0; 1; 0
10333; 4; 2; 2; 1; 1; 0; 0; 0,499559359348612; 0,500440640651388
10337; 19; 0; 0; 1; 1; 1; 0; 1; 0
10362; 20; 0; 0; 1; 1; 1; 0; 1; 0
10363; 10; 0; 0; 1; 1; 1; 0; 1; 0
10364; 20; 0; 0; 1; 1; 1; 0; 1; 0
10366; 2; 1; 1; 1; 1; 0; 1; 0; 1
10368; 2; 0; 0; 1; 1; 1; 0; 1; 0
10378; 190; 0; 0; 1; 1; 1; 0; 1; 0
10384; 21; 0; 0; 1; 1; 1; 0; 1; 0
10386; 4; 0; 0; 1; 1; 1; 0; 1; 0
10389; 2; 0; 0; 1; 1; 1; 0; 1; 0
10390; 16; 2; 2; 1; 1; 0; 1; 0; 1
10391; 2; 0; 0; 1; 1; 1; 0; 1; 0
10405; 10; 0; 0; 1; 1; 1; 0; 1; 0
10409; 3; 0; 0; 1; 1; 1; 0; 1; 0
10411; 4; 0; 0; 1; 1; 1; 0; 1; 0
10442; 20; 0; 0; 1; 1; 1; 0; 1; 0
10453; 13; 0; 0; 1; 1; 1; 0; 1; 0
10466; 24; 0; 0; 1; 1; 1; 0; 1; 0
10468; 15; 0; 0; 1; 1; 1; 0; 1; 0
10478; 3; 2; 0; 1; 0; 1; 0; 1; 0
10508; 19; 0; 0; 1; 1; 1; 0; 1; 0
10517; 2; 0; 0; 1; 1; 1; 0; 1; 0
10526; 10; 0; 0; 1; 1; 1; 0; 1; 0
10528; 10; 0; 0; 1; 1; 1; 0; 1; 0
10540; 19; 0; 0; 1; 1; 1; 0; 1; 0
10544; 40; 0; 0; 1; 1; 1; 0; 1; 0
10545; 36; 0; 0; 1; 1; 1; 0; 1; 0
10557; 3; 0; 1; 1; 0; 0; 0; 0,42962995594171; 0,57037004405829
10558; 2; 0; 0; 1; 1; 1; 0; 1; 0
10575; 21; 0; 0; 1; 1; 1; 0; 1; 0
10579; 13; 0; 0; 1; 1; 1; 0; 1; 0
10580; 13; 0; 0; 1; 1; 1; 0; 1; 0
10586; 19; 0; 0; 1; 1; 1; 0; 1; 0
10589; 2; 1; 1; 0,5; 0,5; 0; 1; 0; 1
10602; 10; 0; 0; 1; 1; 1; 0; 1; 0
10603; 10; 0; 0; 1; 1; 1; 0; 1; 0
10604; 10; 0; 0; 1; 1; 1; 0; 1; 0
10614; 40; 0; 0; 1; 1; 1; 0; 1; 0
10618; 21; 0; 0; 1; 1; 1; 0; 1; 0
10621; 18; 0; 0; 1; 1; 1; 0; 1; 0
10628; 19; 0; 0; 1; 1; 1; 0; 1; 0
10635; 2; 0; 0; 1; 1; 1; 0; 1; 0
10641; 3; 2; 2; 1; 1; 0; 0; 0,375463052198349; 0,624536947801651
10645; 2; 1; 1; 1; 1; 0; 0; 0,166235758316226; 0,833764241683774
10651; 10; 0; 0; 1; 1; 1; 0; 1; 0
10652; 18; 0; 0; 1; 1; 1; 0; 1; 0
10654; 19; 0; 0; 1; 1; 1; 0; 1; 0
10660; 10; 0; 0; 1; 1; 1; 0; 1; 0
10661; 18; 0; 0; 1; 1; 1; 0; 1; 0
10662; 2; 1; 0; 1; 0; 1; 0; 1; 0
10664; 2; 0; 0; 1; 1; 1; 0; 1; 0
10670; 2; 0; 0; 1; 1; 1; 0; 1; 0
10675; 13; 0; 0; 1; 1; 1; 0; 1; 0
10678; 19; 0; 0; 1; 1; 1; 0; 1; 0
10679; 2; 0; 0; 1; 1; 1; 0; 1; 0
10687; 2; 0; 0; 1; 1; 1; 0; 1; 0
10691; 3; 0; 0; 1; 1; 1; 0; 1; 0
10694; 2; 1; 1; 1; 1; 0; 0; 0,500541875860553; 0,499458124139447
10699; 2; 1; 1; 1; 1; 0; 1; 0; 1
10709; 10; 0; 0; 1; 1; 1; 0; 1; 0
10733; 2; 1; 0; 0,5; 0,5; 1; 0; 1; 0
10734; 10; 0; 0; 1; 1; 1; 0; 1; 0
10735; 16; 0; 0; 1; 1; 1; 0; 1; 0
10749; 32; 0; 0; 1; 1; 1; 0; 1; 0
10753; 18; 0; 0; 1; 1; 1; 0; 1; 0
10767; 3; 1; 0; 0,333333333333333; 0,333333333333333; 1; 0; 1; 0
10771; 3; 1; 0; 0,333333333333333; 0,333333333333333; 1; 0; 1; 0
10777; 2; 0; 0; 1; 1; 1; 0; 1; 0
10791; 2; 0; 0; 1; 1; 1; 0; 1; 0
10806; 2; 0; 0; 1; 1; 1; 0; 1; 0
10813; 2; 0; 0; 1; 1; 1; 0; 1; 0
10827; 3; 0; 0; 1; 1; 1; 0; 1; 0
10830; 34; 1; 0; 1; 0; 1; 0; 1; 0
10833; 10; 0; 0; 1; 1; 1; 0; 1; 0
10841; 15; 0; 0; 1; 1; 1; 0; 1; 0
10844; 20; 0; 0; 1; 1; 1; 0; 1; 0
10872; 13; 0; 0; 1; 1; 1; 0; 1; 0
10876; 10; 0; 0; 1; 1; 1; 0; 1; 0
10883; 13; 0; 0; 1; 1; 1; 0; 1; 0
10888; 10; 0; 0; 1; 1; 1; 0; 1; 0
10909; 18; 0; 0; 1; 1; 1; 0; 1; 0
10917; 10; 0; 0; 1; 1; 1; 0; 1; 0
10919; 12; 0; 0; 1; 1; 1; 0; 1; 0
10921; 3; 0; 0; 1; 1; 1; 0; 1; 0
10964; 420; 0; 0; 1; 1; 1; 0; 1; 0
10969; 2; 0; 0; 1; 1; 1; 0; 1; 0
10975; 3; 0; 0; 1; 1; 1; 0; 1; 0
10976; 19; 0; 0; 1; 1; 1; 0; 1; 0
10984; 20; 0; 0; 1; 1; 1; 0; 1; 0
10989; 60; 0; 0; 1; 1; 1; 0; 1; 0
10990; 10; 2; 1; 1; 0; 0; 0; 0,374412460103123; 0,625587539896877
11009; 190; 0; 0; 1; 1; 1; 0; 1; 0
11013; 16; 0; 0; 1; 1; 1; 0; 1; 0
11015; 2; 0; 0; 1; 1; 1; 0; 1; 0
11017; 3; 1; 0; 1; 0; 1; 0; 1; 0
11025; 13; 1; 0; 1; 0; 1; 0; 1; 0
11028; 38; 0; 0; 1; 1; 1; 0; 1; 0
11030; 17; 0; 0; 1; 1; 1; 0; 1; 0
11032; 2; 1; 0; 1; 0; 1; 0; 1; 0
11034; 10; 0; 0; 1; 1; 1; 0; 1; 0
11044; 10; 0; 0; 1; 1; 1; 0; 1; 0
11046; 10; 0; 0; 1; 1; 1; 0; 1; 0
11055; 2; 1; 1; 1; 1; 0; 0; 0,286688520378863; 0,713311479621137
11065; 3; 0; 0; 1; 1; 1; 0; 1; 0
11090; 2; 0; 0; 1; 1; 1; 0; 1; 0
11097; 2; 0; 0; 1; 1; 1; 0; 1; 0
11102; 2; 0; 0; 1; 1; 1; 0; 1; 0
11109; 3; 0; 0; 1; 1; 1; 0; 1; 0
11113; 19; 0; 0; 1; 1; 1; 0; 1; 0
11116; 2; 0; 0; 1; 1; 1; 0; 1; 0
11119; 20; 0; 0; 1; 1; 1; 0; 1; 0
11120; 2; 0; 0; 1; 1; 1; 0; 1; 0
11121; 10; 0; 0; 1; 1; 1; 0; 1; 0
11138; 19; 0; 0; 1; 1; 1; 0; 1; 0
11151; 20; 0; 0; 1; 1; 1; 0; 1; 0
11158; 38; 0; 0; 1; 1; 1; 0; 1; 0
11164; 2; 0; 0; 1; 1; 1; 0; 1; 0
11167; 2; 0; 0; 1; 1; 1; 0; 1; 0
11172; 2; 0; 0; 1; 1; 1; 0; 1; 0
11182; 2; 0; 0; 1; 1; 1; 0; 1; 0
11203; 2; 0; 0; 1; 1; 1; 0; 1; 0
11208; 3; 2; 1; 1; 0; 0; 1; 0; 1
11215; 2; 1; 1; 1; 1; 0; 0; 0,201039223774681; 0,798960776225319
11220; 2; 1; 1; 1; 1; 0; 1; 0; 1
11226; 2; 1; 1; 1; 1; 0; 1; 0; 1
11229; 17; 0; 0; 1; 1; 1; 0; 1; 0
11232; 10; 0; 0; 1; 1; 1; 0; 1; 0
11233; 120; 0; 0; 1; 1; 1; 0; 1; 0
11234; 2; 1; 0; 1; 0; 1; 0; 1; 0
11255; 12; 0; 0; 1; 1; 1; 0; 1; 0
11283; 10; 0; 0; 1; 1; 1; 0; 1; 0
11285; 20; 0; 0; 1; 1; 1; 0; 1; 0
11290; 3; 0; 0; 1; 1; 1; 0; 1; 0
11292; 10; 0; 0; 1; 1; 1; 0; 1; 0
11295; 15; 0; 0; 1; 1; 1; 0; 1; 0
11298; 130; 0; 0; 1; 1; 1; 0; 1; 0
11306; 6; 2; 2; 1; 1; 0; 0; 0,373360885879541; 0,626639114120459
11309; 3; 2; 1; 1; 0; 0; 0; 0,427455470223897; 0,572544529776103
11315; 200; 0; 0; 1; 1; 1; 0; 1; 0
11317; 10; 5; 0; 0,5; 0,5; 1; 0; 1; 0
11319; 2; 1; 1; 1; 1; 0; 0; 0,200841092605046; 0,799158907394954
11320; 2; 0; 0; 1; 1; 1; 0; 1; 0
11321; 16; 0; 0; 1; 1; 1; 0; 1; 0
11323; 20; 0; 0; 1; 1; 1; 0; 1; 0
11329; 42; 0; 0; 1; 1; 1; 0; 1; 0
11352; 10; 0; 0; 1; 1; 1; 0; 1; 0
11354; 25; 0; 0; 1; 1; 1; 0; 1; 0
11356; 10; 0; 0; 1; 1; 1; 0; 1; 0
11365; 2; 1; 1; 0,5; 0,5; 0; 0; 0,555164323560495; 0,444835676439505
11373; 20; 0; 0; 1; 1; 1; 0; 1; 0
11381; 20; 0; 0; 1; 1; 1; 0; 1; 0
11396; 2; 1; 1; 1; 1; 0; 1; 0; 1
11402; 20; 0; 0; 1; 1; 1; 0; 1; 0
11406; 42; 0; 0; 1; 1; 1; 0; 1; 0
11414; 20; 0; 0; 1; 1; 1; 0; 1; 0
11415; 2; 1; 1; 1; 1; 0; 0; 0,199321718519391; 0,800678281480609
11442; 2; 0; 0; 1; 1; 1; 0; 1; 0
11453; 21; 0; 0; 1; 1; 1; 0; 1; 0
11476; 19; 0; 0; 1; 1; 1; 0; 1; 0
11477; 2; 0; 0; 1; 1; 1; 0; 1; 0
11479; 10; 1; 2; 1; 0; 0; 0; 0,334096601996542; 0,665903398003458
11489; 2; 1; 0; 1; 0; 1; 0; 1; 0
11494; 19; 0; 0; 1; 1; 1; 0; 1; 0
11496; 2; 0; 0; 1; 1; 1; 0; 1; 0
11499; 4; 0; 0; 1; 1; 1; 0; 1; 0
11500; 2; 1; 1; 1; 1; 0; 1; 0; 1
11508; 190; 0; 0; 1; 1; 1; 0; 1; 0
11513; 2; 0; 0; 1; 1; 1; 0; 1; 0
11534; 13; 0; 0; 1; 1; 1; 0; 1; 0
11537; 2; 0; 0; 1; 1; 1; 0; 1; 0
11547; 13; 0; 0; 1; 1; 1; 0; 1; 0
11552; 2; 0; 0; 1; 1; 1; 0; 1; 0
11553; 17; 0; 0; 1; 1; 1; 0; 1; 0
11555; 20; 0; 0; 1; 1; 1; 0; 1; 0
11556; 15; 0; 0; 1; 1; 1; 0; 1; 0
11569; 2; 0; 0; 1; 1; 1; 0; 1; 0
11581; 10; 0; 0; 1; 1; 1; 0; 1; 0
11583; 130; 0; 0; 1; 1; 1; 0; 1; 0
11591; 18; 0; 0; 1; 1; 1; 0; 1; 0
11599; 120; 0; 0; 1; 1; 1; 0; 1; 0
11607; 4; 0; 0; 1; 1; 1; 0; 1; 0
11608; 100; 10; 20; 1; 0; 0; 0; 0,334096601996542; 0,665903398003458
11613; 20; 0; 1; 1; 0; 0; 0; 0,374720925220588; 0,625279074779412
11621; 3; 0; 0; 1; 1; 1; 0; 1; 0
11628; 24; 0; 0; 1; 1; 1; 0; 1; 0
11633; 16; 0; 0; 1; 1; 1; 0; 1; 0
11635; 2; 0; 0; 1; 1; 1; 0; 1; 0
11655; 5; 0; 0; 1; 1; 1; 0; 1; 0
11657; 3; 0; 0; 1; 1; 1; 0; 1; 0
11658; 20; 0; 0; 1; 1; 1; 0; 1; 0
11660; 19; 0; 0; 1; 1; 1; 0; 1; 0
11663; 2; 0; 0; 1; 1; 1; 0; 1; 0
11666; 13; 0; 0; 1; 1; 1; 0; 1; 0
11668; 21; 0; 0; 1; 1; 1; 0; 1; 0
11680; 14; 0; 0; 1; 1; 1; 0; 1; 0
11685; 2; 1; 1; 1; 1; 0; 1; 0; 1
11687; 10; 0; 0; 1; 1; 1; 0; 1; 0
11697; 2; 1; 0; 1; 0; 1; 0; 1; 0
11711; 3; 1; 1; 1; 1; 0; 0; 0,428193131701094; 0,571806868298906
11723; 36; 0; 0; 1; 1; 1; 0; 1; 0
11729; 2; 1; 1; 1; 1; 0; 1; 0; 1
11749; 10; 0; 0; 1; 1; 1; 0; 1; 0
11760; 32; 0; 0; 1; 1; 1; 0; 1; 0
11775; 3; 0; 0; 1; 1; 1; 0; 1; 0
11788; 13; 0; 0; 1; 1; 1; 0; 1; 0
11810; 13; 0; 0; 1; 1; 1; 0; 1; 0
11816; 2; 0; 0; 1; 1; 1; 0; 1; 0
11822; 2; 0; 0; 1; 1; 1; 0; 1; 0
11839; 2; 0; 0; 1; 1; 1; 0; 1; 0
11853; 100; 0; 0; 1; 1; 1; 0; 1; 0
11854; 2; 0; 0; 1; 1; 1; 0; 1; 0
11860; 4; 0; 0; 1; 1; 1; 0; 1; 0
11886; 26; 0; 0; 1; 1; 1; 0; 1; 0
11888; 3; 0; 0; 1; 1; 1; 0; 1; 0
11910; 2; 1; 1; 1; 1; 0; 0; 0,375294530866814; 0,624705469133186
11921; 3; 0; 0; 1; 1; 1; 0; 1; 0
11935; 2; 0; 0; 1; 1; 1; 0; 1; 0
11944; 2; 0; 0; 1; 1; 1; 0; 1; 0
11949; 20; 0; 0; 1; 1; 1; 0; 1; 0
11950; 2; 1; 1; 1; 1; 0; 0; 0,285005246889132; 0,714994753110868
11953; 10; 0; 0; 1; 1; 1; 0; 1; 0
11957; 2; 0; 0; 1; 1; 1; 0; 1; 0
11960; 10; 0; 0; 1; 1; 1; 0; 1; 0
11964; 2; 0; 0; 1; 1; 1; 0; 1; 0
11967; 20; 0; 0; 1; 1; 1; 0; 1; 0
11968; 10; 0; 0; 1; 1; 1; 0; 1; 0
11973; 3; 2; 2; 0,333333333333333; 0,333333333333333; 0; 0; 0,500296553284424; 0,499703446715576
11980; 20; 0; 0; 1; 1; 1; 0; 1; 0
11987; 18; 0; 0; 1; 1; 1; 0; 1; 0
11994; 2; 0; 0; 1; 1; 1; 0; 1; 0
11996; 26; 0; 0; 1; 1; 1; 0; 1; 0
12014; 10; 0; 0; 1; 1; 1; 0; 1; 0
12024; 10; 0; 0; 1; 1; 1; 0; 1; 0
12037; 2; 1; 1; 1; 1; 0; 0; 0,201039223774681; 0,798960776225319
12045; 20; 0; 0; 1; 1; 1; 0; 1; 0
12051; 2; 0; 0; 1; 1; 1; 0; 1; 0
12055; 20; 0; 0; 1; 1; 1; 0; 1; 0
12082; 2; 1; 1; 1; 1; 0; 0; 0,332035938147038; 0,667964061852961
12097; 2; 0; 0; 1; 1; 1; 0; 1; 0
12105; 10; 0; 0; 1; 1; 1; 0; 1; 0
12113; 3; 0; 0; 1; 1; 1; 0; 1; 0
12120; 140; 130; 0; 0,0714285714285714; 0,0714285714285714; 1; 0; 1; 0
12122; 2; 0; 0; 1; 1; 1; 0; 1; 0
12135; 16; 0; 0; 1; 1; 1; 0; 1; 0
12162; 20; 1; 1; 1; 1; 0; 0; 0,500982722141372; 0,499017277858628
12163; 13; 0; 0; 1; 1; 1; 0; 1; 0
12168; 19; 0; 0; 1; 1; 1; 0; 1; 0
12175; 100; 0; 0; 1; 1; 1; 0; 1; 0
12181; 3; 2; 2; 1; 1; 0; 0; 0,142372756625983; 0,857627243374017
12192; 5; 0; 0; 1; 1; 1; 0; 1; 0
12195; 10; 0; 0; 1; 1; 1; 0; 1; 0
12199; 130; 0; 0; 1; 1; 1; 0; 1; 0
12213; 4; 0; 1; 1; 0; 0; 0; 0,428699230058299; 0,571300769941701
12216; 2; 1; 1; 0,5; 0,5; 0; 0; 0,200779093022428; 0,799220906977572
12221; 21; 0; 0; 1; 1; 1; 0; 1; 0
12223; 2; 1; 1; 1; 1; 0; 0; 0,50057903542205; 0,49942096457795
12226; 18; 0; 0; 1; 1; 1; 0; 1; 0
12227; 2; 0; 0; 1; 1; 1; 0; 1; 0
12228; 17; 0; 0; 1; 1; 1; 0; 1; 0
12235; 20; 0; 0; 1; 1; 1; 0; 1; 0
12237; 19; 18; 0; 0,0526315789473684; 0,0526315789473684; 1; 0; 1; 0
12242; 19; 0; 0; 1; 1; 1; 0; 1; 0
12248; 20; 0; 0; 1; 1; 1; 0; 1; 0
12251; 2; 0; 0; 1; 1; 1; 0; 1; 0
12257; 2; 0; 0; 1; 1; 1; 0; 1; 0
12258; 21; 0; 0; 1; 1; 1; 0; 1; 0
12273; 10; 0; 0; 1; 1; 1; 0; 1; 0
12280; 2; 0; 0; 1; 1; 1; 0; 1; 0
12288; 10; 2; 2; 1; 1; 0; 0; 0,428139817652065; 0,571860182347935
12294; 2; 0; 0; 1; 1; 1; 0; 1; 0
12299; 10; 0; 0; 1; 1; 1; 0; 1; 0
12325; 13; 0; 0; 1; 1; 1; 0; 1; 0
12335; 2; 0; 0; 1; 1; 1; 0; 1; 0
12345; 2; 1; 1; 0,5; 0,5; 0; 0; 0,375500770298765; 0,624499229701235
12348; 2; 0; 0; 1; 1; 1; 0; 1; 0
12360; 20; 0; 0; 1; 1; 1; 0; 1; 0
12365; 200; 0; 0; 1; 1; 1; 0; 1; 0
12372; 10; 0; 0; 1; 1; 1; 0; 1; 0
12373; 12; 0; 0; 1; 1; 1; 0; 1; 0
12383; 17; 0; 0; 1; 1; 1; 0; 1; 0
12399; 2; 0; 0; 1; 1; 1; 0; 1; 0
12404; 2; 0; 0; 1; 1; 1; 0; 1; 0
12411; 10; 0; 0; 1; 1; 1; 0; 1; 0
12413; 2; 0; 0; 1; 1; 1; 0; 1; 0
12427; 5; 0; 0; 1; 1; 1; 0; 1; 0
12431; 10; 0; 0; 1; 1; 1; 0; 1; 0
12434; 10; 0; 0; 1; 1; 1; 0; 1; 0
12440; 15; 0; 0; 1; 1; 1; 0; 1; 0
12462; 2; 1; 1; 1; 1; 0; 0; 0,37332442403865; 0,62667557596135
12486; 10; 0; 0; 1; 1; 1; 0; 1; 0
12489; 42; 0; 0; 1; 1; 1; 0; 1; 0
12497; 2; 1; 1; 1; 1; 0; 0; 0,333669138936367; 0,666330861063633
12503; 13; 0; 0; 1; 1; 1; 0; 1; 0
12505; 3; 2; 0; 1; 0; 1; 0; 1; 0
12513; 2; 1; 0; 1; 0; 1; 0; 1; 0
12514; 18; 17; 2; 0,0555555555555555; 0,0555555555555555; 0; 0; 0,249892735179635; 0,750107264820365
12515; 26; 0; 0; 1; 1; 1; 0; 1; 0
12521; 2; 1; 1; 1; 1; 0; 1; 0; 1
12535; 34; 1; 1; 1; 1; 0; 0; 0,500541875860553; 0,499458124139447
12541; 18; 0; 0; 1; 1; 1; 0; 1; 0
12542; 10; 0; 0; 1; 1; 1; 0; 1; 0
12551; 2; 0; 0; 1; 1; 1; 0; 1; 0
12552; 3; 2; 2; 1; 1; 0; 0; 0,55486343467288; 0,44513656532712
12555; 2; 0; 0; 1; 1; 1; 0; 1; 0
12556; 2; 0; 0; 1; 1; 1; 0; 1; 0
12568; 10; 0; 0; 1; 1; 1; 0; 1; 0
12573; 2; 0; 0; 1; 1; 1; 0; 1; 0
12574; 16; 1; 1; 1; 1; 0; 0; 0,500369451615935; 0,499630548384065
12581; 3; 0; 0; 1; 1; 1; 0; 1; 0
12583; 2; 0; 0; 1; 1; 1; 0; 1; 0
12589; 2; 0; 0; 1; 1; 1; 0; 1; 0
12590; 21; 0; 0; 1; 1; 1; 0; 1; 0
12595; 2; 1; 1; 0,5; 0,5; 0; 0; 0,499975874235971; 0,500024125764029
12625; 4; 1; 0; 0,5; 0,5; 1; 0; 1; 0
12636; 2; 1; 1; 1; 1; 0; 0; 0,165763172882916; 0,834236827117084
12639; 3; 0; 1; 1; 0; 0; 0; 0,334493569497677; 0,665506430502323
12642; 21; 0; 0; 1; 1; 1; 0; 1; 0
12652; 2; 1; 1; 1; 1; 0; 1; 0; 1
12661; 10; 1; 0; 0,5; 0,5; 1; 0; 1; 0
12670; 10; 2; 2; 1; 1; 0; 1; 0; 1
12675; 2; 0; 0; 1; 1; 1; 0; 1; 0
12677; 2; 0; 0; 1; 1; 1; 0; 1; 0
12689; 10; 0; 0; 1; 1; 1; 0; 1; 0
12711; 2; 1; 0; 1; 0; 1; 0; 1; 0
12724; 20; 0; 0; 1; 1; 1; 0; 1; 0
12726; 10; 1; 1; 1; 1; 0; 1; 0; 1
12741; 3; 0; 0; 1; 1; 1; 0; 1; 0
12743; 4; 0; 0; 1; 1; 1; 0; 1; 0
12744; 10; 0; 0; 1; 1; 1; 0; 1; 0
12750; 20; 0; 0; 1; 1; 1; 0; 1; 0
12758; 26; 0; 0; 1; 1; 1; 0; 1; 0
12762; 20; 0; 0; 1; 1; 1; 0; 1; 0
12765; 18; 0; 0; 1; 1; 1; 0; 1; 0
12780; 200; 0; 0; 1; 1; 1; 0; 1; 0
12793; 2; 1; 1; 1; 1; 0; 0; 0,284336450596356; 0,715663549403644
12794; 10; 1; 2; 1; 0; 0; 0; 0,142183494865268; 0,857816505134732
12804; 4; 2; 2; 1; 1; 0; 0; 0,498575762700507; 0,501424237299493
12829; 2; 1; 1; 1; 1; 0; 1; 0; 1
12833; 20; 0; 0; 1; 1; 1; 0; 1; 0
12834; 2; 0; 0; 1; 1; 1; 0; 1; 0
12840; 100; 90; 0; 0,1; 0,1; 1; 0; 1; 0
12850; 10; 0; 0; 1; 1; 1; 0; 1; 0
12868; 2; 0; 0; 1; 1; 1; 0; 1; 0
12896; 2; 0; 0; 1; 1; 1; 0; 1; 0
12901; 18; 0; 0; 1; 1; 1; 0; 1; 0
12911; 2; 0; 0; 1; 1; 1; 0; 1; 0
12916; 10; 0; 0; 1; 1; 1; 0; 1; 0
12920; 10; 0; 0; 1; 1; 1; 0; 1; 0
12937; 16; 0; 0; 1; 1; 1; 0; 1; 0
12940; 21; 0; 0; 1; 1; 1; 0; 1; 0
12963; 10; 0; 0; 1; 1; 1; 0; 1; 0
12965; 10; 0; 0; 1; 1; 1; 0; 1; 0
12986; 42; 0; 0; 1; 1; 1; 0; 1; 0
12996; 5; 0; 0; 1; 1; 1; 0; 1; 0
13000; 13; 0; 0; 1; 1; 1; 0; 1; 0
13011; 10; 0; 0; 1; 1; 1; 0; 1; 0
13026; 100; 0; 0; 1; 1; 1; 0; 1; 0
13029; 10; 0; 0; 1; 1; 1; 0; 1; 0
13030; 2; 0; 1; 1; 0; 0; 0; 0,285005246889132; 0,714994753110868
13047; 2; 0; 0; 1; 1; 1; 0; 1; 0
13049; 36; 0; 0; 1; 1; 1; 0; 1; 0
13051; 10; 0; 0; 1; 1; 1; 0; 1; 0
13055; 20; 19; 0; 0,05; 0,05; 1; 0; 1; 0
13062; 2; 0; 0; 1; 1; 1; 0; 1; 0
13069; 2; 0; 0; 1; 1; 1; 0; 1; 0
13070; 36; 0; 0; 1; 1; 1; 0; 1; 0
13075; 36; 0; 0; 1; 1; 1; 0; 1; 0
13082; 2; 0; 0; 1; 1; 1; 0; 1; 0
13086; 2; 0; 1; 1; 0; 0; 1; 0; 1
13091; 13; 0; 0; 1; 1; 1; 0; 1; 0
13097; 10; 0; 0; 1; 1; 1; 0; 1; 0
13099; 2; 1; 1; 1; 1; 0; 0; 0,500328682570807; 0,499671317429193
13103; 10; 9; 0; 0,1; 0,1; 1; 0; 1; 0
13106; 2; 0; 0; 1; 1; 1; 0; 1; 0
13118; 10; 0; 0; 1; 1; 1; 0; 1; 0
13128; 10; 0; 0; 1; 1; 1; 0; 1; 0
13130; 2; 0; 0; 1; 1; 1; 0; 1; 0
13146; 4; 0; 0; 1; 1; 1; 0; 1; 0
13147; 18; 0; 0; 1; 1; 1; 0; 1; 0
13150; 2; 0; 0; 1; 1; 1; 0; 1; 0
13151; 130; 0; 0; 1; 1; 1; 0; 1; 0
13154; 18; 0; 0; 1; 1; 1; 0; 1; 0
13170; 120; 0; 0; 1; 1; 1; 0; 1; 0
13191; 2; 0; 0; 1; 1; 1; 0; 1; 0
13195; 2; 1; 1; 1; 1; 0; 1; 0; 1
13209; 32; 0; 0; 1; 1; 1; 0; 1; 0
13212; 20; 0; 0; 1; 1; 1; 0; 1; 0
13214; 19; 0; 0; 1; 1; 1; 0; 1; 0
13236; 20; 10; 10; 1; 1; 0; 0; 0,375515686643582; 0,624484313356419
13237; 19; 0; 0; 1; 1; 1; 0; 1; 0
13267; 2; 1; 0; 0,5; 0,5; 1; 0; 1; 0
13283; 2; 1; 1; 1; 1; 0; 0; 0,200879422189546; 0,799120577810454
13301; 2; 0; 0; 1; 1; 1; 0; 1; 0
13303; 10; 0; 0; 1; 1; 1; 0; 1; 0
13312; 2; 1; 1; 1; 1; 0; 0; 0,167778740196937; 0,832221259803063
13325; 13; 0; 0; 1; 1; 1; 0; 1; 0
13328; 3; 0; 1; 1; 0; 0; 0; 0,555715636858553; 0,444284363141447
13346; 2; 1; 1; 1; 1; 0; 1; 0; 1
13357; 12; 0; 0; 1; 1; 1; 0; 1; 0
13363; 2; 0; 0; 1; 1; 1; 0; 1; 0
13373; 2; 0; 0; 1; 1; 1; 0; 1; 0
13378; 2; 1; 0; 1; 0; 1; 0; 1; 0
13400; 10; 0; 0; 1; 1; 1; 0; 1; 0
13405; 20; 0; 0; 1; 1; 1; 0; 1; 0
13418; 2; 0; 0; 1; 1; 1; 0; 1; 0
13422; 3; 0; 0; 1; 1; 1; 0; 1; 0
13424; 2; 1; 1; 1; 1; 0; 0; 0,200879422189546; 0,799120577810454
13428; 10; 0; 0; 1; 1; 1; 0; 1; 0
13430; 10; 0; 0; 1; 1; 1; 0; 1; 0
13433; 12; 0; 0; 1; 1; 1; 0; 1; 0
13441; 289; 0; 0; 1; 1; 1; 0; 1; 0
13445; 13; 0; 0; 1; 1; 1; 0; 1; 0
13463; 32; 0; 0; 1; 1; 1; 0; 1; 0
13470; 20; 0; 0; 1; 1; 1; 0; 1; 0
13472; 20; 0; 0; 1; 1; 1; 0; 1; 0
13494; 190; 0; 0; 1; 1; 1; 0; 1; 0
13503; 2; 1; 1; 1; 1; 0; 0; 0,286992564625691; 0,713007435374309
13523; 2; 0; 0; 1; 1; 1; 0; 1; 0
13525; 2; 1; 1; 1; 1; 0; 1; 0; 1
13526; 10; 0; 0; 1; 1; 1; 0; 1; 0
13571; 2; 0; 0; 1; 1; 1; 0; 1; 0
13572; 18; 0; 0; 1; 1; 1; 0; 1; 0
13585; 2; 0; 0; 1; 1; 1; 0; 1; 0
13586; 18; 0; 0; 1; 1; 1; 0; 1; 0
13597; 13; 0; 0; 1; 1; 1; 0; 1; 0
13603; 19; 0; 0; 1; 1; 1; 0; 1; 0
13607; 10; 0; 0; 1; 1; 1; 0; 1; 0
13612; 10; 0; 0; 1; 1; 1; 0; 1; 0
13614; 10; 0; 0; 1; 1; 1; 0; 1; 0
13636; 10; 0; 0; 1; 1; 1; 0; 1; 0
13638; 19; 0; 0; 1; 1; 1; 0; 1; 0
13644; 20; 0; 0; 1; 1; 1; 0; 1; 0
13645; 2; 1; 1; 1; 1; 0; 1; 0; 1
13653; 2; 1; 1; 1; 1; 0; 0; 0,284346236596944; 0,715653763403056
13660; 21; 0; 3; 1; 0; 0; 1; 0; 1
13689; 10; 0; 0; 1; 1; 1; 0; 1; 0
13691; 3; 0; 0; 1; 1; 1; 0; 1; 0
13708; 19; 0; 0; 1; 1; 1; 0; 1; 0
13720; 21; 0; 0; 1; 1; 1; 0; 1; 0
13735; 15; 0; 0; 1; 1; 1; 0; 1; 0
13737; 10; 0; 0; 1; 1; 1; 0; 1; 0
13739; 16; 0; 0; 1; 1; 1; 0; 1; 0
13746; 10; 0; 0; 1; 1; 1; 0; 1; 0
13747; 2; 1; 0; 1; 0; 1; 0; 1; 0
13751; 4; 0; 0; 1; 1; 1; 0; 1; 0
13762; 2; 0; 0; 1; 1; 1; 0; 1; 0
13766; 20; 0; 0; 1; 1; 1; 0; 1; 0
13786; 2; 0; 0; 1; 1; 1; 0; 1; 0
13797; 20; 3; 4; 0,5; 0; 0; 0; 0,334762845685201; 0,665237154314799
13803; 10; 0; 0; 1; 1; 1; 0; 1; 0
13836; 10; 0; 0; 1; 1; 1; 0; 1; 0
13846; 10; 3; 0; 1; 0; 1; 0; 1; 0
13848; 18; 0; 0; 1; 1; 1; 0; 1; 0
13855; 4; 0; 0; 1; 1; 1; 0; 1; 0
13858; 10; 0; 0; 1; 1; 1; 0; 1; 0
13859; 10; 0; 0; 1; 1; 1; 0; 1; 0
13874; 2; 0; 0; 1; 1; 1; 0; 1; 0
13880; 40; 1; 0; 0,5; 0,5; 1; 0; 1; 0
13886; 2; 1; 0; 0,5; 0,5; 1; 0; 1; 0
13894; 18; 0; 0; 1; 1; 1; 0; 1; 0
13897; 2; 0; 0; 1; 1; 1; 0; 1; 0
13898; 36; 0; 0; 1; 1; 1; 0; 1; 0
13905; 10; 0; 0; 1; 1; 1; 0; 1; 0
13907; 20; 18; 0; 0,1; 0,1; 1; 0; 1; 0
13927; 18; 0; 0; 1; 1; 1; 0; 1; 0
13937; 2; 0; 0; 1; 1; 1; 0; 1; 0
13942; 10; 0; 0; 1; 1; 1; 0; 1; 0
13943; 10; 0; 0; 1; 1; 1; 0; 1; 0
13947; 2; 0; 0; 1; 1; 1; 0; 1; 0
13951; 10; 0; 0; 1; 1; 1; 0; 1; 0
13954; 22; 0; 0; 1; 1; 1; 0; 1; 0
13962; 10; 0; 0; 1; 1; 1; 0; 1; 0
13966; 5; 0; 0; 1; 1; 1; 0; 1; 0
13974; 2; 0; 0; 1; 1; 1; 0; 1; 0
13985; 10; 0; 0; 1; 1; 1; 0; 1; 0
13987; 3; 0; 0; 1; 1; 1; 0; 1; 0
13993; 2; 0; 0; 1; 1; 1; 0; 1; 0
13996; 3; 1; 1; 1; 1; 0; 0; 0,499871699868275; 0,500128300131725
14014; 10; 0; 0; 1; 1; 1; 0; 1; 0
14020; 2; 0; 0; 1; 1; 1; 0; 1; 0
14029; 32; 0; 0; 1; 1; 1; 0; 1; 0
14032; 19; 0; 0; 1; 1; 1; 0; 1; 0
14036; 10; 0; 0; 1; 1; 1; 0; 1; 0
14059; 3; 0; 0; 1; 1; 1; 0; 1; 0
14072; 10; 0; 0; 1; 1; 1; 0; 1; 0
14073; 10; 0; 0; 1; 1; 1; 0; 1; 0
14089; 10; 1; 2; 1; 0; 0; 1; 0; 1
14090; 32; 0; 0; 1; 1; 1; 0; 1; 0
14094; 20; 0; 0; 1; 1; 1; 0; 1; 0
14104; 44; 0; 0; 1; 1; 1; 0; 1; 0
14110; 2; 0; 0; 1; 1; 1; 0; 1; 0
14119; 20; 0; 0; 1; 1; 1; 0; 1; 0
14126; 18; 0; 0; 1; 1; 1; 0; 1; 0
14128; 20; 1; 0; 1; 0; 1; 0; 1; 0
14133; 21; 0; 3; 1; 0; 0; 1; 0; 1
14139; 20; 0; 0; 1; 1; 1; 0; 1; 0
14148; 2; 0; 0; 1; 1; 1; 0; 1; 0
14153; 20; 0; 0; 1; 1; 1; 0; 1; 0
14166; 20; 0; 0; 1; 1; 1; 0; 1; 0
14182; 2; 0; 0; 1; 1; 1; 0; 1; 0
14185; 2; 0; 0; 1; 1; 1; 0; 1; 0
14195; 28; 0; 0; 1; 1; 1; 0; 1; 0
14196; 2; 1; 0; 1; 0; 1; 0; 1; 0
14198; 18; 0; 0; 1; 1; 1; 0; 1; 0
14206; 2; 0; 0; 1; 1; 1; 0; 1; 0
14210; 4; 0; 0; 1; 1; 1; 0; 1; 0
14214; 2; 0; 0; 1; 1; 1; 0; 1; 0
14218; 10; 0; 0; 1; 1; 1; 0; 1; 0
14219; 18; 0; 0; 1; 1; 1; 0; 1; 0
14222; 3; 0; 0; 1; 1; 1; 0; 1; 0
14225; 100; 0; 0; 1; 1; 1; 0; 1; 0
14231; 10; 0; 0; 1; 1; 1; 0; 1; 0
14237; 10; 0; 0; 1; 1; 1; 0; 1; 0
14242; 3; 0; 0; 1; 1; 1; 0; 1; 0
14247; 16; 2; 0; 1; 0; 1; 0; 1; 0
14267; 5; 0; 0; 1; 1; 1; 0; 1; 0
14268; 2; 0; 0; 1; 1; 1; 0; 1; 0
14269; 3; 2; 0; 0,333333333333333; 0,333333333333333; 1; 0; 1; 0
14287; 2; 0; 0; 1; 1; 1; 0; 1; 0
14291; 2; 0; 0; 1; 1; 1; 0; 1; 0
14292; 2; 1; 1; 1; 1; 0; 1; 0; 1
14303; 10; 0; 0; 1; 1; 1; 0; 1; 0
14305; 10; 0; 0; 1; 1; 1; 0; 1; 0
14316; 3; 0; 0; 1; 1; 1; 0; 1; 0
14324; 200; 0; 0; 1; 1; 1; 0; 1; 0
14326; 20; 0; 0; 1; 1; 1; 0; 1; 0
14330; 2; 0; 0; 1; 1; 1; 0; 1; 0
14333; 2; 0; 0; 1; 1; 1; 0; 1; 0
14339; 3; 0; 0; 1; 1; 1; 0; 1; 0
14347; 4; 0; 0; 1; 1; 1; 0; 1; 0
14350; 17; 0; 0; 1; 1; 1; 0; 1; 0
14361; 4; 0; 0; 1; 1; 1; 0; 1; 0
14364; 2; 1; 0; 1; 0; 1; 0; 1; 0
14365; 40; 0; 0; 1; 1; 1; 0; 1; 0
14370; 20; 0; 0; 1; 1; 1; 0; 1; 0
14371; 13; 12; 0; 0,0769230769230769; 0,0769230769230769; 1; 0; 1; 0
14388; 10; 0; 0; 1; 1; 1; 0; 1; 0
14390; 10; 0; 0; 1; 1; 1; 0; 1; 0
14392; 2; 0; 0; 1; 1; 1; 0; 1; 0
14416; 20; 0; 0; 1; 1; 1; 0; 1; 0
14428; 18; 0; 0; 1; 1; 1; 0; 1; 0
14436; 20; 0; 0; 1; 1; 1; 0; 1; 0
14444; 21; 0; 0; 1; 1; 1; 0; 1; 0
14445; 3; 2; 1; 1; 0; 0; 0; 0,124064872384778; 0,875935127615222
14453; 2; 0; 0; 1; 1; 1; 0; 1; 0
14455; 10; 0; 0; 1; 1; 1; 0; 1; 0
14463; 2; 1; 1; 1; 1; 0; 0; 0,375557317983357; 0,624442682016643
14464; 10; 0; 0; 1; 1; 1; 0; 1; 0
14468; 22; 2; 4; 1; 0; 0; 1; 0; 1
14477; 10; 0; 4; 1; 0; 0; 0; 0,200141564479668; 0,799858435520332
14491; 2; 1; 0; 1; 0; 1; 0; 1; 0
14495; 10; 0; 0; 1; 1; 1; 0; 1; 0
14501; 20; 0; 0; 1; 1; 1; 0; 1; 0
14508; 100; 0; 0; 1; 1; 1; 0; 1; 0
14519; 2; 0; 0; 1; 1; 1; 0; 1; 0
14520; 2; 0; 0; 1; 1; 1; 0; 1; 0
14524; 21; 0; 0; 1; 1; 1; 0; 1; 0
14555; 289; 0; 0; 1; 1; 1; 0; 1; 0
14562; 2; 0; 1; 1; 0; 0; 1; 0; 1
14570; 21; 0; 0; 1; 1; 1; 0; 1; 0
14573; 4; 0; 0; 1; 1; 1; 0; 1; 0
14576; 19; 0; 0; 1; 1; 1; 0; 1; 0
14586; 190; 0; 0; 1; 1; 1; 0; 1; 0
14591; 3; 1; 0; 1; 0; 1; 0; 1; 0
14609; 272; 0; 0; 1; 1; 1; 0; 1; 0
14618; 20; 0; 0; 1; 1; 1; 0; 1; 0
14625; 19; 0; 0; 1; 1; 1; 0; 1; 0
14626; 2; 0; 0; 1; 1; 1; 0; 1; 0
14634; 10; 0; 0; 1; 1; 1; 0; 1; 0
14637; 18; 0; 2; 1; 0; 0; 0; 0,24955059760627; 0,75044940239373
14642; 2; 1; 1; 1; 1; 0; 0; 0,284346236596944; 0,715653763403056
14643; 12; 0; 0; 1; 1; 1; 0; 1; 0
14650; 10; 0; 0; 1; 1; 1; 0; 1; 0
14656; 190; 0; 0; 1; 1; 1; 0; 1; 0
14664; 22; 0; 0; 1; 1; 1; 0; 1; 0
14666; 22; 0; 0; 1; 1; 1; 0; 1; 0
14674; 10; 0; 0; 1; 1; 1; 0; 1; 0
14677; 10; 0; 0; 1; 1; 1; 0; 1; 0
14681; 19; 0; 0; 1; 1; 1; 0; 1; 0
14682; 100; 0; 0; 1; 1; 1; 0; 1; 0
14685; 19; 0; 0; 1; 1; 1; 0; 1; 0
14702; 10; 2; 2; 1; 1; 0; 0; 0,499204896857961; 0,500795103142039
14711; 10; 0; 0; 1; 1; 1; 0; 1; 0
14719; 20; 0; 0; 1; 1; 1; 0; 1; 0
14721; 54; 0; 0; 1; 1; 1; 0; 1; 0
14724; 3; 2; 1; 1; 0; 0; 0; 0,124080736305665; 0,875919263694335
14734; 10; 0; 0; 1; 1; 1; 0; 1; 0
14740; 16; 0; 0; 1; 1; 1; 0; 1; 0
14762; 2; 0; 0; 1; 1; 1; 0; 1; 0
14764; 10; 0; 0; 1; 1; 1; 0; 1; 0
14789; 2; 0; 0; 1; 1; 1; 0; 1; 0
14795; 22; 2; 2; 1; 1; 0; 0; 0,334088299703798; 0,665911700296202
14811; 54; 0; 0; 1; 1; 1; 0; 1; 0
14818; 18; 0; 0; 1; 1; 1; 0; 1; 0
14826; 2; 0; 0; 1; 1; 1; 0; 1; 0
14827; 3; 2; 2; 1; 1; 0; 0; 0,251893145886257; 0,748106854113743
14829; 2; 0; 0; 1; 1; 1; 0; 1; 0
14830; 3; 0; 0; 1; 1; 1; 0; 1; 0
14833; 2; 1; 0; 1; 0; 1; 0; 1; 0
14834; 20; 0; 0; 1; 1; 1; 0; 1; 0
14837; 4; 1; 1; 1; 1; 0; 0; 0,571367379505052; 0,428632620494948
14838; 306; 0; 0; 1; 1; 1; 0; 1; 0
14851; 2; 0; 0; 1; 1; 1; 0; 1; 0
14852; 2; 1; 1; 1; 1; 0; 0; 0,374326657004649; 0,625673342995351
14853; 2; 0; 0; 1; 1; 1; 0; 1; 0
14858; 340; 0; 0; 1; 1; 1; 0; 1; 0
14862; 2; 0; 0; 1; 1; 1; 0; 1; 0
14867; 30; 0; 0; 1; 1; 1; 0; 1; 0
14872; 20; 0; 0; 1; 1; 1; 0; 1; 0
14874; 3; 2; 2; 1; 1; 0; 0; 0,375463052198349; 0,624536947801651
14891; 2; 0; 0; 1; 1; 1; 0; 1; 0
14893; 22; 0; 0; 1; 1; 1; 0; 1; 0
14895; 2; 0; 0; 1; 1; 1; 0; 1; 0
14917; 3; 0; 0; 1; 1; 1; 0; 1; 0
14922; 10; 0; 0; 1; 1; 1; 0; 1; 0
14931; 10; 0; 0; 1; 1; 1; 0; 1; 0
14934; 19; 0; 0; 1; 1; 1; 0; 1; 0
14942; 2; 1; 0; 1; 0; 1; 0; 1; 0
14943; 20; 0; 0; 1; 1; 1; 0; 1; 0
14947; 2; 0; 0; 1; 1; 1; 0; 1; 0
14953; 3; 1; 0; 1; 0; 1; 0; 1; 0
14954; 100; 0; 0; 1; 1; 1; 0; 1; 0
14955; 2; 0; 0; 1; 1; 1; 0; 1; 0
14958; 2; 0; 0; 1; 1; 1; 0; 1; 0
14971; 17; 0; 0; 1; 1; 1; 0; 1; 0
14973; 2; 1; 0; 1; 0; 1; 0; 1; 0
14978; 20; 1; 1; 1; 1; 0; 0; 0,555164323560495; 0,444835676439505
14979; 2; 0; 1; 0,5; 0,5; 0; 0; 0,200779093022428; 0,799220906977572
14980; 2; 0; 0; 1; 1; 1; 0; 1; 0
14987; 2; 0; 0; 1; 1; 1; 0; 1; 0
14988; 2; 0; 0; 1; 1; 1; 0; 1; 0
14991; 2; 0; 0; 1; 1; 1; 0; 1; 0
14995; 24; 0; 0; 1; 1; 1; 0; 1; 0
14998; 26; 0; 0; 1; 1; 1; 0; 1; 0
15018; 2; 0; 0; 1; 1; 1; 0; 1; 0
15023; 2; 0; 0; 1; 1; 1; 0; 1; 0
15029; 2; 0; 1; 0,5; 0,5; 0; 0; 0,375451741104802; 0,624548258895198
15032; 14; 0; 0; 1; 1; 1; 0; 1; 0
15033; 18; 0; 0; 1; 1; 1; 0; 1; 0
15037; 44; 0; 0; 1; 1; 1; 0; 1; 0
15041; 10; 0; 0; 1; 1; 1; 0; 1; 0
15042; 3; 0; 0; 1; 1; 1; 0; 1; 0
15050; 3; 2; 2; 1; 1; 0; 0; 0,376242565763766; 0,623757434236234
15056; 20; 0; 0; 1; 1; 1; 0; 1; 0
15057; 30; 0; 0; 1; 1; 1; 0; 1; 0
15060; 21; 0; 0; 1; 1; 1; 0; 1; 0
15075; 2; 0; 0; 1; 1; 1; 0; 1; 0
15078; 54; 0; 0; 1; 1; 1; 0; 1; 0
15083; 3; 1; 0; 1; 0; 1; 0; 1; 0
15086; 10; 1; 2; 1; 0; 0; 0; 0,142183494865268; 0,857816505134732
15090; 40; 6; 0; 0,05; 0,05; 1; 0; 1; 0
15094; 2; 0; 0; 1; 1; 1; 0; 1; 0
15095; 20; 0; 0; 1; 1; 1; 0; 1; 0
15103; 10; 0; 0; 1; 1; 1; 0; 1; 0
15111; 4; 0; 0; 1; 1; 1; 0; 1; 0
15115; 4; 2; 0; 1; 0; 1; 0; 1; 0
15121; 2; 0; 0; 1; 1; 1; 0; 1; 0
15142; 13; 0; 0; 1; 1; 1; 0; 1; 0
15147; 20; 0; 0; 1; 1; 1; 0; 1; 0
15166; 2; 0; 1; 1; 0; 0; 0; 0,201184594764252; 0,798815405235748
15167; 3; 1; 1; 1; 1; 0; 0; 0,428412105366119; 0,571587894633881
15169; 2; 1; 0; 1; 0; 1; 0; 1; 0
15174; 3; 0; 0; 1; 1; 1; 0; 1; 0
15179; 3; 0; 0; 0,333333333333333; 0,333333333333333; 1; 0; 1; 0
15182; 2; 1; 1; 1; 1; 0; 0; 0,444451119043062; 0,555548880956938
15185; 3; 2; 1; 1; 0; 0; 0; 0,125174011812684; 0,874825988187316
15186; 10; 0; 0; 1; 1; 1; 0; 1; 0
15187; 2; 0; 0; 1; 1; 1; 0; 1; 0
15194; 17; 0; 0; 1; 1; 1; 0; 1; 0
15202; 2; 0; 0; 1; 1; 1; 0; 1; 0
15208; 4; 0; 2; 0,5; 0,5; 0; 0; 0,375463052198349; 0,624536947801651
15213; 20; 0; 0; 1; 1; 1; 0; 1; 0
15216; 16; 0; 0; 1; 1; 1; 0; 1; 0
15224; 17; 0; 0; 1; 1; 1; 0; 1; 0
15226; 12; 0; 0; 1; 1; 1; 0; 1; 0
15231; 16; 0; 0; 1; 1; 1; 0; 1; 0
15239; 100; 0; 0; 1; 1; 1; 0; 1; 0
15254; 10; 0; 0; 1; 1; 1; 0; 1; 0
15261; 15; 1; 2; 1; 0; 0; 0; 0,334088361111754; 0,665911638888245
15262; 10; 0; 0; 1; 1; 1; 0; 1; 0
15267; 2; 1; 1; 1; 1; 0; 0; 0,201184594764252; 0,798815405235748
15272; 21; 0; 0; 1; 1; 1; 0; 1; 0
15281; 10; 0; 0; 1; 1; 1; 0; 1; 0
15284; 20; 0; 0; 1; 1; 1; 0; 1; 0
15286; 3; 1; 1; 1; 1; 0; 0; 0,499871699868275; 0,500128300131725
15287; 17; 0; 0; 1; 1; 1; 0; 1; 0
15288; 150; 0; 0; 1; 1; 1; 0; 1; 0
15295; 10; 0; 0; 1; 1; 1; 0; 1; 0
15299; 340; 0; 0; 1; 1; 1; 0; 1; 0
15301; 19; 0; 0; 1; 1; 1; 0; 1; 0
15302; 3; 1; 2; 1; 0; 0; 0; 0,144062826046394; 0,855937173953606
15307; 2; 0; 0; 1; 1; 1; 0; 1; 0
15308; 36; 0; 0; 1; 1; 1; 0; 1; 0
15317; 2; 0; 0; 1; 1; 1; 0; 1; 0
15325; 17; 0; 0; 1; 1; 1; 0; 1; 0
15347; 36; 0; 0; 1; 1; 1; 0; 1; 0
15350; 4; 2; 0; 1; 0; 1; 0; 1; 0
15359; 10; 0; 0; 1; 1; 1; 0; 1; 0
15360; 3; 1; 1; 1; 1; 0; 0; 0,428193131701094; 0,571806868298906
15374; 18; 0; 0; 1; 1; 1; 0; 1; 0
15385; 2; 0; 0; 1; 1; 1; 0; 1; 0
15390; 2; 0; 0; 1; 1; 1; 0; 1; 0
15393; 10; 0; 0; 1; 1; 1; 0; 1; 0
15394; 2; 1; 1; 1; 1; 0; 0; 0,500378596991463; 0,499621403008537
15395; 10; 0; 0; 1; 1; 1; 0; 1; 0
15400; 18; 0; 0; 1; 1; 1; 0; 1; 0
15416; 10; 0; 0; 1; 1; 1; 0; 1; 0
15419; 150; 0; 0; 1; 1; 1; 0; 1; 0
15426; 2; 0; 0; 1; 1; 1; 0; 1; 0
15430; 20; 0; 0; 1; 1; 1; 0; 1; 0
15431; 2; 0; 0; 1; 1; 1; 0; 1; 0
15432; 400; 0; 0; 1; 1; 1; 0; 1; 0
15436; 17; 0; 0; 1; 1; 1; 0; 1; 0
15454; 10; 0; 0; 1; 1; 1; 0; 1; 0
15456; 20; 0; 0; 1; 1; 1; 0; 1; 0
15458; 3; 2; 1; 1; 0; 0; 0; 0,22075581569006; 0,77924418430994
15462; 2; 0; 0; 1; 1; 1; 0; 1; 0
15463; 10; 1; 2; 1; 0; 0; 0; 0,142183494865268; 0,857816505134732
15466; 2; 0; 0; 1; 1; 1; 0; 1; 0
15485; 20; 0; 0; 1; 1; 1; 0; 1; 0
15496; 24; 3; 2; 0,0416666666666667; 0,0416666666666667; 0; 1; 0; 1
15497; 19; 0; 0; 1; 1; 1; 0; 1; 0
15505; 20; 3; 0; 0,05; 0,05; 1; 0; 1; 0
15507; 54; 0; 0; 1; 1; 1; 0; 1; 0
15511; 10; 0; 0; 1; 1; 1; 0; 1; 0
15512; 10; 0; 0; 1; 1; 1; 0; 1; 0
15514; 14; 0; 0; 1; 1; 1; 0; 1; 0
15522; 10; 0; 0; 1; 1; 1; 0; 1; 0
15546; 42; 0; 0; 1; 1; 1; 0; 1; 0
15549; 26; 5; 3; 1; 0; 0; 0; 0,334762845685201; 0,665237154314799
15554; 20; 0; 0; 1; 1; 1; 0; 1; 0
15562; 340; 0; 0; 1; 1; 1; 0; 1; 0
15580; 2; 1; 1; 1; 1; 0; 0; 0,500378596991463; 0,499621403008537
15587; 20; 0; 0; 1; 1; 1; 0; 1; 0
15590; 18; 0; 2; 1; 0; 0; 0; 0,24955059760627; 0,75044940239373
15594; 10; 0; 0; 1; 1; 1; 0; 1; 0
15602; 19; 1; 0; 1; 0; 1; 0; 1; 0
15608; 10; 0; 0; 1; 1; 1; 0; 1; 0
15609; 2; 0; 0; 1; 1; 1; 0; 1; 0
15615; 2; 0; 0; 1; 1; 1; 0; 1; 0
15620; 15; 0; 0; 1; 1; 1; 0; 1; 0
15622; 10; 0; 0; 1; 1; 1; 0; 1; 0
15625; 2; 0; 0; 1; 1; 1; 0; 1; 0
15641; 2; 0; 1; 0,5; 0,5; 0; 0; 0,200412394553236; 0,799587605446764
15649; 19; 0; 0; 1; 1; 1; 0; 1; 0
15655; 2; 0; 0; 1; 1; 1; 0; 1; 0
15659; 10; 0; 0; 1; 1; 1; 0; 1; 0
15662; 20; 0; 0; 1; 1; 1; 0; 1; 0
15671; 2; 1; 0; 1; 0; 1; 0; 1; 0
15686; 14; 0; 0; 1; 1; 1; 0; 1; 0
15689; 18; 0; 0; 1; 1; 1; 0; 1; 0
15699; 10; 0; 0; 1; 1; 1; 0; 1; 0
15703; 40; 0; 0; 1; 1; 1; 0; 1; 0
15707; 14; 0; 0; 1; 1; 1; 0; 1; 0
15718; 3; 0; 0; 1; 1; 1; 0; 1; 0
15725; 20; 0; 0; 1; 1; 1; 0; 1; 0
15726; 10; 0; 0; 1; 1; 1; 0; 1; 0
15735; 13; 0; 0; 1; 1; 1; 0; 1; 0
15736; 3; 0; 0; 1; 1; 1; 0; 1; 0
15740; 3; 1; 1; 1; 1; 0; 0; 0,428950995718092; 0,571049004281908
15748; 2; 0; 0; 1; 1; 1; 0; 1; 0
15750; 190; 0; 0; 1; 1; 1; 0; 1; 0
15754; 10; 0; 0; 1; 1; 1; 0; 1; 0
15765; 2; 0; 0; 1; 1; 1; 0; 1; 0
15766; 3; 0; 0; 1; 1; 1; 0; 1; 0
15772; 20; 0; 0; 1; 1; 1; 0; 1; 0
15773; 3; 0; 0; 1; 1; 1; 0; 1; 0
15775; 10; 1; 2; 1; 0; 0; 1; 0; 1
15776; 20; 0; 0; 1; 1; 1; 0; 1; 0
15788; 2; 0; 0; 1; 1; 1; 0; 1; 0
15798; 4; 0; 0; 1; 1; 1; 0; 1; 0
15810; 20; 1; 0; 1; 0; 1; 0; 1; 0
15815; 2; 0; 1; 1; 0; 0; 1; 0; 1
15819; 2; 0; 0; 1; 1; 1; 0; 1; 0
15823; 2; 0; 0; 0,5; 0,5; 1; 0; 1; 0
15830; 20; 0; 0; 1; 1; 1; 0; 1; 0
15831; 3; 0; 0; 1; 1; 1; 0; 1; 0
15840; 2; 0; 0; 1; 1; 1; 0; 1; 0
15850; 2; 0; 1; 1; 0; 0; 1; 0; 1
15858; 3; 0; 0; 1; 1; 1; 0; 1; 0
15859; 2; 0; 0; 1; 1; 1; 0; 1; 0
15866; 2; 0; 1; 0,5; 0,5; 0; 0; 0,200779093022428; 0,799220906977572
15867; 20; 0; 0; 1; 1; 1; 0; 1; 0
15871; 2; 0; 0; 1; 1; 1; 0; 1; 0
15900; 2; 0; 0; 1; 1; 1; 0; 1; 0
