MAC; alternativas; MasProb; Elección; MaxProb; ElecProb; velocidad
21; 2; 0; 0; 1; 1; 15,4771235225009
32; 10; 0; 0; 1; 1; 15,0412066868166
46; 10; 0; 0; 1; 1; 15,0220457055629
54; 10; 0; 0; 1; 1; 7,29071226725866
68; 19; 0; 0; 1; 1; 9,83621879917119
74; 13; 0; 0; 1; 1; 14,1395645237772
77; 16; 0; 0; 1; 1; 5,78424540761481
92; 10; 0; 0; 1; 1; 6,99069187577033
108; 18; 0; 0; 1; 1; 7,98693549391325
113; 10; 0; 0; 1; 1; 16,1155785930178
158; 21; 0; 0; 1; 1; 12,0929501493199
164; 2; 0; 0; 1; 1; 6,42700184280331
172; 20; 0; 0; 1; 1; 8,67884750756961
176; 13; 0; 0; 1; 1; 7,93800113615561
191; 10; 0; 0; 1; 1; 18,6401230738838
207; 18; 0; 0; 1; 1; 13,9771371143482
230; 10; 0; 0; 1; 1; 6,04600378445001
231; 10; 0; 0; 1; 1; 6,27811334125051
235; 10; 0; 0; 1; 1; 9,82661686511614
244; 10; 0; 0; 1; 1; 9,61753533127738
244; 19; 0; 0; 1; 1; 6,3908993396173
257; 16; 0; 0; 1; 1; 16,0288802643438
281; 2; 0; 0; 1; 1; 4,28782766403348
302; 10; 0; 0; 1; 1; 16,1437277069765
321; 10; 0; 0; 1; 1; 13,6738242607424
329; 10; 0; 0; 1; 1; 10,7624800135723
333; 19; 0; 0; 1; 1; 8,22665572294318
340; 19; 0; 0; 1; 1; 13,2662370215544
358; 19; 0; 0; 1; 1; 11,1859736324442
363; 20; 0; 0; 1; 1; 16,1012876009292
368; 10; 0; 0; 1; 1; 16,1437277069765
372; 18; 0; 0; 1; 1; 12,7790967902612
377; 19; 0; 0; 1; 1; 11,1840738443303
386; 10; 0; 0; 1; 1; 6,21337435796127
400; 2; 0; 0; 1; 1; 13,2010759456625
402; 16; 0; 0; 1; 1; 19,5939726594169
402; 10; 0; 0; 1; 1; 12,4697175671949
412; 16; 0; 0; 1; 1; 12,4586928098241
428; 16; 0; 0; 1; 1; 5,93646239202573
434; 18; 0; 0; 1; 1; 12,4241218794206
454; 13; 0; 0; 1; 1; 8,0797511564441
463; 19; 0; 0; 1; 1; 12,1291070216549
468; 16; 0; 0; 1; 1; 12,1299634432872
473; 2; 0; 0; 1; 1; 12,1221803828575
482; 2; 0; 0; 1; 1; 16,0185955059188
493; 16; 0; 0; 1; 1; 13,2002543353419
528; 20; 0; 0; 1; 1; 8,46187631988037
543; 10; 0; 0; 1; 1; 10,5121897806985
546; 18; 0; 0; 1; 1; 7,09949821681177
570; 10; 0; 0; 1; 1; 16,7416435479757
574; 2; 1; 0; 1; 0; 15,6912088605246
583; 10; 0; 0; 1; 1; 6,88314276998924
620; 23; 0; 0; 1; 1; 9,95664024339634
630; 10; 0; 0; 1; 1; 12,8924628744142
651; 19; 0; 0; 1; 1; 11,4708449685439
673; 18; 0; 0; 1; 1; 13,5535875048225
679; 16; 0; 0; 1; 1; 10,4305335152016
684; 13; 0; 0; 1; 1; 20,5666393073123
718; 2; 0; 0; 1; 1; 15,5535192670035
730; 10; 0; 0; 1; 1; 8,83649747386051
787; 10; 0; 0; 1; 1; 8,07186001017923
817; 10; 0; 0; 1; 1; 9,41717001187576
826; 16; 0; 0; 1; 1; 17,3527362228444
827; 13; 0; 0; 1; 1; 15,6022780952024
828; 10; 0; 0; 1; 1; 17,2062674528158
846; 19; 0; 0; 1; 1; 13,6682442040257
875; 22; 0; 0; 1; 1; 13,1791489580331
881; 23; 0; 0; 1; 1; 9,67216480787073
886; 10; 0; 0; 1; 1; 12,8924628744142
894; 10; 0; 0; 1; 1; 7,43901214934537
919; 16; 0; 0; 1; 1; 11,2128235288417
919; 10; 0; 0; 1; 1; 15,0412066868166
923; 21; 0; 0; 1; 1; 6,21443271562274
935; 2; 0; 0; 1; 1; 11,2763014685775
960; 10; 0; 0; 1; 1; 14,9134760016434
969; 19; 2; 0; 1; 0; 8,11089858241878
985; 10; 0; 0; 1; 1; 8,04752448512296
991; 19; 0; 0; 1; 1; 9,626937548125
1015; 13; 0; 0; 1; 1; 17,4025409523411
1051; 16; 0; 0; 1; 1; 14,4776983032783
1054; 16; 0; 0; 1; 1; 14,4681593920538
1061; 10; 0; 0; 1; 1; 6,77885272801971
1063; 10; 0; 0; 1; 1; 6,99069187577033
1070; 16; 0; 0; 1; 1; 15,0390380597985
1070; 10; 0; 0; 1; 1; 11,212224664152
1093; 16; 0; 0; 1; 1; 13,6002620424735
1098; 10; 0; 0; 1; 1; 15,0412066868166
1102; 16; 0; 0; 1; 1; 13,2002543353419
1127; 16; 0; 0; 1; 1; 13,2002543353419
1145; 10; 0; 0; 1; 1; 8,77263294214315
1155; 21; 0; 0; 1; 1; 7,10220881785456
1187; 16; 0; 0; 1; 1; 12,4586928098241
1208; 10; 0; 0; 1; 1; 7,27800323555643
1211; 10; 0; 0; 1; 1; 18,6401230738838
1236; 10; 0; 0; 1; 1; 17,3552384847884
1244; 19; 0; 0; 1; 1; 16,0277485643297
1249; 10; 0; 0; 1; 1; 6,88314276998924
1250; 20; 0; 0; 1; 1; 11,5598987904107
1271; 2; 0; 0; 1; 1; 13,2575376706982
1273; 19; 0; 0; 1; 1; 9,42637634920573
1294; 10; 0; 0; 1; 1; 9,14797439987066
1306; 19; 0; 0; 1; 1; 19,4538671868595
1315; 20; 0; 0; 1; 1; 14,0886266508131
1316; 10; 0; 0; 1; 1; 9,27328911767711
1331; 18; 0; 0; 1; 1; 14,9089462553047
1331; 2; 0; 0; 1; 1; 12,8787508801069
1342; 16; 0; 0; 1; 1; 15,022045705553
1347; 18; 0; 0; 1; 1; 6,88105211783295
1364; 16; 0; 0; 1; 1; 5,93646239202573
1370; 16; 0; 0; 1; 1; 11,2202161850407
1370; 10; 0; 0; 1; 1; 14,5374635860286
1376; 2; 0; 0; 1; 1; 17,3481561055039
1384; 2; 0; 0; 1; 1; 12,1307184365547
1395; 20; 0; 0; 1; 1; 6,64863330566698
1422; 10; 0; 0; 1; 1; 6,57886696725311
1471; 2; 0; 0; 1; 1; 17,3481561055039
1484; 20; 0; 0; 1; 1; 11,2709013206505
1502; 20; 0; 0; 1; 1; 18,0842825914142
1504; 10; 0; 0; 1; 1; 10,4397635446283
1507; 21; 0; 0; 1; 1; 10,1690717164736
1522; 20; 0; 0; 1; 1; 7,93170289097114
1527; 10; 0; 0; 1; 1; 11,212224664152
1540; 10; 0; 0; 1; 1; 6,45749108279061
1553; 23; 0; 0; 1; 1; 7,52279485056612
1581; 19; 0; 0; 1; 1; 6,41109942573188
1587; 2; 0; 0; 1; 1; 6,82964061823848
1588; 20; 0; 0; 1; 1; 8,05892982845749
1597; 19; 0; 0; 1; 1; 11,2194239950308
1607; 10; 0; 0; 1; 1; 9,40208479986707
1620; 16; 0; 0; 1; 1; 12,5183714212941
1633; 10; 0; 0; 1; 1; 11,8134166426057
1649; 23; 0; 0; 1; 1; 7,96531219471707
1673; 20; 0; 0; 1; 1; 13,5947720755807
1675; 2; 1; 0; 1; 0; 8,65811355237529
1684; 19; 0; 0; 1; 1; 10,9457795073471
1687; 2; 0; 0; 1; 1; 5,63445351004675
1688; 19; 0; 0; 1; 1; 11,5071015333649
1691; 23; 0; 0; 1; 1; 9,14934508852636
1692; 2; 0; 0; 1; 1; 5,93489550977764
1703; 3; 1; 0; 1; 0; 5,53829320380036
1716; 23; 0; 0; 1; 1; 8,2567260554994
1726; 13; 0; 0; 1; 1; 7,66891635187915
1753; 10; 0; 0; 1; 1; 7,66143009822614
1771; 2; 0; 0; 1; 1; 10,6790636706126
1779; 10; 0; 0; 1; 1; 9,40208479986707
1793; 10; 0; 0; 1; 1; 14,1031271998006
1808; 23; 0; 0; 1; 1; 9,53593713452044
1809; 23; 0; 0; 1; 1; 9,67216480787073
1811; 23; 0; 0; 1; 1; 9,67216480787073
1813; 16; 0; 0; 1; 1; 8,30579520654941
1842; 19; 0; 0; 1; 1; 4,53310060405284
1884; 18; 0; 0; 1; 1; 10,9089850648571
1898; 18; 0; 0; 1; 1; 13,5535875048225
1944; 20; 0; 0; 1; 1; 18,0842825914142
1945; 10; 0; 0; 1; 1; 7,90633984503309
1946; 10; 0; 0; 1; 1; 8,86322305481064
1954; 21; 0; 0; 1; 1; 12,0929501493199
1956; 16; 0; 0; 1; 1; 15,4761602552285
1974; 10; 0; 0; 1; 1; 8,07186001017923
1980; 20; 0; 0; 1; 1; 18,8377943660565
1984; 15; 0; 0; 1; 1; 7,14480655401248
2008; 23; 0; 0; 1; 1; 11,8780971324728
2031; 19; 0; 0; 1; 1; 8,2569443283679
2058; 2; 0; 0; 1; 1; 12,8148764047351
2059; 19; 2; 0; 0,0526315789473684; 0,0526315789473684; 4,99570433707982
2075; 10; 0; 0; 1; 1; 6,88250698112633
2126; 10; 0; 0; 1; 1; 15,559868986362
2133; 10; 0; 0; 1; 1; 7,93025220693583
2136; 13; 0; 0; 1; 1; 8,0797511564441
2142; 19; 0; 0; 1; 1; 10,9131450072627
2155; 16; 0; 0; 1; 1; 5,56372063168628
2173; 19; 0; 0; 1; 1; 16,0277485643297
2175; 10; 0; 0; 1; 1; 6,74662926223935
2177; 10; 0; 0; 1; 1; 6,27811334125051
2199; 19; 0; 0; 1; 1; 5,34258285477657
2206; 13; 0; 0; 1; 1; 16,7580023985507
2230; 10; 0; 0; 1; 1; 17,3855529152055
2233; 10; 0; 0; 1; 1; 7,26873179301429
2246; 10; 0; 0; 1; 1; 6,88314276998924
2259; 10; 0; 0; 1; 1; 9,40208479986707
2264; 20; 0; 0; 1; 1; 12,5232236896116
2275; 16; 0; 0; 1; 1; 15,5400472816065
2281; 16; 0; 0; 1; 1; 12,823104211475
2281; 18; 0; 0; 1; 1; 10,6736612384465
2299; 10; 0; 0; 1; 1; 8,84776863930389
2310; 20; 0; 0; 1; 1; 12,1250669863287
2313; 13; 0; 0; 1; 1; 19,6724375982987
2316; 18; 0; 0; 1; 1; 12,0883348015984
2325; 21; 0; 0; 1; 1; 6,04647507465997
2329; 23; 0; 0; 1; 1; 8,06013733989227
2337; 13; 0; 0; 1; 1; 8,70127047617057
2350; 10; 0; 0; 1; 1; 8,86322305481064
2378; 2; 0; 0; 1; 1; 14,5405251872174
2417; 10; 0; 0; 1; 1; 12,2168750214957
2423; 10; 0; 0; 1; 1; 6,30146873308875
2426; 10; 0; 0; 1; 1; 8,20429455644543
2440; 19; 0; 0; 1; 1; 7,66891635189618
2458; 2; 0; 0; 1; 1; 11,8114890040138
2478; 19; 0; 0; 1; 1; 12,8872016780814
2496; 16; 0; 0; 1; 1; 13,671852781635
2499; 16; 0; 0; 1; 1; 17,3527362228444
2507; 10; 0; 0; 1; 1; 10,4804970038811
2514; 10; 0; 0; 1; 1; 15,559868986362
2531; 10; 0; 0; 1; 1; 14,5560064711129
2532; 18; 0; 0; 1; 1; 12,4241218794206
2532; 2; 0; 0; 1; 1; 5,77892667697102
2536; 19; 0; 0; 1; 1; 7,51753431221416
2542; 19; 0; 0; 1; 1; 7,3569993410038
2553; 2; 0; 0; 1; 1; 15,03506862477
2554; 19; 0; 0; 1; 1; 16,5718127888063
2567; 19; 0; 0; 1; 1; 13,4439243842116
2571; 19; 0; 0; 1; 1; 10,0548014391528
2616; 23; 0; 0; 1; 1; 8,46314420688689
2636; 10; 0; 0; 1; 1; 9,60077022562763
2663; 13; 0; 0; 1; 1; 7,41747647148967
2666; 19; 0; 0; 1; 1; 9,23400132167091
2687; 20; 0; 0; 1; 1; 5,94877716822835
2691; 18; 0; 0; 1; 1; 8,35122764907081
2695; 18; 0; 0; 1; 1; 7,58082012981596
2702; 2; 0; 0; 1; 1; 12,823902347215
2723; 10; 0; 0; 1; 1; 8,21862501446077
2748; 10; 0; 0; 1; 1; 17,3855529152055
2750; 2; 1; 0; 1; 0; 8,33808589957482
2760; 19; 0; 0; 1; 1; 12,8221988514638
2762; 20; 0; 0; 1; 1; 7,53511774642258
2766; 18; 0; 0; 1; 1; 13,5535875048225
2766; 2; 0; 0; 1; 1; 11,8620073895721
2798; 10; 0; 0; 1; 1; 9,40208479986707
2814; 2; 1; 0; 1; 0; 7,26220384801678
2822; 16; 0; 0; 1; 1; 14,9504313717889
2824; 10; 0; 0; 1; 1; 12,0920075689
2832; 10; 0; 0; 1; 1; 9,02600140787238
2845; 16; 0; 0; 1; 1; 9,34401960736808
2856; 2; 0; 0; 1; 1; 15,03506862477
2875; 20; 0; 0; 1; 1; 11,8641066533163
2877; 10; 0; 0; 1; 1; 6,04600378445001
2883; 20; 0; 0; 1; 1; 11,8641066533163
2898; 19; 0; 0; 1; 1; 7,41747647150615
2903; 20; 0; 0; 1; 1; 15,5460707871041
2935; 19; 0; 0; 1; 1; 7,91319401285701
2936; 10; 0; 0; 1; 1; 11,0249795260985
2940; 10; 0; 0; 1; 1; 10,4397635446283
2957; 15; 0; 0; 1; 1; 5,55707176423193
2957; 10; 0; 0; 1; 1; 12,1800370585645
2959; 13; 0; 0; 1; 1; 13,3078254341432
2990; 10; 0; 0; 1; 1; 7,69261483625487
3011; 16; 0; 0; 1; 1; 8,01444013217189
3018; 10; 0; 0; 1; 1; 7,03396907773716
3053; 10; 0; 0; 1; 1; 12,5183714213024
3060; 2; 0; 0; 1; 1; 13,659281236477
3066; 2; 0; 0; 1; 1; 10,2273384081426
3081; 10; 0; 0; 1; 1; 13,6564051868753
3082; 19; 0; 0; 1; 1; 5,95350085212993
3095; 20; 0; 0; 1; 1; 7,39075496436096
3116; 13; 0; 0; 1; 1; 15,6022780952024
3121; 2; 0; 0; 1; 1; 13,5169276954612
3148; 20; 0; 0; 1; 1; 20,550321126607
3152; 19; 0; 0; 1; 1; 9,0493212952375
3158; 20; 0; 0; 1; 1; 18,0842825914142
3160; 19; 0; 0; 1; 1; 5,98369279734975
3169; 13; 0; 0; 1; 1; 12,2288125611046
3185; 18; 0; 0; 1; 1; 13,5535875048225
3212; 23; 0; 0; 1; 1; 14,4053518415096
3214; 2; 1; 0; 1; 0; 6,0791436409543
3220; 10; 0; 0; 1; 1; 12,2230812634013
3229; 18; 0; 0; 1; 1; 13,1549525782101
3252; 19; 0; 0; 1; 1; 13,199322347095
3321; 16; 0; 0; 1; 1; 5,63963927242444
3323; 19; 1; 0; 1; 0; 5,69816292815496
3325; 10; 0; 0; 1; 1; 10,9917407601679
3332; 10; 0; 0; 1; 1; 17,3855529152055
3336; 2; 1; 0; 1; 0; 4,45079880619858
3345; 13; 0; 0; 1; 1; 16,1595023128882
3347; 19; 0; 0; 1; 1; 15,0350686244283
3354; 19; 0; 0; 1; 1; 15,55351926665
3369; 10; 0; 0; 1; 1; 6,88314276998924
3395; 23; 0; 0; 1; 1; 9,14934508852636
3402; 19; 0; 0; 1; 1; 5,47288975367356
3414; 19; 0; 0; 1; 1; 16,1090020976018
3420; 19; 0; 0; 1; 1; 8,31068444076355
3440; 19; 0; 0; 1; 1; 6,12930062051739
3465; 2; 1; 0; 1; 0; 16,1023843628598
3472; 18; 0; 0; 1; 1; 11,1817096914785
3477; 13; 0; 0; 1; 1; 20,5666393073123
3492; 16; 0; 0; 1; 1; 9,35018015420054
3492; 10; 0; 0; 1; 1; 8,1938431121252
3539; 19; 0; 0; 1; 1; 9,23400132167091
3570; 20; 0; 0; 1; 1; 15,5460707871041
3573; 2; 0; 0; 1; 1; 7,77166001385758
3589; 10; 0; 0; 1; 1; 6,99069187577033
3594; 19; 0; 0; 1; 1; 9,23400132167091
3600; 19; 0; 0; 1; 1; 9,83621879917119
3676; 18; 0; 0; 1; 1; 12,4241218794206
3843; 16; 0; 0; 1; 1; 14,0990981810611
3846; 20; 0; 0; 1; 1; 8,35740871099295
3875; 10; 0; 0; 1; 1; 14,5374635860286
3902; 19; 0; 0; 1; 1; 5,95382736853765
3926; 2; 0; 0; 1; 1; 11,0012697254415
3954; 19; 0; 0; 1; 1; 5,98369279734975
3958; 19; 0; 0; 1; 1; 5,75355076668246
3968; 18; 0; 0; 1; 1; 13,5535875048225
3970; 10; 0; 0; 1; 1; 7,15335509788708
3972; 10; 0; 0; 1; 1; 8,69277645760274
3984; 10; 0; 0; 1; 1; 10,0449813460008
3997; 10; 0; 0; 1; 1; 9,27328911767711
4003; 10; 0; 0; 1; 1; 17,2062674528158
4013; 10; 0; 0; 1; 1; 5,00734856852095
4029; 2; 0; 0; 1; 1; 11,2130168541432
4034; 2; 1; 0; 1; 0; 15,3340455568956
4044; 13; 0; 0; 1; 1; 8,2266557229249
4049; 10; 0; 0; 1; 1; 13,1908525460612
4055; 20; 0; 0; 1; 1; 16,1012876009292
4069; 10; 0; 0; 1; 1; 19,6189652436739
4083; 19; 0; 0; 1; 1; 8,35888191266874
4106; 20; 0; 0; 1; 1; 16,1012876009292
4124; 18; 0; 0; 1; 1; 11,1817096914785
4125; 10; 0; 0; 1; 1; 7,64807119668642
4128; 10; 0; 0; 1; 1; 9,67071579414898
4129; 19; 0; 0; 1; 1; 8,35888191266874
4136; 19; 0; 0; 1; 1; 6,67819321339954
4144; 10; 0; 0; 1; 1; 16,0950489702459
4147; 10; 0; 0; 1; 1; 17,3552384847884
4166; 19; 0; 0; 1; 1; 6,57998448967308
4186; 19; 0; 0; 1; 1; 9,54844595321769
4193; 16; 0; 0; 1; 1; 14,0160294110521
4208; 10; 0; 0; 1; 1; 12,8259952119719
4214; 18; 0; 0; 1; 1; 11,4684201963883
4223; 23; 0; 0; 1; 1; 7,12685827948369
4225; 2; 0; 0; 1; 1; 5,84748881268884
4234; 2; 0; 0; 1; 1; 12,529223853975
4238; 16; 0; 0; 1; 1; 8,63093552695435
4273; 10; 0; 0; 1; 1; 8,84776863930389
4278; 10; 0; 0; 1; 1; 11,5903630915394
4293; 3; 1; 0; 1; 0; 16,0666866503752
4311; 10; 0; 0; 1; 1; 5,85274508008943
4316; 23; 0; 0; 1; 1; 12,31002793729
4317; 20; 0; 0; 1; 1; 10,9960012884395
4331; 19; 0; 0; 1; 1; 8,79310954449569
4335; 16; 0; 0; 1; 1; 12,8146554615334
4351; 21; 0; 0; 1; 1; 5,39083319909443
4354; 2; 0; 0; 1; 1; 14,5500664110678
4355; 3; 1; 0; 1; 0; 6,49749709003926
4392; 2; 1; 0; 1; 0; 5,83717859385236
4415; 10; 0; 0; 1; 1; 5,42965507429983
4427; 10; 0; 0; 1; 1; 11,212224664152
4434; 10; 0; 0; 1; 1; 5,42965507429983
4436; 19; 0; 0; 1; 1; 8,28449914394836
4457; 2; 0; 0; 1; 1; 13,2662370218559
4486; 10; 0; 0; 1; 1; 8,8632188347066
4488; 20; 0; 0; 1; 1; 15,4699130515228
4510; 20; 0; 0; 1; 1; 16,0224099462201
4512; 10; 0; 0; 1; 1; 9,82661218630514
4543; 10; 0; 0; 1; 1; 9,82661218630514
4562; 13; 0; 0; 1; 1; 15,0822021586957
4577; 10; 0; 0; 1; 1; 9,19717084014053
4590; 2; 0; 0; 1; 1; 4,49924361417631
4592; 10; 0; 0; 1; 1; 7,77993449318101
4595; 10; 0; 0; 1; 1; 16,6911618950698
4598; 19; 0; 0; 1; 1; 12,4480781335293
4601; 10; 0; 0; 1; 1; 10,4804970038811
4621; 19; 0; 0; 1; 1; 12,1291070216549
4622; 10; 0; 0; 1; 1; 15,0220457055629
4627; 13; 0; 0; 1; 1; 9,0493212952174
4628; 10; 0; 0; 1; 1; 16,6911618950698
4666; 10; 0; 0; 1; 1; 5,80990849056119
4704; 18; 0; 0; 1; 1; 15,4230478503152
4706; 2; 0; 0; 1; 1; 15,0252093601247
4747; 10; 0; 0; 1; 1; 7,77993449318101
4755; 2; 0; 0; 1; 1; 4,16341084705183
4758; 2; 0; 0; 1; 1; 4,89048218932207
4783; 2; 0; 0; 1; 1; 12,8787508801069
4793; 2; 0; 0; 1; 1; 10,4307133526913
4812; 16; 0; 0; 1; 1; 15,0390380597985
4824; 19; 0; 0; 1; 1; 8,5104162025066
4859; 18; 0; 0; 1; 1; 7,45447312765236
4863; 10; 0; 0; 1; 1; 18,6401230738838
4881; 19; 0; 0; 1; 1; 5,6097119975154
4914; 20; 0; 0; 1; 1; 12,8810300807434
4916; 10; 0; 0; 1; 1; 12,7726435017062
4924; 16; 0; 0; 1; 1; 5,63326713958236
4927; 2; 0; 0; 1; 1; 5,56854393510001
4932; 2; 1; 0; 1; 0; 3,25697646178719
4936; 19; 0; 0; 1; 1; 13,9824670405553
4952; 10; 0; 0; 1; 1; 10,5121897806985
4968; 10; 0; 0; 1; 1; 11,8134166426057
4970; 10; 0; 0; 1; 1; 7,12579058516241
5018; 19; 0; 0; 1; 1; 12,7817986792346
5049; 19; 0; 0; 1; 1; 5,70951973079556
5067; 10; 0; 0; 1; 1; 5,57081729141356
5077; 23; 0; 0; 1; 1; 8,06013733989227
5140; 2; 1; 0; 1; 0; 6,66902942288052
5144; 10; 0; 0; 1; 1; 7,64807119668642
5157; 2; 0; 0; 1; 1; 5,70577570637645
5176; 19; 0; 0; 1; 1; 9,34951999585899
5192; 10; 0; 0; 1; 1; 7,3581533216351
5275; 10; 0; 0; 1; 1; 6,72628912189382
5277; 18; 0; 0; 1; 1; 8,60131514729119
5279; 19; 0; 0; 1; 1; 6,01402744977133
5281; 10; 0; 0; 1; 1; 7,12579058516241
5302; 19; 0; 0; 1; 1; 9,626937548125
5302; 19; 0; 0; 1; 1; 5,45657250363134
5306; 2; 0; 0; 1; 1; 10,6865852893458
5335; 16; 0; 0; 1; 1; 7,86953243979427
5344; 18; 0; 0; 1; 1; 9,127926278758
5358; 16; 0; 0; 1; 1; 8,01444013217189
5359; 16; 0; 0; 1; 1; 7,87383591932677
5370; 10; 0; 0; 1; 1; 8,97819664838033
5375; 16; 0; 0; 1; 1; 7,47521568589446
5397; 16; 0; 0; 1; 1; 7,60191425684183
5402; 13; 0; 0; 1; 1; 18,0986425904348
5413; 18; 0; 0; 1; 1; 7,91168935175129
5440; 19; 0; 0; 1; 1; 16,7589214818097
5452; 19; 0; 0; 1; 1; 7,27503320536854
5464; 16; 0; 0; 1; 1; 6,1734434406382
5495; 16; 0; 0; 1; 1; 6,09001852927823
5518; 2; 0; 0; 1; 1; 9,97414627005613
5533; 2; 0; 0; 1; 1; 8,64997441671036
5548; 19; 0; 0; 1; 1; 8,22665572294318
5564; 10; 0; 0; 1; 1; 11,4719046166487
5569; 10; 0; 0; 1; 1; 6,90765413867785
5591; 2; 0; 0; 1; 1; 3,57743080002968
5601; 19; 0; 0; 1; 1; 4,44333623565576
5659; 19; 0; 0; 1; 1; 8,37900119929398
5691; 13; 0; 0; 1; 1; 12,5371768734818
5692; 10; 0; 0; 1; 1; 7,41023566877611
5716; 16; 0; 0; 1; 1; 5,36501632341177
5725; 2; 0; 0; 1; 1; 6,01402744990801
5732; 10; 0; 0; 1; 1; 5,96483938364282
5735; 10; 0; 0; 1; 1; 11,8134166426057
5747; 18; 0; 0; 1; 1; 6,88105211783295
5747; 19; 0; 0; 1; 1; 10,7735923811634
5783; 10; 0; 0; 1; 1; 5,52299942929891
5788; 20; 0; 0; 1; 1; 4,07303661968788
5798; 16; 0; 0; 1; 1; 9,96695424785928
5804; 2; 0; 0; 1; 1; 5,06467731240157
5827; 19; 0; 0; 1; 1; 11,4727934691736
5874; 3; 0; 0; 1; 1; 7,0234158438026
5876; 3; 0; 0; 1; 1; 7,3688297377601
5885; 16; 0; 0; 1; 1; 8,15478074824851
5888; 10; 0; 0; 1; 1; 8,97819664838033
5910; 19; 0; 0; 1; 1; 7,23833806131019
5925; 10; 0; 0; 1; 1; 11,2665342791721
5932; 18; 0; 0; 1; 1; 8,84247633431027
5937; 10; 0; 0; 1; 1; 6,45749108279061
5951; 10; 0; 0; 1; 1; 14,1011312688906
5960; 10; 0; 0; 1; 1; 6,04544532125961
5980; 18; 0; 0; 1; 1; 5,20079520533886
5984; 2; 1; 0; 1; 0; 7,25059624831832
6007; 10; 0; 0; 1; 1; 12,8259952119719
6032; 18; 0; 0; 1; 1; 7,3931583774394
6042; 19; 0; 0; 1; 1; 13,4439243842116
6048; 10; 0; 0; 1; 1; 12,2168750214957
6054; 10; 0; 0; 1; 1; 12,4697175671949
6061; 2; 0; 0; 1; 1; 5,78271870183462
6062; 19; 0; 0; 1; 1; 10,283319653679
6076; 2; 1; 0; 1; 0; 5,63055305656878
6094; 2; 0; 0; 1; 1; 10,9395286381885
6096; 19; 0; 0; 1; 1; 6,59966117354752
6108; 10; 0; 0; 1; 1; 6,97886706794257
6112; 10; 0; 0; 1; 1; 12,2168750214957
6118; 10; 0; 0; 1; 1; 7,27391388733631
6130; 10; 0; 0; 1; 1; 8,86322305481064
6137; 20; 0; 0; 1; 1; 4,96820950313577
6169; 20; 0; 0; 1; 1; 3,89747469642547
6174; 19; 0; 0; 1; 1; 4,57935673266563
6206; 10; 0; 0; 1; 1; 13,6738242607424
6209; 19; 0; 0; 1; 1; 4,62656659588899
6224; 18; 0; 0; 1; 1; 8,43902618224796
6227; 13; 0; 0; 1; 1; 16,1595023128882
6243; 13; 0; 0; 1; 1; 18,8527526983696
6244; 19; 0; 0; 1; 1; 4,39977411569835
6246; 16; 0; 0; 1; 1; 7,60276862827582
6280; 10; 0; 0; 1; 1; 6,30088667286213
6288; 16; 0; 0; 1; 1; 8,46250832365411
6296; 16; 0; 0; 1; 1; 4,27436807049168
6334; 2; 0; 0; 1; 1; 8,16066513004592
6341; 10; 0; 0; 1; 1; 11,2809050151125
6343; 10; 0; 0; 1; 1; 11,2809050151125
6344; 13; 0; 0; 1; 1; 20,5666393073123
6346; 10; 0; 0; 1; 1; 10,404750698821
6346; 20; 0; 0; 1; 1; 3,93136578074222
6370; 2; 0; 0; 1; 1; 4,02725052449197
6371; 20; 0; 0; 1; 1; 8,15686324534839
6379; 2; 1; 0; 1; 0; 6,62142115554471
6381; 10; 0; 0; 1; 1; 14,4310630249423
6389; 2; 0; 0; 1; 1; 3,29019183068423
6398; 2; 0; 0; 1; 1; 10,0701194702001
6408; 10; 0; 0; 1; 1; 12,2230812634013
6444; 10; 0; 0; 1; 1; 9,5885398120614
6463; 20; 0; 0; 1; 1; 9,15566282641146
6503; 10; 0; 0; 1; 1; 5,63326713958607
6507; 23; 0; 0; 1; 1; 10,1052468141933
6534; 10; 0; 0; 1; 1; 14,912098459107
6594; 10; 0; 0; 1; 1; 9,01322742333772
6644; 19; 0; 0; 1; 1; 4,04303567388497
6678; 18; 0; 0; 1; 1; 4,91503722702354
6678; 19; 0; 0; 1; 1; 9,62746553210343
6718; 10; 0; 0; 1; 1; 10,4397635446283
6724; 16; 0; 0; 1; 1; 3,20577605286876
6727; 20; 0; 0; 1; 1; 10,2462739278641
6739; 10; 0; 0; 1; 1; 6,17344344064227
6749; 10; 0; 0; 1; 1; 6,25241695798858
6752; 10; 0; 0; 1; 1; 5,63326713958607
6774; 10; 0; 0; 1; 1; 6,17344344064227
6782; 10; 0; 0; 1; 1; 5,92334238125234
6804; 18; 0; 0; 1; 1; 6,715288976378
6812; 19; 0; 0; 1; 1; 7,3569993410038
6826; 2; 0; 0; 1; 1; 5,56854393510001
6836; 10; 0; 0; 1; 1; 6,27811334125051
6837; 10; 0; 0; 1; 1; 9,81222486835874
6863; 19; 0; 0; 1; 1; 9,34951999585899
6877; 20; 0; 0; 1; 1; 10,0468236618968
6889; 19; 0; 0; 1; 1; 6,26461192684513
6900; 10; 0; 0; 1; 1; 4,97069948636902
6907; 18; 0; 0; 1; 1; 7,09949821681177
6909; 18; 0; 0; 1; 1; 7,15845493688576
6916; 19; 0; 0; 1; 1; 4,54154939734529
6923; 18; 0; 0; 1; 1; 4,42839987781328
6934; 10; 0; 0; 1; 1; 17,8945181509285
6956; 10; 0; 0; 1; 1; 4,86264080188273
6963; 19; 0; 0; 1; 1; 4,9721545578228
6966; 10; 0; 0; 1; 1; 5,80990849056119
6967; 20; 0; 0; 1; 1; 6,8308492852427
6976; 3; 0; 0; 1; 1; 4,6355502214562
6990; 15; 0; 0; 1; 1; 5,62321220365994
7040; 10; 0; 0; 1; 1; 9,4171744957363
7041; 16; 0; 0; 1; 1; 5,77770988675114
7046; 10; 0; 0; 1; 1; 8,37081778833401
7047; 16; 0; 0; 1; 1; 5,77770988675114
7049; 10; 0; 0; 1; 1; 12,2168750214957
7056; 16; 0; 0; 1; 1; 5,70457431856441
7059; 19; 0; 0; 1; 1; 5,72741854128956
7065; 18; 0; 0; 1; 1; 6,08005893807197
7090; 2; 0; 0; 1; 1; 4,12413467363355
7092; 13; 0; 0; 1; 1; 11,0357576770944
7095; 10; 0; 0; 1; 1; 6,93325186410594
7111; 19; 0; 0; 1; 1; 5,0841671911108
7114; 2; 0; 0; 1; 1; 3,48485196454124
7120; 21; 0; 0; 1; 1; 9,13141133724158
7128; 16; 0; 0; 1; 1; 4,04065712751052
7141; 23; 0; 0; 1; 1; 7,44012677528518
7143; 16; 0; 0; 1; 1; 5,50208709504823
7151; 18; 0; 0; 1; 1; 6,69095182111569
7168; 16; 0; 0; 1; 1; 5,63326713958236
7175; 10; 0; 0; 1; 1; 18,8343489914726
7200; 10; 0; 0; 1; 1; 5,93731842900656
7213; 13; 0; 0; 1; 1; 18,0986425904348
7262; 10; 0; 0; 1; 1; 9,94231733442891
7270; 15; 0; 0; 1; 1; 2,98094578081315
7278; 18; 0; 0; 1; 1; 12,0883348015984
7279; 20; 0; 0; 1; 1; 7,60385556769766
7283; 3; 0; 0; 1; 1; 6,61247605119487
7287; 2; 0; 0; 1; 1; 3,52153344377922
7318; 19; 0; 0; 1; 1; 2,84992958788388
7332; 10; 0; 0; 1; 1; 17,8945181509285
7335; 10; 0; 0; 1; 1; 4,22452486514053
7345; 19; 0; 0; 1; 1; 8,07975115646205
7352; 19; 0; 0; 1; 1; 6,19816527071061
7366; 2; 0; 0; 1; 1; 3,57743080002968
7395; 10; 0; 0; 1; 1; 3,76881501316034
7418; 15; 0; 0; 1; 1; 4,84003024626652
7437; 10; 0; 0; 1; 1; 6,99004615270643
7449; 10; 0; 0; 1; 1; 6,83691213037119
7450; 19; 0; 0; 1; 1; 7,39429604480081
7471; 23; 0; 0; 1; 1; 7,44012677528518
7475; 18; 0; 0; 1; 1; 6,77679375241124
7476; 18; 0; 0; 1; 1; 3,52179832802474
7492; 2; 0; 0; 1; 1; 3,63513129680435
7495; 2; 0; 0; 1; 1; 9,36522248804285
7497; 19; 0; 0; 1; 1; 8,37900119929398
7517; 15; 0; 0; 1; 1; 4,89263927068246
7522; 16; 0; 0; 1; 1; 5,71102711131589
7533; 19; 0; 0; 1; 1; 3,99271428767877
7552; 10; 0; 0; 1; 1; 19,6532337302323
7564; 16; 0; 0; 1; 1; 5,77770988675114
7571; 18; 0; 0; 1; 1; 7,45447312765236
7576; 10; 0; 0; 1; 1; 6,97886706794257
7580; 10; 0; 0; 1; 1; 16,7416435479757
7582; 10; 0; 0; 1; 1; 4,54721233308261
7584; 2; 0; 0; 1; 1; 5,78271870183462
7597; 16; 0; 0; 1; 1; 5,77770988675114
7657; 13; 0; 0; 1; 1; 17,4025409523411
7662; 19; 0; 0; 1; 1; 3,17332585317567
7662; 18; 0; 0; 1; 1; 3,72699415743656
7668; 20; 0; 0; 1; 1; 6,09237909224349
7680; 19; 0; 0; 1; 1; 3,17332585317567
7684; 18; 0; 0; 1; 1; 8,05326180399648
7692; 2; 0; 0; 1; 1; 2,88236135565127
7703; 16; 0; 0; 1; 1; 5,93646239202573
7710; 2; 0; 0; 1; 1; 4,72613878848117
7724; 10; 0; 0; 1; 1; 4,42388431965195
7739; 10; 0; 0; 1; 1; 7,21619806531131
7766; 10; 1; 0; 1; 0; 7,95991166874789
7787; 10; 0; 0; 1; 1; 10,2423038901565
7807; 16; 0; 0; 1; 1; 7,23884915163913
7815; 19; 0; 0; 1; 1; 7,01213999689424
7820; 19; 0; 0; 1; 1; 7,80113904761853
7841; 10; 0; 0; 1; 1; 12,5562326609817
7843; 2; 0; 0; 1; 1; 4,63363661573847
7869; 19; 0; 0; 1; 1; 5,02655004239563
7875; 19; 0; 0; 1; 1; 5,54045629384237
7886; 2; 0; 0; 1; 1; 6,09130109194243
7891; 10; 0; 0; 1; 1; 9,1298561994533
7904; 18; 0; 0; 1; 1; 3,12775096265134
7935; 19; 0; 0; 1; 1; 3,09025146923083
7937; 19; 0; 0; 1; 1; 8,7012704761899
7939; 2; 0; 0; 0,5; 0,5; 3,3800443866603
7983; 19; 0; 0; 1; 1; 5,26152186056815
7989; 10; 0; 0; 1; 1; 4,91607641509024
8005; 10; 0; 0; 1; 1; 6,49984038501566
8007; 13; 0; 0; 1; 1; 6,5574791994329
8040; 10; 0; 0; 1; 1; 8,20429455644543
8050; 19; 0; 0; 1; 1; 5,451398370625
8072; 10; 0; 0; 1; 1; 6,40819044501617
8075; 16; 0; 0; 1; 1; 6,09001852927823
8084; 10; 0; 0; 1; 1; 19,6532337302323
8096; 18; 0; 0; 1; 1; 3,44249078663988
8197; 15; 10; 0; 0,0666666666666667; 0,0666666666666667; 2,69375434905865
8214; 18; 0; 0; 1; 1; 3,54974910840589
8224; 16; 0; 0; 1; 1; 6,44530202562793
8227; 19; 0; 0; 1; 1; 6,41109942573188
8245; 16; 0; 0; 1; 1; 3,5619733920764
8263; 16; 0; 0; 1; 1; 3,5063175578252
8290; 10; 0; 0; 1; 1; 10,6524828583167
8296; 19; 0; 0; 1; 1; 10,4366734837496
8304; 16; 0; 0; 1; 1; 4,00722006608595
8309; 13; 0; 0; 1; 1; 11,0357576770944
8359; 19; 0; 0; 1; 1; 11,9070017042599
8361; 20; 0; 0; 1; 1; 4,0416889954429
8373; 10; 0; 0; 1; 1; 11,0249847754962
8375; 10; 0; 0; 1; 1; 4,25694528872168
8381; 10; 0; 0; 1; 1; 13,9800923054129
8400; 2; 0; 0; 1; 1; 3,60605024642992
8403; 2; 0; 0; 1; 1; 3,63513129680435
8413; 10; 0; 0; 1; 1; 12,2168750214957
8419; 2; 0; 0; 1; 1; 5,63445351004675
8436; 19; 0; 0; 1; 1; 12,0908906425192
8445; 20; 0; 0; 1; 1; 10,9960012884395
8451; 19; 0; 0; 1; 1; 3,64912000007146
8452; 2; 0; 0; 1; 1; 6,34868001132028
8456; 19; 0; 0; 1; 1; 3,72865787748141
8463; 2; 0; 0; 1; 1; 10,732292400089
8464; 10; 0; 0; 1; 1; 12,5562326609817
8489; 10; 0; 0; 1; 1; 14,1257617436045
8496; 2; 0; 0; 1; 1; 11,8620073895721
8530; 19; 0; 0; 1; 1; 8,87188362278186
8534; 16; 0; 0; 1; 1; 6,09001852927823
8537; 10; 0; 0; 1; 1; 5,87044643890055
8540; 18; 0; 0; 1; 1; 5,88511036393608
8545; 10; 0; 0; 1; 1; 8,07186385348826
8565; 3; 1; 0; 1; 0; 6,31468944732377
8578; 19; 0; 0; 1; 1; 4,62656659588899
8596; 10; 0; 0; 1; 1; 5,56372063168995
8600; 10; 0; 0; 1; 1; 7,98936214373752
8608; 19; 0; 0; 1; 1; 11,8099199947693
8609; 10; 0; 0; 1; 1; 8,69277645760274
8614; 21; 0; 0; 1; 1; 11,1859788881209
8623; 10; 0; 0; 1; 1; 9,04048751590685
8634; 20; 0; 0; 1; 1; 6,10955492953182
8642; 15; 0; 0; 1; 1; 5,35860491550936
8661; 16; 0; 0; 1; 1; 5,90537693949508
8669; 16; 0; 0; 1; 1; 6,43801958809412
8674; 19; 0; 0; 1; 1; 6,03288086349166
8700; 21; 0; 0; 1; 1; 12,7839758721382
8703; 2; 0; 0; 1; 1; 5,70951973092532
8705; 16; 0; 0; 1; 1; 6,23345343613369
8707; 19; 0; 0; 1; 1; 6,19850520560084
8713; 2; 0; 0; 1; 1; 5,77892667697102
8736; 19; 0; 0; 1; 1; 5,09973817955945
8737; 18; 0; 0; 1; 1; 6,2120609397103
8749; 19; 0; 0; 1; 1; 12,8221988514638
8796; 15; 0; 0; 1; 1; 3,35714161412534
8804; 18; 0; 0; 1; 1; 14,4280125051336
8804; 19; 0; 0; 1; 1; 4,80191088600119
8810; 10; 0; 0; 1; 1; 4,96730083291585
8822; 10; 0; 0; 1; 1; 4,66862141786503
8823; 10; 0; 0; 1; 1; 11,590368610137
8824; 10; 0; 0; 1; 1; 8,35622593712034
8831; 18; 0; 0; 1; 1; 5,14101595010508
8839; 16; 0; 0; 1; 1; 6,90474842156348
8856; 13; 0; 0; 1; 1; 11,3116516190217
8857; 19; 0; 0; 1; 1; 7,77675963332499
8865; 16; 0; 0; 1; 1; 15,022045705553
8865; 10; 0; 0; 1; 1; 11,2227458104754
8877; 10; 0; 0; 1; 1; 3,13182403482536
8878; 19; 0; 0; 1; 1; 7,91319401285701
8886; 20; 0; 0; 1; 1; 5,28867269992523
8904; 21; 0; 0; 1; 1; 21,3066264535637
8904; 2; 0; 0; 1; 1; 4,899524791345
8915; 19; 0; 0; 1; 1; 6,41109942573188
8916; 20; 0; 0; 1; 1; 8,19701914229124
8921; 13; 0; 0; 1; 1; 12,2288125611046
8922; 18; 0; 0; 1; 1; 3,39072400789341
8926; 18; 0; 0; 1; 1; 2,43765563810716
8935; 23; 0; 0; 1; 1; 5,54960275861435
8948; 2; 0; 0; 1; 1; 5,36614620004452
8951; 10; 0; 0; 1; 1; 4,91330843255807
8961; 10; 0; 0; 1; 1; 8,52876180745929
8962; 10; 0; 0; 1; 1; 3,2472111075144
8975; 18; 0; 0; 1; 1; 10,6492473252177
8976; 2; 0; 0; 1; 1; 10,2323160164435
9005; 10; 0; 0; 1; 1; 9,97577405375593
9040; 16; 0; 0; 1; 1; 5,85936547784357
9044; 3; 0; 0; 1; 1; 2,61336403490329
9060; 22; 0; 0; 1; 1; 6,58957447901654
9089; 2; 0; 0; 1; 1; 5,24135210236907
9117; 16; 0; 0; 1; 1; 5,9297548837709
9123; 10; 0; 0; 1; 1; 5,87044643890055
9172; 17; 0; 0; 1; 1; 2,64433510232991
9172; 10; 0; 0; 1; 1; 6,25409725252381
9173; 10; 0; 0; 1; 1; 6,25918571065119
9185; 18; 0; 0; 1; 1; 10,9089850648571
9201; 18; 0; 0; 1; 1; 4,45469664769629
9205; 10; 0; 0; 1; 1; 10,0449813460008
9212; 10; 0; 0; 1; 1; 7,47622218585219
9213; 10; 0; 0; 1; 1; 9,82661218630514
9220; 18; 0; 0; 1; 1; 9,80397089182181
9240; 13; 0; 0; 1; 1; 9,0493212952174
9253; 2; 0; 0; 1; 1; 6,52495514092051
9258; 19; 0; 0; 1; 1; 10,0548014391528
9260; 10; 0; 0; 1; 1; 10,7624851379843
9262; 10; 0; 0; 1; 1; 6,28289223819694
9285; 19; 0; 0; 1; 1; 5,26309357380249
9298; 20; 0; 0; 1; 1; 8,50634061935884
9313; 13; 0; 0; 1; 1; 10,2833196536561
9314; 2; 0; 0; 1; 1; 4,29291696003562
9331; 20; 0; 0; 1; 1; 15,5460707871041
9355; 10; 0; 0; 1; 1; 11,8134166426057
9364; 2; 0; 0; 1; 1; 3,87807439164326
9381; 10; 0; 0; 1; 1; 11,1840738443303
9403; 13; 0; 0; 1; 1; 5,08388836809966
9421; 20; 0; 0; 1; 1; 16,1012876009292
9423; 2; 0; 0; 1; 1; 4,13537872297009
9432; 16; 0; 0; 1; 1; 5,36501632341177
9436; 20; 0; 0; 1; 1; 4,30578156938433
9448; 10; 0; 0; 1; 1; 13,5564531446428
9456; 13; 0; 0; 1; 1; 5,08388836809966
9460; 22; 0; 0; 1; 1; 7,38611644900755
9462; 16; 0; 0; 1; 1; 5,71102711131589
9464; 2; 0; 0; 1; 1; 2,82733272594855
9468; 10; 0; 0; 1; 1; 3,86186115325672
9509; 10; 0; 0; 1; 1; 12,8259952119719
9519; 10; 0; 0; 1; 1; 13,6977083574346
9523; 10; 0; 0; 1; 1; 7,23505372824406
9526; 10; 0; 0; 1; 1; 5,57237461659879
9536; 23; 0; 0; 1; 1; 5,83665117716337
9560; 18; 0; 0; 1; 1; 6,53574337753368
9569; 19; 0; 0; 1; 1; 3,29326068983724
9588; 13; 0; 0; 1; 1; 3,59100051397516
9594; 20; 0; 0; 1; 1; 14,5430984782587
9619; 13; 0; 0; 1; 1; 5,26123331117291
9620; 10; 0; 0; 1; 1; 5,50288049517681
9630; 17; 15; 0; 0,0588235294117647; 0,0588235294117647; 1,9716533657723
9632; 10; 0; 0; 1; 1; 16,5689982878967
9633; 20; 0; 0; 1; 1; 6,09237909224349
9638; 10; 0; 0; 1; 1; 17,8945181509285
9664; 20; 0; 0; 1; 1; 7,60385556769766
9671; 2; 0; 0; 1; 1; 3,88583000692879
9705; 16; 0; 0; 1; 1; 4,89849316485422
9726; 18; 0; 0; 1; 1; 10,0218369116401
9752; 10; 0; 0; 1; 1; 6,63582647947792
9756; 16; 0; 0; 1; 1; 3,34931826419124
9773; 18; 0; 0; 1; 1; 6,6318572507327
9798; 2; 1; 0; 1; 0; 4,4139402423874
9802; 18; 0; 0; 1; 1; 11,4684201963883
9808; 16; 0; 0; 1; 1; 6,1734434406382
9819; 10; 0; 0; 1; 1; 5,73542248427194
9834; 16; 0; 0; 1; 1; 5,9297548837709
9841; 2; 0; 0; 1; 1; 12,9749616250655
9842; 16; 0; 0; 1; 1; 6,09001852927823
9846; 2; 0; 0; 1; 1; 3,72084218779765
9848; 2; 0; 0; 1; 1; 5,23554230903535
9881; 10; 0; 0; 1; 1; 9,35228817539618
9882; 13; 0; 0; 1; 1; 8,37900119927537
9918; 2; 0; 0; 1; 1; 16,0185955059188
9923; 13; 0; 0; 1; 1; 4,6170006608252
9932; 16; 0; 0; 1; 1; 8,63093552695435
9948; 2; 0; 0; 1; 1; 4,02460965003339
9953; 19; 0; 0; 1; 1; 2,86771124213597
9976; 19; 0; 0; 1; 1; 4,25829833286898
9987; 19; 0; 0; 1; 1; 9,75602086524417
10012; 10; 0; 0; 1; 1; 3,47201803034232
10038; 19; 0; 0; 1; 1; 9,97282132891626
10057; 20; 0; 0; 1; 1; 5,15663768384094
10084; 2; 0; 0; 1; 1; 4,40035864855417
10091; 19; 0; 0; 1; 1; 4,39287441516383
10094; 16; 0; 0; 1; 1; 3,5063175578252
10119; 13; 0; 0; 1; 1; 8,70127047617057
10124; 21; 0; 0; 1; 1; 9,94309234499639
10133; 2; 0; 0; 1; 1; 5,56854393510001
10157; 10; 0; 0; 1; 1; 3,60529096933509
10163; 2; 1; 0; 1; 0; 10,5421563203657
10169; 22; 0; 0; 1; 1; 4,12432624817141
10192; 20; 0; 0; 1; 1; 9,15566282641146
10193; 13; 0; 0; 1; 1; 7,91821697272537
10200; 10; 0; 0; 1; 1; 4,22079509480473
10209; 18; 0; 0; 1; 1; 12,0883348015984
10216; 19; 0; 0; 1; 1; 6,96101638095192
10223; 16; 0; 0; 1; 1; 5,49587038008035
10227; 2; 0; 0; 1; 1; 14,3552766915619
10233; 2; 0; 0; 1; 1; 8,66839001545654
10240; 20; 0; 0; 1; 1; 5,02341183094839
10241; 10; 0; 0; 1; 1; 4,11457785840441
10248; 18; 0; 0; 1; 1; 6,2120609397103
10249; 20; 0; 0; 1; 1; 4,33496204640402
10276; 20; 0; 0; 1; 1; 14,471854144973
10286; 19; 0; 0; 1; 1; 6,53698635844709
10301; 10; 0; 0; 1; 1; 5,80990849056119
10309; 18; 0; 0; 1; 1; 6,93794296999729
10312; 18; 0; 0; 1; 1; 15,9738709878265
10312; 19; 0; 0; 1; 1; 4,42529042435404
10313; 19; 0; 0; 1; 1; 6,96101638095192
10329; 16; 0; 0; 1; 1; 3,58072334757107
10330; 16; 0; 0; 1; 1; 5,70457431856441
10333; 18; 0; 0; 1; 1; 5,84317352490033
10361; 10; 0; 0; 1; 1; 5,52299942929891
10370; 10; 0; 0; 1; 1; 10,4397635446283
10371; 20; 0; 0; 1; 1; 5,94877716822835
10378; 2; 1; 0; 1; 0; 4,64182101625815
10384; 19; 0; 0; 1; 1; 4,39287441516383
10385; 10; 0; 0; 1; 1; 8,46364775756852
10408; 19; 0; 0; 1; 1; 7,60638914917342
10411; 18; 0; 0; 1; 1; 14,9089462553047
10414; 2; 0; 0; 1; 1; 3,65416871322465
10431; 10; 0; 0; 1; 1; 5,59203692216514
10437; 13; 0; 0; 1; 1; 10,7730015419255
10453; 21; 0; 0; 1; 1; 8,60459914470841
10454; 19; 0; 0; 1; 1; 4,2552081012533
10466; 18; 0; 0; 1; 1; 7,84681381858144
10468; 10; 0; 0; 1; 1; 8,0577892965089
10478; 19; 0; 0; 1; 1; 8,94725907546423
10494; 19; 0; 0; 1; 1; 5,14194181828251
10526; 20; 0; 0; 1; 1; 3,82064451547473
10527; 10; 0; 0; 1; 1; 7,7131543754002
10557; 20; 0; 0; 1; 1; 3,98969958253114
10575; 19; 0; 0; 1; 1; 9,23400132167091
10618; 19; 0; 0; 1; 1; 4,71318817460286
10620; 13; 0; 0; 1; 1; 7,06978226188859
10652; 19; 0; 0; 1; 1; 6,77937795905711
10662; 2; 0; 0; 1; 1; 10,4307133526913
10678; 10; 0; 0; 1; 1; 3,91560871462361
10687; 18; 0; 0; 1; 1; 8,50879798207214
10706; 18; 0; 0; 1; 1; 5,55462174589291
10709; 10; 0; 0; 1; 1; 5,50365939504414
10757; 20; 0; 0; 1; 1; 5,06557362725863
10758; 10; 0; 0; 1; 1; 7,58242294530867
10760; 20; 0; 0; 1; 1; 4,74564266132651
10767; 10; 0; 0; 1; 1; 7,45604922955352
10777; 2; 0; 0; 1; 1; 3,46735600618261
10788; 17; 0; 0; 1; 1; 3,84219630253064
10852; 19; 0; 0; 1; 1; 5,87618265924513
10863; 20; 0; 0; 1; 1; 2,65945332226679
10868; 19; 0; 0; 1; 1; 3,18281531773923
10876; 19; 0; 0; 1; 1; 5,95382736853765
10896; 19; 0; 0; 1; 1; 3,22861122159159
10934; 10; 0; 0; 1; 1; 6,94209539391536
10953; 10; 0; 0; 1; 1; 11,8134166426057
10960; 16; 0; 0; 1; 1; 3,00440914111059
10975; 10; 0; 0; 1; 1; 6,57886696725311
10984; 19; 0; 0; 1; 1; 3,59021567840985
11001; 21; 0; 0; 1; 1; 5,52394019166466
11005; 19; 0; 0; 1; 1; 3,5336768488286
11020; 19; 0; 0; 1; 1; 8,08019428587252
11032; 18; 0; 0; 1; 1; 7,3931583774394
11036; 2; 1; 0; 1; 0; 5,56414050108091
11046; 21; 0; 0; 1; 1; 11,4727988596112
11047; 18; 0; 0; 1; 1; 5,55462174589291
11090; 10; 0; 0; 1; 1; 9,5423188631081
11111; 18; 0; 0; 1; 1; 5,45449253242856
11119; 19; 0; 0; 1; 1; 5,8282722052108
11133; 10; 0; 0; 1; 1; 11,802341751739
11158; 2; 0; 0; 1; 1; 6,26050390005194
11164; 10; 0; 0; 1; 1; 6,82820259343767
11188; 20; 0; 0; 1; 1; 2,47053040866314
11199; 19; 0; 0; 1; 1; 9,34951999585899
11208; 13; 0; 0; 1; 1; 7,41747647148967
11215; 19; 0; 0; 1; 1; 5,99382623194376
11229; 19; 0; 0; 1; 1; 7,02892235690314
11251; 10; 0; 0; 1; 1; 9,80948262183693
11255; 10; 0; 0; 1; 1; 11,5105085235645
11260; 10; 0; 0; 1; 1; 3,24447957564641
11286; 10; 0; 0; 1; 1; 3,46909739242193
11295; 20; 0; 0; 1; 1; 5,43175967260263
11307; 16; 0; 0; 1; 1; 3,3245084992713
11309; 18; 0; 0; 1; 1; 4,59106491242169
11313; 21; 0; 0; 1; 1; 10,6533132267818
11315; 10; 0; 0; 1; 1; 2,76180380966367
11317; 2; 0; 0; 0,5; 0,5; 1,99449681771566
11319; 16; 0; 0; 1; 1; 6,09690732153993
11323; 23; 0; 0; 1; 1; 6,51011092837453
11329; 19; 0; 0; 1; 1; 7,93800113617324
11352; 19; 0; 0; 1; 1; 3,82353147887882
11366; 2; 0; 0; 1; 1; 6,43223769395772
11373; 22; 0; 0; 1; 1; 3,28344419757335
11379; 10; 0; 0; 1; 1; 18,0809750318137
11396; 2; 0; 0; 1; 1; 4,68600655656894
11406; 19; 0; 0; 1; 1; 5,8008469841266
11412; 2; 0; 0; 1; 1; 6,01402744990801
11414; 18; 0; 0; 1; 1; 4,99985930199058
11453; 19; 0; 0; 1; 1; 8,7012704761899
11475; 16; 0; 0; 1; 1; 3,072006446258
11477; 18; 0; 0; 1; 1; 5,11277683428779
11479; 10; 0; 0; 1; 1; 10,2024961913413
11500; 2; 1; 0; 1; 0; 5,53185358370568
11506; 20; 0; 0; 1; 1; 3,79921903180971
11522; 19; 0; 0; 1; 1; 3,21843851635404
11536; 19; 0; 0; 1; 1; 2,94317732745534
11543; 21; 0; 0; 1; 1; 6,12930350034024
11547; 13; 0; 0; 1; 1; 9,83621879914934
11555; 19; 0; 0; 1; 1; 7,3569993410038
11573; 2; 1; 0; 1; 0; 2,47562778305151
11583; 13; 0; 0; 1; 1; 8,2266557229249
11597; 19; 0; 0; 1; 1; 7,33381891431494
11600; 16; 0; 0; 1; 1; 2,91242169580304
11600; 10; 0; 0; 1; 1; 10,0274711245444
11604; 10; 0; 0; 1; 1; 3,0632313073586
11608; 21; 0; 0; 1; 1; 5,66378677879541
11613; 2; 0; 0; 1; 1; 3,23488037037121
11621; 10; 0; 0; 1; 1; 10,2553681955568
11633; 10; 0; 0; 1; 1; 4,61249143438813
11638; 19; 0; 0; 1; 1; 6,69816357912286
11650; 13; 0; 0; 1; 1; 4,5246606476087
11685; 16; 0; 0; 1; 1; 5,4357968890838
11697; 18; 0; 0; 1; 1; 4,94491579317749
11723; 19; 0; 0; 1; 1; 5,08453346929284
11724; 19; 0; 0; 1; 1; 11,2194239950308
11725; 16; 0; 0; 1; 1; 5,06933867184219
11749; 10; 0; 0; 1; 1; 5,44607422373538
11767; 10; 0; 0; 1; 1; 6,26716945284026
11810; 13; 0; 0; 1; 1; 3,92468145604649
11816; 13; 0; 0; 1; 1; 2,81034822832838
11837; 2; 0; 0; 1; 1; 12,190596182246
11841; 10; 0; 0; 1; 1; 3,50406492864607
11848; 16; 0; 0; 1; 1; 2,1058942577878
11886; 13; 0; 0; 1; 1; 3,01644043173913
11888; 10; 0; 0; 1; 1; 7,39731476400817
11897; 2; 0; 0; 1; 1; 15,4662301436458
11929; 10; 0; 0; 1; 1; 19,4505632075309
11942; 2; 0; 0; 1; 1; 8,50483548686302
11953; 2; 1; 0; 1; 0; 3,67902186137044
11968; 10; 0; 0; 1; 1; 3,63695694366815
11987; 2; 0; 0; 1; 1; 16,6118768209529
12014; 2; 0; 0; 1; 1; 5,93100369478605
12020; 19; 0; 0; 1; 1; 5,59298681622212
12097; 2; 0; 0; 1; 1; 3,09974311535608
12146; 19; 0; 0; 1; 1; 7,12344380636876
12160; 22; 0; 0; 1; 1; 8,09803128746611
12162; 20; 0; 0; 1; 1; 6,69593251483823
12175; 21; 0; 0; 1; 1; 3,28999379062381
12181; 15; 0; 0; 1; 1; 3,1458529810685
12181; 10; 0; 0; 1; 1; 13,1908525460612
12195; 10; 0; 0; 1; 1; 10,4938651303372
12220; 10; 0; 0; 1; 1; 4,7011851013082
12255; 10; 0; 0; 1; 1; 13,9800923054129
12273; 2; 0; 0; 1; 1; 6,17879532524795
12274; 16; 0; 0; 1; 1; 2,0216605738812
12292; 2; 0; 0; 1; 1; 4,16872134003255
12305; 21; 0; 0; 1; 1; 5,59298944406047
12345; 3; 2; 0; 0,333333333333333; 0,333333333333333; 1,18825716572461
12348; 19; 0; 0; 1; 1; 3,34908178956143
12365; 18; 0; 0; 1; 1; 5,96357850212189
12370; 20; 0; 0; 1; 1; 7,73495652576141
12372; 19; 0; 0; 1; 1; 3,77075733340718
12373; 20; 0; 0; 1; 1; 8,3079162684104
12383; 23; 0; 0; 1; 1; 4,23157210344344
12393; 19; 0; 0; 1; 1; 20,3381338771713
12400; 16; 0; 0; 1; 1; 10,4305335152016
12407; 10; 0; 0; 1; 1; 4,37179613768655
12431; 19; 0; 0; 1; 1; 3,5629203150304
12434; 23; 0; 0; 1; 1; 9,53593713452044
12435; 10; 0; 0; 1; 1; 7,27800323555643
12437; 10; 0; 0; 1; 1; 12,7817986792346
12464; 23; 0; 0; 1; 1; 3,93634614273809
12489; 10; 0; 0; 1; 1; 5,43658073017468
12497; 17; 0; 0; 1; 1; 2,23650232535366
12512; 20; 0; 0; 1; 1; 12,817927956976
12521; 19; 0; 0; 1; 1; 2,59225321110833
12535; 16; 0; 0; 1; 1; 12,1938146430799
12540; 18; 0; 0; 1; 1; 3,34957345355255
12551; 16; 0; 0; 1; 1; 6,144012892516
12556; 16; 0; 0; 1; 1; 6,50018755295171
12568; 2; 0; 0; 1; 1; 6,53698635859566
12574; 16; 0; 0; 1; 1; 12,1938146430799
12574; 19; 0; 0; 1; 1; 4,05057108411877
12593; 10; 0; 0; 1; 1; 6,57886696725311
12616; 2; 1; 0; 1; 0; 5,7568984794272
12618; 10; 0; 0; 1; 1; 8,35622593712034
12633; 18; 0; 0; 1; 1; 7,45447312765236
12639; 19; 0; 0; 1; 1; 5,55371643014569
12641; 17; 0; 0; 1; 1; 2,29355595610247
12670; 10; 0; 0; 1; 1; 3,79190084541595
12677; 19; 0; 0; 1; 1; 7,01213999689424
12700; 10; 0; 0; 1; 1; 4,27212696334411
12726; 19; 0; 0; 1; 1; 5,47288975367356
12745; 19; 0; 0; 1; 1; 7,80113904761853
12780; 18; 0; 0; 1; 1; 15,4230478503152
12780; 19; 0; 0; 1; 1; 3,80244436982236
12791; 19; 0; 0; 1; 1; 3,49652758707635
12794; 10; 0; 0; 1; 1; 4,40107678842173
12809; 10; 0; 0; 1; 1; 6,59666663457546
12829; 18; 0; 0; 1; 1; 2,31974827703797
12840; 13; 0; 0; 1; 1; 3,5348911309443
12846; 10; 0; 0; 1; 1; 12,0908906425192
12896; 16; 0; 0; 1; 1; 7,73298174402876
12957; 3; 0; 0; 1; 1; 4,83331843014372
12963; 2; 0; 0; 1; 1; 2,54664565425842
13018; 19; 0; 0; 1; 1; 5,0276764445429
13062; 19; 0; 0; 1; 1; 2,19323605042529
13097; 19; 0; 0; 1; 1; 5,65613600011077
13098; 10; 0; 0; 1; 1; 6,67705901154047
13108; 16; 0; 0; 1; 1; 5,37108502135661
13112; 18; 0; 0; 1; 1; 1,03056039543621
13121; 19; 0; 0; 1; 1; 8,22665572294318
13151; 13; 0; 0; 1; 1; 3,70873823574483
13179; 10; 0; 0; 1; 1; 7,29071573863456
13205; 21; 0; 0; 1; 1; 3,89077526543337
13216; 2; 0; 0; 1; 1; 12,7301510283662
13218; 18; 0; 0; 1; 1; 14,4280125051336
13235; 19; 0; 0; 1; 1; 8,46748980757041
13298; 23; 0; 0; 1; 1; 9,95664024339634
13316; 13; 0; 0; 1; 1; 4,30920061677019
13325; 21; 0; 0; 1; 1; 7,33506812335799
13326; 19; 0; 0; 1; 1; 18,6432893874071
13334; 16; 0; 0; 1; 1; 6,79565062354042
13350; 10; 0; 0; 1; 1; 17,8945181509285
13357; 20; 0; 0; 1; 1; 3,83442289311249
13360; 18; 0; 0; 1; 1; 6,88105211783295
13378; 13; 0; 0; 1; 1; 3,15621235975766
13395; 10; 0; 0; 1; 1; 9,60077022562763
13405; 19; 0; 0; 1; 1; 4,35705786214788
13445; 13; 0; 0; 1; 1; 3,27056788003874
13464; 19; 6; 0; 0,0526315789473684; 0,0526315789473684; 1,27451049295961
13486; 19; 0; 0; 1; 1; 6,79965090607927
13490; 21; 0; 0; 1; 1; 2,36740293928485
13497; 20; 0; 0; 1; 1; 2,53461852256589
13503; 2; 1; 0; 1; 0; 3,64843680726588
13510; 13; 0; 0; 1; 1; 3,25515154504223
13514; 19; 17; 0; 0,0526315789473684; 0,0526315789473684; 1,45964800002858
13515; 16; 11; 0; 0,0625; 0,0625; 2,60792567510957
13515; 10; 0; 0; 1; 1; 10,6783092039543
13532; 2; 0; 0; 1; 1; 11,0012697254415
13586; 19; 0; 0; 1; 1; 4,86264080188273
13614; 2; 0; 0; 1; 1; 5,93489550977764
13619; 21; 0; 0; 1; 1; 2,69541659954721
13633; 2; 0; 0; 1; 1; 5,93489550977764
13637; 19; 0; 0; 1; 1; 5,50063486259573
13644; 19; 0; 0; 1; 1; 3,5336768488286
13660; 19; 0; 0; 1; 1; 6,01402744977133
13684; 18; 0; 0; 1; 1; 4,03868263076352
13685; 10; 0; 0; 1; 1; 14,4809623360973
13689; 20; 0; 0; 1; 1; 4,25754783390207
13693; 2; 0; 0; 1; 1; 3,04565054597122
13717; 18; 0; 0; 1; 1; 17,2026302945824
13720; 19; 0; 0; 1; 1; 10,0548014391528
13737; 10; 0; 0; 1; 1; 9,82661218630514
13746; 18; 0; 0; 1; 1; 7,23054470991534
13747; 18; 0; 0; 1; 1; 9,39547210466256
13762; 10; 0; 0; 1; 1; 10,0449813460008
13766; 19; 0; 0; 1; 1; 6,69816357912286
13803; 10; 0; 0; 1; 1; 8,21862501446077
13846; 2; 0; 0; 1; 1; 14,016271067679
13848; 19; 0; 0; 1; 1; 7,41747647150615
13880; 19; 0; 0; 1; 1; 6,59966117354752
13897; 18; 0; 0; 1; 1; 5,76826104381187
13927; 19; 0; 0; 1; 1; 7,54110107936458
13944; 10; 0; 0; 1; 1; 13,5905753504873
13947; 19; 0; 0; 1; 1; 4,4798620273453
13951; 19; 0; 0; 1; 1; 2,63076093028408
13954; 10; 0; 0; 1; 1; 9,96642192369068
13970; 13; 0; 0; 1; 1; 5,08388836809966
13984; 18; 0; 0; 1; 1; 5,6616251602423
13985; 10; 0; 0; 1; 1; 18,8343489914726
14020; 10; 0; 0; 1; 1; 6,12825964072892
14022; 19; 0; 0; 1; 1; 5,02655004239563
14029; 10; 7; 0; 0,1; 0,1; 2,52906753356842
14032; 10; 0; 0; 1; 1; 6,67705901154047
14059; 10; 0; 0; 1; 1; 12,5562326609817
14073; 2; 0; 0; 1; 1; 7,36935540042716
14080; 10; 0; 0; 1; 1; 6,25918571065119
14119; 19; 0; 0; 1; 1; 7,73753378967641
14143; 20; 9; 0; 0,05; 0,05; 3,22025752018585
14185; 3; 0; 0; 1; 1; 6,42140877147666
14195; 10; 0; 0; 1; 1; 13,2547462107908
14201; 16; 0; 0; 1; 1; 9,3887785659706
14219; 19; 0; 0; 1; 1; 9,94139897273803
14224; 10; 0; 0; 1; 1; 16,0950489702459
14225; 20; 0; 0; 1; 1; 4,90039187854368
14231; 20; 0; 0; 1; 1; 3,49485312268231
14247; 10; 0; 0; 1; 1; 12,5183714213024
14269; 3; 0; 0; 1; 1; 11,2293201849627
14287; 10; 0; 0; 1; 1; 8,37081778833401
14330; 10; 0; 0; 1; 1; 9,22498286877626
14332; 16; 0; 0; 1; 1; 9,59938599561607
14333; 16; 0; 0; 1; 1; 5,70457431856441
14347; 16; 0; 0; 1; 1; 5,36501632341177
14357; 10; 0; 0; 1; 1; 6,84885417871731
14370; 19; 0; 0; 1; 1; 7,12344380636876
14371; 11; 0; 0; 1; 1; 12,028241817528
14383; 19; 0; 0; 1; 1; 7,15955648782301
14385; 18; 0; 0; 1; 1; 6,29955475576256
14390; 20; 0; 0; 1; 1; 12,817927956976
14391; 2; 0; 0; 1; 1; 10,4380600500587
14399; 10; 0; 0; 1; 1; 7,52166783989365
14427; 10; 0; 0; 1; 1; 10,0274711245444
14431; 10; 0; 0; 1; 1; 9,6175399105392
14444; 19; 0; 0; 1; 1; 10,5224666223692
14451; 10; 0; 0; 1; 1; 11,212224664152
14457; 19; 0; 0; 1; 1; 13,9800923054129
14461; 10; 0; 0; 1; 1; 6,39089933961731
14463; 20; 0; 0; 1; 1; 14,0196087029426
14468; 3; 1; 0; 1; 0; 8,55366705524156
14491; 16; 0; 0; 1; 1; 7,60191425684183
14508; 10; 0; 0; 1; 1; 7,15335509788708
14524; 19; 0; 0; 1; 1; 10,283319653679
14535; 20; 0; 0; 1; 1; 6,06253349316435
14539; 19; 0; 0; 1; 1; 14,0953768354015
14548; 13; 0; 0; 1; 1; 10,7730015419255
14556; 10; 0; 0; 1; 1; 8,82694158774859
14570; 22; 0; 0; 1; 1; 12,9257037857632
14576; 2; 1; 0; 1; 0; 7,38068696268058
14591; 2; 0; 0; 1; 1; 12,1221803828575
14618; 16; 0; 0; 1; 1; 12,1219713825316
14625; 10; 0; 0; 1; 1; 6,57886696725311
14632; 19; 0; 0; 1; 1; 16,5718127888063
14642; 20; 0; 0; 1; 1; 13,5947720755807
14649; 10; 0; 0; 1; 1; 15,0412066868166
14650; 2; 0; 0; 1; 1; 15,03506862477
14664; 10; 0; 0; 1; 1; 11,212224664152
14666; 10; 0; 0; 1; 1; 10,9387557699044
14674; 10; 0; 0; 1; 1; 14,5814314772691
14677; 20; 0; 0; 1; 1; 8,35740871099295
14682; 20; 0; 0; 1; 1; 13,6616985704854
14712; 2; 0; 0; 1; 1; 7,49217799043428
14719; 19; 0; 0; 1; 1; 5,75355076668246
14721; 19; 0; 0; 1; 1; 6,57998448967308
14724; 16; 0; 0; 1; 1; 12,4586928098241
14724; 10; 0; 0; 1; 1; 17,3552384847884
14762; 2; 0; 0; 1; 1; 7,01307159613321
14783; 16; 0; 0; 1; 1; 16,0288802643438
14795; 2; 0; 0; 1; 1; 8,42020344544312
14811; 2; 0; 0; 1; 1; 14,0261431922664
14827; 16; 0; 0; 1; 1; 16,1132550640698
14838; 10; 0; 0; 1; 1; 7,41023566877611
14845; 10; 0; 0; 1; 1; 8,21862501446077
14852; 2; 0; 0; 1; 1; 9,39075585007791
14854; 22; 0; 0; 1; 1; 10,1838878312074
14858; 23; 0; 0; 1; 1; 9,53593713452044
14867; 2; 0; 0; 1; 1; 6,01008374404987
14872; 16; 0; 0; 1; 1; 11,5079140359391
14958; 16; 0; 0; 1; 1; 6,59577854637747
14971; 23; 0; 0; 1; 1; 6,63776016226422
14972; 16; 0; 0; 1; 1; 5,63963927242444
14979; 16; 0; 0; 1; 1; 13,254746210782
14998; 16; 0; 0; 1; 1; 12,823104211475
15004; 10; 0; 0; 1; 1; 7,91642457200875
15019; 2; 0; 0; 1; 1; 16,1090020979679
15037; 2; 0; 0; 1; 1; 9,75731700331578
15050; 16; 0; 0; 1; 1; 14,0831678489559
15057; 20; 0; 0; 1; 1; 12,5232236896116
15060; 2; 0; 0; 1; 1; 10,6865852893458
15067; 13; 0; 0; 1; 1; 7,29783975420758
15083; 16; 0; 0; 1; 1; 13,1915570927549
15086; 10; 0; 0; 1; 1; 8,00320797008419
15095; 23; 0; 0; 1; 1; 9,27467858288974
15111; 19; 0; 0; 1; 1; 16,3950297368435
15115; 16; 0; 0; 1; 1; 5,90148606781142
15148; 10; 0; 0; 1; 1; 14,9636610806339
15165; 10; 0; 0; 1; 1; 15,0412066868166
15182; 21; 0; 0; 1; 1; 5,81089812369919
15185; 10; 0; 0; 1; 1; 13,2716529589558
15204; 10; 0; 0; 1; 1; 14,01528083019
15216; 10; 0; 0; 1; 1; 13,2716529589558
15236; 18; 0; 0; 1; 1; 14,9089462553047
15239; 10; 0; 0; 1; 1; 7,04158392448259
15242; 19; 0; 0; 1; 1; 6,88367608150415
15254; 2; 0; 0; 1; 1; 18,042082349724
15261; 10; 0; 0; 1; 1; 13,2032303652652
15267; 16; 0; 0; 1; 1; 14,553907799805
15271; 2; 0; 0; 1; 1; 13,7747103947793
15272; 19; 0; 0; 1; 1; 7,18200102796627
15284; 23; 0; 0; 1; 1; 13,8173782969582
15286; 16; 0; 0; 1; 1; 16,0950489702353
15295; 20; 0; 0; 1; 1; 14,0886266508131
15299; 23; 0; 0; 1; 1; 9,67216480787073
15302; 16; 0; 0; 1; 1; 14,0990981810611
15302; 2; 0; 0; 1; 1; 9,57285875356661
15311; 19; 0; 0; 1; 1; 14,4766761226204
15325; 2; 0; 0; 1; 1; 4,99478532695619
15339; 10; 0; 0; 1; 1; 13,2032303652652
15374; 10; 0; 0; 1; 1; 8,07186385348826
15385; 16; 0; 0; 1; 1; 13,254746210782
15393; 10; 0; 0; 1; 1; 6,39148971499001
15400; 19; 0; 0; 1; 1; 14,4335143644442
15419; 20; 0; 0; 1; 1; 14,5430984782587
15436; 2; 0; 0; 1; 1; 4,58704774924548
15456; 19; 0; 0; 1; 1; 12,4660266611453
15458; 10; 0; 0; 1; 1; 15,0412066868166
15466; 16; 0; 0; 1; 1; 12,4669068722674
15468; 16; 0; 0; 1; 1; 12,1299634432872
15472; 19; 0; 0; 1; 1; 6,04544532125961
15485; 23; 0; 0; 1; 1; 10,4161774853992
15507; 19; 0; 0; 1; 1; 5,96585260397026
15511; 10; 0; 0; 1; 1; 6,09001852928224
15514; 10; 0; 0; 1; 1; 7,96411888929916
15522; 2; 0; 0; 1; 1; 18,042082349724
15523; 2; 0; 0; 1; 1; 4,16533916139461
15530; 16; 0; 0; 1; 1; 15,5400472816065
15531; 19; 0; 0; 1; 1; 14,4766761226204
15546; 10; 0; 0; 1; 1; 13,6738242607424
15562; 23; 0; 0; 1; 1; 9,40349356320765
15587; 10; 0; 0; 1; 1; 6,88314276998924
15608; 10; 0; 0; 1; 1; 7,3522784682964
15620; 20; 0; 0; 1; 1; 15,5460707871041
15622; 20; 0; 0; 1; 1; 8,05892982845749
15630; 2; 1; 0; 1; 0; 7,25575208759062
15641; 16; 0; 0; 1; 1; 16,6911618950588
15650; 10; 0; 0; 1; 1; 7,30727684225079
15686; 10; 0; 0; 1; 1; 16,0950489702459
15707; 10; 0; 0; 1; 1; 9,02600140787238
15709; 10; 0; 0; 1; 1; 17,2078569249731
15725; 2; 1; 0; 1; 0; 5,6182843965829
15726; 19; 0; 0; 1; 1; 8,35888191266874
15740; 16; 0; 0; 1; 1; 16,0950489702353
15754; 10; 0; 0; 1; 1; 12,8259952119719
15772; 19; 0; 0; 1; 1; 6,73212027959477
15775; 16; 0; 0; 1; 1; 14,0831678489559
15775; 10; 0; 0; 1; 1; 13,6033282551217
15776; 19; 0; 0; 1; 1; 6,41109942573188
15798; 2; 0; 0; 1; 1; 14,5405251872174
15804; 19; 0; 0; 1; 1; 18,6432893874071
15810; 16; 0; 0; 1; 1; 12,1299634432872
15829; 16; 0; 0; 1; 1; 12,4586928098241
15830; 10; 0; 0; 1; 1; 17,3552384847884
15831; 19; 0; 0; 1; 1; 12,4660266611453
15837; 10; 0; 0; 1; 1; 10,2423038901565
15863; 18; 0; 0; 1; 1; 7,58082012981596
15865; 19; 0; 0; 1; 1; 14,9592319933744
15866; 16; 0; 0; 1; 1; 14,537463586019
15875; 16; 0; 0; 1; 1; 5,57001409622167
15912; 19; 0; 0; 1; 1; 13,5993018121585
