MAC; alternativas; MasProb; Elección; MaxProb; ElecProb; %linkOK; %linkNO; %DistOK; %DistNO
21; 2; 0; 0; 1; 1; 1; 0; 1; 0
32; 10; 0; 0; 1; 1; 1; 0; 1; 0
46; 10; 0; 0; 1; 1; 1; 0; 1; 0
54; 10; 0; 0; 1; 1; 1; 0; 1; 0
68; 19; 0; 0; 1; 1; 1; 0; 1; 0
74; 13; 0; 0; 1; 1; 1; 0; 1; 0
77; 16; 0; 0; 1; 1; 1; 0; 1; 0
92; 10; 0; 0; 1; 1; 1; 0; 1; 0
108; 18; 0; 0; 1; 1; 1; 0; 1; 0
113; 10; 0; 0; 1; 1; 1; 0; 1; 0
158; 21; 0; 0; 1; 1; 1; 0; 1; 0
164; 2; 0; 1; 1; 0; 0; 0; 0,332790223572103; 0,667209776427897
172; 20; 0; 0; 1; 1; 1; 0; 1; 0
176; 13; 0; 0; 1; 1; 1; 0; 1; 0
191; 10; 0; 0; 1; 1; 1; 0; 1; 0
207; 18; 0; 0; 1; 1; 1; 0; 1; 0
230; 10; 0; 0; 1; 1; 1; 0; 1; 0
231; 10; 0; 0; 1; 1; 1; 0; 1; 0
235; 10; 0; 0; 1; 1; 1; 0; 1; 0
244; 190; 0; 0; 1; 1; 1; 0; 1; 0
257; 16; 0; 0; 1; 1; 1; 0; 1; 0
281; 2; 0; 1; 1; 0; 0; 0; 0,499619597261387; 0,500380402738613
302; 10; 0; 0; 1; 1; 1; 0; 1; 0
321; 10; 0; 0; 1; 1; 1; 0; 1; 0
329; 10; 0; 0; 1; 1; 1; 0; 1; 0
333; 19; 0; 0; 1; 1; 1; 0; 1; 0
340; 19; 0; 0; 1; 1; 1; 0; 1; 0
358; 19; 0; 0; 1; 1; 1; 0; 1; 0
363; 20; 0; 0; 1; 1; 1; 0; 1; 0
368; 10; 0; 0; 1; 1; 1; 0; 1; 0
372; 18; 0; 0; 1; 1; 1; 0; 1; 0
377; 19; 0; 0; 1; 1; 1; 0; 1; 0
386; 10; 0; 0; 1; 1; 1; 0; 1; 0
400; 2; 0; 0; 1; 1; 1; 0; 1; 0
402; 160; 0; 0; 1; 1; 1; 0; 1; 0
412; 16; 0; 0; 1; 1; 1; 0; 1; 0
428; 16; 0; 0; 1; 1; 1; 0; 1; 0
434; 18; 0; 0; 1; 1; 1; 0; 1; 0
454; 13; 0; 0; 1; 1; 1; 0; 1; 0
463; 19; 0; 0; 1; 1; 1; 0; 1; 0
468; 16; 0; 0; 1; 1; 1; 0; 1; 0
473; 2; 0; 0; 1; 1; 1; 0; 1; 0
482; 2; 0; 0; 1; 1; 1; 0; 1; 0
493; 16; 0; 0; 1; 1; 1; 0; 1; 0
528; 20; 0; 0; 1; 1; 1; 0; 1; 0
543; 10; 0; 0; 1; 1; 1; 0; 1; 0
546; 18; 0; 0; 1; 1; 1; 0; 1; 0
570; 10; 0; 0; 1; 1; 1; 0; 1; 0
574; 2; 1; 0; 1; 0; 1; 0; 1; 0
583; 10; 0; 0; 1; 1; 1; 0; 1; 0
620; 23; 0; 0; 1; 1; 1; 0; 1; 0
630; 10; 0; 0; 1; 1; 1; 0; 1; 0
651; 19; 0; 0; 1; 1; 1; 0; 1; 0
673; 18; 0; 0; 1; 1; 1; 0; 1; 0
679; 16; 0; 0; 1; 1; 1; 0; 1; 0
684; 13; 0; 0; 1; 1; 1; 0; 1; 0
718; 2; 0; 0; 1; 1; 1; 0; 1; 0
730; 10; 0; 0; 1; 1; 1; 0; 1; 0
787; 10; 0; 0; 1; 1; 1; 0; 1; 0
817; 10; 0; 0; 1; 1; 1; 0; 1; 0
826; 16; 0; 0; 1; 1; 1; 0; 1; 0
827; 13; 0; 0; 1; 1; 1; 0; 1; 0
828; 10; 0; 0; 1; 1; 1; 0; 1; 0
846; 19; 0; 0; 1; 1; 1; 0; 1; 0
875; 22; 0; 0; 1; 1; 1; 0; 1; 0
881; 23; 0; 0; 1; 1; 1; 0; 1; 0
886; 10; 0; 0; 1; 1; 1; 0; 1; 0
894; 10; 0; 0; 1; 1; 1; 0; 1; 0
919; 160; 0; 0; 1; 1; 1; 0; 1; 0
923; 21; 0; 0; 1; 1; 1; 0; 1; 0
935; 2; 0; 0; 1; 1; 1; 0; 1; 0
960; 10; 0; 0; 1; 1; 1; 0; 1; 0
969; 19; 2; 0; 1; 0; 1; 0; 1; 0
985; 10; 0; 0; 1; 1; 1; 0; 1; 0
991; 19; 0; 0; 1; 1; 1; 0; 1; 0
1015; 13; 0; 0; 1; 1; 1; 0; 1; 0
1051; 16; 0; 0; 1; 1; 1; 0; 1; 0
1054; 16; 0; 0; 1; 1; 1; 0; 1; 0
1061; 10; 0; 0; 1; 1; 1; 0; 1; 0
1063; 10; 0; 0; 1; 1; 1; 0; 1; 0
1070; 160; 0; 0; 1; 1; 1; 0; 1; 0
1093; 16; 0; 0; 1; 1; 1; 0; 1; 0
1098; 10; 0; 0; 1; 1; 1; 0; 1; 0
1102; 16; 0; 0; 1; 1; 1; 0; 1; 0
1127; 16; 0; 0; 1; 1; 1; 0; 1; 0
1145; 10; 0; 0; 1; 1; 1; 0; 1; 0
1155; 21; 0; 0; 1; 1; 1; 0; 1; 0
1187; 16; 0; 0; 1; 1; 1; 0; 1; 0
1208; 10; 0; 0; 1; 1; 1; 0; 1; 0
1211; 10; 0; 0; 1; 1; 1; 0; 1; 0
1236; 10; 0; 0; 1; 1; 1; 0; 1; 0
1244; 19; 0; 0; 1; 1; 1; 0; 1; 0
1249; 10; 0; 0; 1; 1; 1; 0; 1; 0
1250; 20; 0; 0; 1; 1; 1; 0; 1; 0
1271; 2; 0; 0; 1; 1; 1; 0; 1; 0
1273; 19; 0; 0; 1; 1; 1; 0; 1; 0
1294; 10; 0; 0; 1; 1; 1; 0; 1; 0
1306; 19; 0; 0; 1; 1; 1; 0; 1; 0
1315; 20; 0; 0; 1; 1; 1; 0; 1; 0
1316; 10; 0; 0; 1; 1; 1; 0; 1; 0
1331; 36; 0; 0; 1; 1; 1; 0; 1; 0
1342; 16; 0; 0; 1; 1; 1; 0; 1; 0
1347; 18; 0; 0; 1; 1; 1; 0; 1; 0
1364; 16; 0; 0; 1; 1; 1; 0; 1; 0
1370; 160; 0; 0; 1; 1; 1; 0; 1; 0
1376; 2; 0; 0; 1; 1; 1; 0; 1; 0
1384; 2; 0; 0; 1; 1; 1; 0; 1; 0
1395; 20; 0; 0; 1; 1; 1; 0; 1; 0
1422; 10; 0; 0; 1; 1; 1; 0; 1; 0
1471; 2; 0; 0; 1; 1; 1; 0; 1; 0
1484; 20; 0; 0; 1; 1; 1; 0; 1; 0
1502; 20; 0; 0; 1; 1; 1; 0; 1; 0
1504; 10; 0; 0; 1; 1; 1; 0; 1; 0
1507; 21; 0; 0; 1; 1; 1; 0; 1; 0
1522; 20; 0; 0; 1; 1; 1; 0; 1; 0
1527; 10; 0; 0; 1; 1; 1; 0; 1; 0
1540; 10; 0; 0; 1; 1; 1; 0; 1; 0
1553; 23; 0; 0; 1; 1; 1; 0; 1; 0
1581; 19; 0; 0; 1; 1; 1; 0; 1; 0
1587; 2; 0; 0; 1; 1; 1; 0; 1; 0
1588; 20; 0; 0; 1; 1; 1; 0; 1; 0
1597; 19; 0; 0; 1; 1; 1; 0; 1; 0
1607; 10; 0; 0; 1; 1; 1; 0; 1; 0
1620; 16; 0; 0; 1; 1; 1; 0; 1; 0
1633; 10; 0; 0; 1; 1; 1; 0; 1; 0
1649; 23; 0; 0; 1; 1; 1; 0; 1; 0
1673; 20; 0; 0; 1; 1; 1; 0; 1; 0
1675; 2; 1; 0; 1; 0; 1; 0; 1; 0
1684; 19; 0; 0; 1; 1; 1; 0; 1; 0
1687; 2; 0; 0; 1; 1; 1; 0; 1; 0
1688; 19; 0; 0; 1; 1; 1; 0; 1; 0
1691; 23; 0; 0; 1; 1; 1; 0; 1; 0
1692; 2; 0; 0; 1; 1; 1; 0; 1; 0
1703; 3; 1; 2; 1; 0; 0; 0; 0,248741993199409; 0,751258006800591
1716; 23; 0; 0; 1; 1; 1; 0; 1; 0
1726; 13; 0; 0; 1; 1; 1; 0; 1; 0
1753; 10; 0; 0; 1; 1; 1; 0; 1; 0
1771; 2; 0; 0; 1; 1; 1; 0; 1; 0
1779; 10; 0; 0; 1; 1; 1; 0; 1; 0
1793; 10; 0; 0; 1; 1; 1; 0; 1; 0
1808; 23; 0; 0; 1; 1; 1; 0; 1; 0
1809; 23; 0; 0; 1; 1; 1; 0; 1; 0
1811; 23; 0; 0; 1; 1; 1; 0; 1; 0
1813; 16; 0; 0; 1; 1; 1; 0; 1; 0
1842; 19; 0; 0; 1; 1; 1; 0; 1; 0
1884; 18; 0; 0; 1; 1; 1; 0; 1; 0
1898; 18; 0; 0; 1; 1; 1; 0; 1; 0
1944; 20; 0; 0; 1; 1; 1; 0; 1; 0
1945; 10; 0; 0; 1; 1; 1; 0; 1; 0
1946; 10; 0; 0; 1; 1; 1; 0; 1; 0
1954; 21; 0; 0; 1; 1; 1; 0; 1; 0
1956; 16; 0; 0; 1; 1; 1; 0; 1; 0
1974; 10; 0; 0; 1; 1; 1; 0; 1; 0
1980; 20; 0; 0; 1; 1; 1; 0; 1; 0
1984; 15; 0; 0; 1; 1; 1; 0; 1; 0
2008; 23; 0; 0; 1; 1; 1; 0; 1; 0
2031; 19; 0; 0; 1; 1; 1; 0; 1; 0
2058; 2; 0; 0; 1; 1; 1; 0; 1; 0
2059; 19; 17; 0; 0,0526315789473684; 0,0526315789473684; 1; 0; 1; 0
2075; 10; 0; 0; 1; 1; 1; 0; 1; 0
2126; 10; 0; 0; 1; 1; 1; 0; 1; 0
2133; 10; 0; 0; 1; 1; 1; 0; 1; 0
2136; 13; 0; 0; 1; 1; 1; 0; 1; 0
2142; 19; 0; 0; 1; 1; 1; 0; 1; 0
2155; 16; 0; 0; 1; 1; 1; 0; 1; 0
2173; 19; 0; 0; 1; 1; 1; 0; 1; 0
2175; 10; 0; 0; 1; 1; 1; 0; 1; 0
2177; 10; 0; 0; 1; 1; 1; 0; 1; 0
2199; 19; 0; 0; 1; 1; 1; 0; 1; 0
2206; 13; 0; 0; 1; 1; 1; 0; 1; 0
2230; 10; 0; 0; 1; 1; 1; 0; 1; 0
2233; 10; 0; 0; 1; 1; 1; 0; 1; 0
2246; 10; 0; 0; 1; 1; 1; 0; 1; 0
2259; 10; 0; 0; 1; 1; 1; 0; 1; 0
2264; 20; 0; 0; 1; 1; 1; 0; 1; 0
2275; 16; 0; 0; 1; 1; 1; 0; 1; 0
2281; 288; 0; 0; 1; 1; 1; 0; 1; 0
2299; 10; 0; 0; 1; 1; 1; 0; 1; 0
2310; 20; 0; 0; 1; 1; 1; 0; 1; 0
2313; 13; 0; 0; 1; 1; 1; 0; 1; 0
2316; 18; 0; 0; 1; 1; 1; 0; 1; 0
2325; 21; 0; 0; 1; 1; 1; 0; 1; 0
2329; 23; 0; 0; 1; 1; 1; 0; 1; 0
2337; 13; 0; 0; 1; 1; 1; 0; 1; 0
2350; 10; 0; 0; 1; 1; 1; 0; 1; 0
2378; 2; 0; 0; 1; 1; 1; 0; 1; 0
2417; 10; 0; 0; 1; 1; 1; 0; 1; 0
2423; 10; 0; 0; 1; 1; 1; 0; 1; 0
2426; 10; 0; 0; 1; 1; 1; 0; 1; 0
2440; 19; 0; 0; 1; 1; 1; 0; 1; 0
2458; 2; 0; 0; 1; 1; 1; 0; 1; 0
2478; 19; 0; 0; 1; 1; 1; 0; 1; 0
2496; 16; 0; 0; 1; 1; 1; 0; 1; 0
2499; 16; 0; 0; 1; 1; 1; 0; 1; 0
2507; 10; 0; 0; 1; 1; 1; 0; 1; 0
2514; 10; 0; 0; 1; 1; 1; 0; 1; 0
2531; 10; 0; 0; 1; 1; 1; 0; 1; 0
2532; 36; 0; 0; 1; 1; 1; 0; 1; 0
2536; 19; 0; 0; 1; 1; 1; 0; 1; 0
2542; 19; 0; 0; 1; 1; 1; 0; 1; 0
2553; 2; 0; 0; 1; 1; 1; 0; 1; 0
2554; 19; 0; 0; 1; 1; 1; 0; 1; 0
2567; 19; 0; 0; 1; 1; 1; 0; 1; 0
2571; 19; 0; 0; 1; 1; 1; 0; 1; 0
2616; 23; 0; 0; 1; 1; 1; 0; 1; 0
2636; 10; 0; 0; 1; 1; 1; 0; 1; 0
2663; 13; 0; 0; 1; 1; 1; 0; 1; 0
2666; 19; 0; 0; 1; 1; 1; 0; 1; 0
2687; 20; 0; 0; 1; 1; 1; 0; 1; 0
2691; 18; 0; 0; 1; 1; 1; 0; 1; 0
2695; 18; 0; 0; 1; 1; 1; 0; 1; 0
2702; 2; 0; 0; 1; 1; 1; 0; 1; 0
2723; 10; 0; 0; 1; 1; 1; 0; 1; 0
2748; 10; 0; 0; 1; 1; 1; 0; 1; 0
2750; 2; 1; 1; 1; 1; 0; 0; 0,331582898370668; 0,668417101629332
2760; 19; 0; 0; 1; 1; 1; 0; 1; 0
2762; 20; 0; 0; 1; 1; 1; 0; 1; 0
2766; 36; 0; 0; 1; 1; 1; 0; 1; 0
2798; 10; 0; 0; 1; 1; 1; 0; 1; 0
2814; 2; 1; 1; 1; 1; 0; 0; 0,331582898370668; 0,668417101629332
2822; 16; 0; 0; 1; 1; 1; 0; 1; 0
2824; 10; 0; 0; 1; 1; 1; 0; 1; 0
2832; 10; 0; 0; 1; 1; 1; 0; 1; 0
2845; 16; 0; 0; 1; 1; 1; 0; 1; 0
2856; 2; 0; 0; 1; 1; 1; 0; 1; 0
2875; 20; 0; 0; 1; 1; 1; 0; 1; 0
2877; 10; 0; 0; 1; 1; 1; 0; 1; 0
2883; 20; 0; 0; 1; 1; 1; 0; 1; 0
2898; 19; 0; 0; 1; 1; 1; 0; 1; 0
2903; 20; 0; 0; 1; 1; 1; 0; 1; 0
2935; 19; 0; 0; 1; 1; 1; 0; 1; 0
2936; 10; 0; 0; 1; 1; 1; 0; 1; 0
2940; 10; 0; 0; 1; 1; 1; 0; 1; 0
2957; 150; 0; 0; 1; 1; 1; 0; 1; 0
2959; 13; 0; 0; 1; 1; 1; 0; 1; 0
2990; 10; 0; 0; 1; 1; 1; 0; 1; 0
3011; 16; 0; 0; 1; 1; 1; 0; 1; 0
3018; 10; 0; 0; 1; 1; 1; 0; 1; 0
3053; 10; 0; 0; 1; 1; 1; 0; 1; 0
3060; 2; 0; 0; 1; 1; 1; 0; 1; 0
3066; 2; 0; 1; 1; 0; 0; 0; 0,248629335125633; 0,751370664874367
3081; 10; 0; 0; 1; 1; 1; 0; 1; 0
3082; 19; 0; 0; 1; 1; 1; 0; 1; 0
3095; 20; 0; 0; 1; 1; 1; 0; 1; 0
3116; 13; 0; 0; 1; 1; 1; 0; 1; 0
3121; 2; 0; 1; 1; 0; 0; 0; 0,249787733109149; 0,750212266890851
3148; 20; 0; 0; 1; 1; 1; 0; 1; 0
3152; 19; 0; 0; 1; 1; 1; 0; 1; 0
3158; 20; 0; 0; 1; 1; 1; 0; 1; 0
3160; 19; 0; 0; 1; 1; 1; 0; 1; 0
3169; 13; 0; 0; 1; 1; 1; 0; 1; 0
3185; 18; 0; 0; 1; 1; 1; 0; 1; 0
3212; 23; 0; 0; 1; 1; 1; 0; 1; 0
3214; 2; 1; 1; 1; 1; 0; 0; 0,332132797202093; 0,667867202797907
3220; 10; 0; 0; 1; 1; 1; 0; 1; 0
3229; 18; 0; 0; 1; 1; 1; 0; 1; 0
3252; 19; 0; 0; 1; 1; 1; 0; 1; 0
3321; 16; 0; 0; 1; 1; 1; 0; 1; 0
3323; 19; 1; 0; 1; 0; 1; 0; 1; 0
3325; 10; 0; 0; 1; 1; 1; 0; 1; 0
3332; 10; 0; 0; 1; 1; 1; 0; 1; 0
3336; 2; 1; 1; 1; 1; 0; 0; 0,3333415426568; 0,6666584573432
3345; 13; 0; 0; 1; 1; 1; 0; 1; 0
3347; 19; 0; 0; 1; 1; 1; 0; 1; 0
3354; 19; 0; 0; 1; 1; 1; 0; 1; 0
3369; 10; 0; 0; 1; 1; 1; 0; 1; 0
3395; 23; 0; 0; 1; 1; 1; 0; 1; 0
3402; 19; 0; 0; 1; 1; 1; 0; 1; 0
3414; 19; 0; 0; 1; 1; 1; 0; 1; 0
3420; 19; 0; 0; 1; 1; 1; 0; 1; 0
3440; 19; 0; 0; 1; 1; 1; 0; 1; 0
3465; 2; 1; 1; 1; 1; 0; 0; 0,249209571837016; 0,750790428162984
3472; 18; 0; 0; 1; 1; 1; 0; 1; 0
3477; 13; 0; 0; 1; 1; 1; 0; 1; 0
3492; 160; 0; 0; 1; 1; 1; 0; 1; 0
3539; 19; 0; 0; 1; 1; 1; 0; 1; 0
3570; 20; 0; 0; 1; 1; 1; 0; 1; 0
3573; 2; 0; 0; 1; 1; 1; 0; 1; 0
3589; 10; 0; 0; 1; 1; 1; 0; 1; 0
3594; 19; 0; 0; 1; 1; 1; 0; 1; 0
3600; 19; 0; 0; 1; 1; 1; 0; 1; 0
3676; 18; 0; 0; 1; 1; 1; 0; 1; 0
3843; 16; 0; 0; 1; 1; 1; 0; 1; 0
3846; 20; 0; 0; 1; 1; 1; 0; 1; 0
3875; 10; 0; 0; 1; 1; 1; 0; 1; 0
3902; 19; 0; 0; 1; 1; 1; 0; 1; 0
3926; 2; 0; 0; 1; 1; 1; 0; 1; 0
3954; 19; 0; 0; 1; 1; 1; 0; 1; 0
3958; 19; 0; 0; 1; 1; 1; 0; 1; 0
3968; 18; 0; 0; 1; 1; 1; 0; 1; 0
3970; 10; 0; 0; 1; 1; 1; 0; 1; 0
3972; 10; 0; 0; 1; 1; 1; 0; 1; 0
3984; 10; 0; 0; 1; 1; 1; 0; 1; 0
3997; 10; 0; 0; 1; 1; 1; 0; 1; 0
4003; 10; 0; 0; 1; 1; 1; 0; 1; 0
4013; 10; 0; 0; 1; 1; 1; 0; 1; 0
4029; 2; 0; 0; 1; 1; 1; 0; 1; 0
4034; 2; 1; 0; 1; 0; 1; 0; 1; 0
4044; 13; 0; 0; 1; 1; 1; 0; 1; 0
4049; 10; 0; 0; 1; 1; 1; 0; 1; 0
4055; 20; 0; 0; 1; 1; 1; 0; 1; 0
4069; 10; 0; 0; 1; 1; 1; 0; 1; 0
4083; 19; 0; 0; 1; 1; 1; 0; 1; 0
4106; 20; 0; 0; 1; 1; 1; 0; 1; 0
4124; 18; 0; 0; 1; 1; 1; 0; 1; 0
4125; 10; 0; 0; 1; 1; 1; 0; 1; 0
4128; 10; 0; 0; 1; 1; 1; 0; 1; 0
4129; 19; 0; 0; 1; 1; 1; 0; 1; 0
4136; 19; 0; 0; 1; 1; 1; 0; 1; 0
4144; 10; 0; 0; 1; 1; 1; 0; 1; 0
4147; 10; 0; 0; 1; 1; 1; 0; 1; 0
4166; 19; 0; 0; 1; 1; 1; 0; 1; 0
4186; 19; 0; 0; 1; 1; 1; 0; 1; 0
4193; 16; 0; 0; 1; 1; 1; 0; 1; 0
4208; 10; 0; 0; 1; 1; 1; 0; 1; 0
4214; 18; 0; 0; 1; 1; 1; 0; 1; 0
4223; 23; 0; 0; 1; 1; 1; 0; 1; 0
4225; 2; 0; 1; 1; 0; 0; 0; 0,499662038165893; 0,500337961834107
4234; 2; 0; 0; 1; 1; 1; 0; 1; 0
4238; 16; 0; 0; 1; 1; 1; 0; 1; 0
4273; 10; 0; 0; 1; 1; 1; 0; 1; 0
4278; 10; 0; 0; 1; 1; 1; 0; 1; 0
4293; 3; 1; 1; 1; 1; 0; 1; 0; 1
4311; 10; 0; 0; 1; 1; 1; 0; 1; 0
4316; 23; 0; 0; 1; 1; 1; 0; 1; 0
4317; 20; 0; 0; 1; 1; 1; 0; 1; 0
4331; 19; 0; 0; 1; 1; 1; 0; 1; 0
4335; 16; 0; 0; 1; 1; 1; 0; 1; 0
4351; 21; 0; 0; 1; 1; 1; 0; 1; 0
4354; 2; 0; 0; 1; 1; 1; 0; 1; 0
4355; 3; 1; 1; 1; 1; 0; 0; 0,499766539309253; 0,500233460690747
4392; 2; 1; 1; 1; 1; 0; 0; 0,500256624585928; 0,499743375414072
4415; 10; 0; 0; 1; 1; 1; 0; 1; 0
4427; 10; 0; 0; 1; 1; 1; 0; 1; 0
4434; 10; 0; 0; 1; 1; 1; 0; 1; 0
4436; 19; 0; 0; 1; 1; 1; 0; 1; 0
4457; 2; 0; 0; 1; 1; 1; 0; 1; 0
4486; 10; 0; 0; 1; 1; 1; 0; 1; 0
4488; 20; 0; 0; 1; 1; 1; 0; 1; 0
4510; 20; 0; 0; 1; 1; 1; 0; 1; 0
4512; 10; 0; 0; 1; 1; 1; 0; 1; 0
4543; 10; 0; 0; 1; 1; 1; 0; 1; 0
4562; 13; 0; 0; 1; 1; 1; 0; 1; 0
4577; 10; 0; 0; 1; 1; 1; 0; 1; 0
4590; 2; 0; 0; 1; 1; 1; 0; 1; 0
4592; 10; 0; 0; 1; 1; 1; 0; 1; 0
4595; 10; 0; 0; 1; 1; 1; 0; 1; 0
4598; 19; 0; 0; 1; 1; 1; 0; 1; 0
4601; 10; 0; 0; 1; 1; 1; 0; 1; 0
4621; 19; 0; 0; 1; 1; 1; 0; 1; 0
4622; 10; 0; 0; 1; 1; 1; 0; 1; 0
4627; 13; 0; 0; 1; 1; 1; 0; 1; 0
4628; 10; 0; 0; 1; 1; 1; 0; 1; 0
4666; 10; 0; 0; 1; 1; 1; 0; 1; 0
4704; 18; 0; 0; 1; 1; 1; 0; 1; 0
4706; 2; 0; 0; 1; 1; 1; 0; 1; 0
4747; 10; 0; 0; 1; 1; 1; 0; 1; 0
4755; 2; 0; 0; 1; 1; 1; 0; 1; 0
4758; 2; 0; 0; 1; 1; 1; 0; 1; 0
4783; 2; 0; 0; 1; 1; 1; 0; 1; 0
4793; 2; 0; 0; 1; 1; 1; 0; 1; 0
4812; 16; 0; 0; 1; 1; 1; 0; 1; 0
4824; 19; 0; 0; 1; 1; 1; 0; 1; 0
4859; 18; 0; 0; 1; 1; 1; 0; 1; 0
4863; 10; 0; 0; 1; 1; 1; 0; 1; 0
4881; 19; 0; 0; 1; 1; 1; 0; 1; 0
4914; 20; 0; 0; 1; 1; 1; 0; 1; 0
4916; 10; 0; 0; 1; 1; 1; 0; 1; 0
4924; 16; 0; 0; 1; 1; 1; 0; 1; 0
4927; 2; 0; 0; 1; 1; 1; 0; 1; 0
4932; 2; 1; 0; 1; 0; 1; 0; 1; 0
4936; 19; 0; 0; 1; 1; 1; 0; 1; 0
4952; 10; 0; 0; 1; 1; 1; 0; 1; 0
4968; 10; 0; 0; 1; 1; 1; 0; 1; 0
4970; 10; 0; 0; 1; 1; 1; 0; 1; 0
5018; 19; 0; 0; 1; 1; 1; 0; 1; 0
5049; 19; 0; 0; 1; 1; 1; 0; 1; 0
5067; 10; 0; 0; 1; 1; 1; 0; 1; 0
5077; 23; 0; 0; 1; 1; 1; 0; 1; 0
5140; 2; 1; 0; 1; 0; 1; 0; 1; 0
5144; 10; 0; 0; 1; 1; 1; 0; 1; 0
5157; 2; 0; 0; 1; 1; 1; 0; 1; 0
5176; 19; 0; 0; 1; 1; 1; 0; 1; 0
5192; 10; 0; 0; 1; 1; 1; 0; 1; 0
5275; 10; 0; 0; 1; 1; 1; 0; 1; 0
5277; 18; 0; 0; 1; 1; 1; 0; 1; 0
5279; 19; 0; 0; 1; 1; 1; 0; 1; 0
5281; 10; 0; 0; 1; 1; 1; 0; 1; 0
5302; 361; 0; 0; 1; 1; 1; 0; 1; 0
5306; 2; 0; 0; 1; 1; 1; 0; 1; 0
5335; 16; 0; 0; 1; 1; 1; 0; 1; 0
5344; 18; 0; 0; 1; 1; 1; 0; 1; 0
5358; 16; 0; 0; 1; 1; 1; 0; 1; 0
5359; 16; 0; 0; 1; 1; 1; 0; 1; 0
5370; 10; 0; 0; 1; 1; 1; 0; 1; 0
5375; 16; 0; 0; 1; 1; 1; 0; 1; 0
5397; 16; 0; 0; 1; 1; 1; 0; 1; 0
5402; 13; 0; 0; 1; 1; 1; 0; 1; 0
5413; 18; 0; 0; 1; 1; 1; 0; 1; 0
5440; 19; 0; 0; 1; 1; 1; 0; 1; 0
5452; 19; 0; 0; 1; 1; 1; 0; 1; 0
5464; 16; 0; 0; 1; 1; 1; 0; 1; 0
5495; 16; 0; 0; 1; 1; 1; 0; 1; 0
5518; 2; 0; 0; 1; 1; 1; 0; 1; 0
5533; 2; 0; 0; 1; 1; 1; 0; 1; 0
5548; 19; 0; 0; 1; 1; 1; 0; 1; 0
5564; 10; 0; 0; 1; 1; 1; 0; 1; 0
5569; 10; 0; 0; 1; 1; 1; 0; 1; 0
5591; 2; 0; 0; 1; 1; 1; 0; 1; 0
5601; 19; 0; 0; 1; 1; 1; 0; 1; 0
5659; 19; 0; 0; 1; 1; 1; 0; 1; 0
5691; 13; 0; 0; 1; 1; 1; 0; 1; 0
5692; 10; 0; 0; 1; 1; 1; 0; 1; 0
5716; 16; 0; 0; 1; 1; 1; 0; 1; 0
5725; 2; 0; 0; 1; 1; 1; 0; 1; 0
5732; 10; 0; 0; 1; 1; 1; 0; 1; 0
5735; 10; 0; 0; 1; 1; 1; 0; 1; 0
5747; 342; 0; 0; 1; 1; 1; 0; 1; 0
5783; 10; 0; 0; 1; 1; 1; 0; 1; 0
5788; 20; 0; 0; 1; 1; 1; 0; 1; 0
5798; 16; 0; 0; 1; 1; 1; 0; 1; 0
5804; 2; 0; 0; 1; 1; 1; 0; 1; 0
5827; 19; 0; 0; 1; 1; 1; 0; 1; 0
5874; 3; 0; 0; 1; 1; 1; 0; 1; 0
5876; 3; 0; 0; 1; 1; 1; 0; 1; 0
5885; 16; 0; 0; 1; 1; 1; 0; 1; 0
5888; 10; 0; 0; 1; 1; 1; 0; 1; 0
5910; 19; 0; 0; 1; 1; 1; 0; 1; 0
5925; 10; 0; 0; 1; 1; 1; 0; 1; 0
5932; 18; 0; 0; 1; 1; 1; 0; 1; 0
5937; 10; 0; 0; 1; 1; 1; 0; 1; 0
5951; 10; 0; 0; 1; 1; 1; 0; 1; 0
5960; 10; 0; 0; 1; 1; 1; 0; 1; 0
5980; 18; 0; 0; 1; 1; 1; 0; 1; 0
5984; 2; 1; 1; 1; 1; 0; 0; 0,33305199406266; 0,66694800593734
6007; 10; 0; 0; 1; 1; 1; 0; 1; 0
6032; 18; 0; 0; 1; 1; 1; 0; 1; 0
6042; 19; 0; 0; 1; 1; 1; 0; 1; 0
6048; 10; 0; 0; 1; 1; 1; 0; 1; 0
6054; 10; 0; 0; 1; 1; 1; 0; 1; 0
6061; 2; 0; 0; 1; 1; 1; 0; 1; 0
6062; 19; 0; 0; 1; 1; 1; 0; 1; 0
6076; 2; 1; 1; 1; 1; 0; 1; 0; 1
6094; 2; 0; 0; 1; 1; 1; 0; 1; 0
6096; 19; 0; 0; 1; 1; 1; 0; 1; 0
6108; 10; 0; 0; 1; 1; 1; 0; 1; 0
6112; 10; 0; 0; 1; 1; 1; 0; 1; 0
6118; 10; 0; 0; 1; 1; 1; 0; 1; 0
6130; 10; 0; 0; 1; 1; 1; 0; 1; 0
6137; 20; 0; 0; 1; 1; 1; 0; 1; 0
6169; 20; 0; 0; 1; 1; 1; 0; 1; 0
6174; 19; 0; 0; 1; 1; 1; 0; 1; 0
6206; 10; 0; 0; 1; 1; 1; 0; 1; 0
6209; 19; 0; 0; 1; 1; 1; 0; 1; 0
6224; 18; 0; 0; 1; 1; 1; 0; 1; 0
6227; 13; 0; 0; 1; 1; 1; 0; 1; 0
6243; 13; 0; 0; 1; 1; 1; 0; 1; 0
6244; 19; 0; 0; 1; 1; 1; 0; 1; 0
6246; 16; 0; 0; 1; 1; 1; 0; 1; 0
6280; 10; 0; 0; 1; 1; 1; 0; 1; 0
6288; 16; 0; 0; 1; 1; 1; 0; 1; 0
6296; 16; 0; 0; 1; 1; 1; 0; 1; 0
6334; 2; 0; 0; 1; 1; 1; 0; 1; 0
6341; 10; 0; 0; 1; 1; 1; 0; 1; 0
6343; 10; 0; 0; 1; 1; 1; 0; 1; 0
6344; 13; 0; 0; 1; 1; 1; 0; 1; 0
6346; 200; 0; 0; 1; 1; 1; 0; 1; 0
6370; 2; 0; 0; 1; 1; 1; 0; 1; 0
6371; 20; 0; 0; 1; 1; 1; 0; 1; 0
6379; 2; 1; 0; 1; 0; 1; 0; 1; 0
6381; 10; 0; 0; 1; 1; 1; 0; 1; 0
6389; 2; 0; 0; 1; 1; 1; 0; 1; 0
6398; 2; 0; 0; 1; 1; 1; 0; 1; 0
6408; 10; 0; 0; 1; 1; 1; 0; 1; 0
6444; 10; 0; 0; 1; 1; 1; 0; 1; 0
6463; 20; 0; 0; 1; 1; 1; 0; 1; 0
6503; 10; 0; 0; 1; 1; 1; 0; 1; 0
6507; 23; 0; 0; 1; 1; 1; 0; 1; 0
6534; 10; 0; 0; 1; 1; 1; 0; 1; 0
6594; 10; 0; 0; 1; 1; 1; 0; 1; 0
6644; 19; 0; 0; 1; 1; 1; 0; 1; 0
6678; 342; 0; 0; 1; 1; 1; 0; 1; 0
6718; 10; 0; 0; 1; 1; 1; 0; 1; 0
6724; 16; 0; 0; 1; 1; 1; 0; 1; 0
6727; 20; 0; 0; 1; 1; 1; 0; 1; 0
6739; 10; 0; 0; 1; 1; 1; 0; 1; 0
6749; 10; 0; 0; 1; 1; 1; 0; 1; 0
6752; 10; 0; 0; 1; 1; 1; 0; 1; 0
6774; 10; 0; 0; 1; 1; 1; 0; 1; 0
6782; 10; 0; 0; 1; 1; 1; 0; 1; 0
6804; 18; 0; 0; 1; 1; 1; 0; 1; 0
6812; 19; 0; 0; 1; 1; 1; 0; 1; 0
6826; 2; 0; 0; 1; 1; 1; 0; 1; 0
6836; 10; 0; 0; 1; 1; 1; 0; 1; 0
6837; 10; 0; 0; 1; 1; 1; 0; 1; 0
6863; 19; 0; 0; 1; 1; 1; 0; 1; 0
6877; 20; 0; 0; 1; 1; 1; 0; 1; 0
6889; 19; 0; 0; 1; 1; 1; 0; 1; 0
6900; 10; 0; 0; 1; 1; 1; 0; 1; 0
6907; 18; 0; 0; 1; 1; 1; 0; 1; 0
6909; 18; 0; 0; 1; 1; 1; 0; 1; 0
6916; 19; 0; 0; 1; 1; 1; 0; 1; 0
6923; 18; 0; 0; 1; 1; 1; 0; 1; 0
6934; 10; 0; 0; 1; 1; 1; 0; 1; 0
6956; 10; 0; 0; 1; 1; 1; 0; 1; 0
6963; 19; 0; 0; 1; 1; 1; 0; 1; 0
6966; 10; 0; 0; 1; 1; 1; 0; 1; 0
6967; 20; 0; 0; 1; 1; 1; 0; 1; 0
6976; 3; 0; 0; 1; 1; 1; 0; 1; 0
6990; 15; 0; 0; 1; 1; 1; 0; 1; 0
7040; 10; 0; 0; 1; 1; 1; 0; 1; 0
7041; 16; 0; 0; 1; 1; 1; 0; 1; 0
7046; 10; 0; 0; 1; 1; 1; 0; 1; 0
7047; 16; 0; 0; 1; 1; 1; 0; 1; 0
7049; 10; 0; 0; 1; 1; 1; 0; 1; 0
7056; 16; 0; 0; 1; 1; 1; 0; 1; 0
7059; 19; 0; 0; 1; 1; 1; 0; 1; 0
7065; 18; 0; 0; 1; 1; 1; 0; 1; 0
7090; 2; 0; 1; 1; 0; 0; 1; 0; 1
7092; 13; 0; 0; 1; 1; 1; 0; 1; 0
7095; 10; 0; 0; 1; 1; 1; 0; 1; 0
7111; 19; 0; 0; 1; 1; 1; 0; 1; 0
7114; 2; 0; 0; 1; 1; 1; 0; 1; 0
7120; 21; 0; 0; 1; 1; 1; 0; 1; 0
7128; 16; 0; 0; 1; 1; 1; 0; 1; 0
7141; 23; 0; 0; 1; 1; 1; 0; 1; 0
7143; 16; 0; 0; 1; 1; 1; 0; 1; 0
7151; 18; 0; 0; 1; 1; 1; 0; 1; 0
7168; 16; 0; 0; 1; 1; 1; 0; 1; 0
7175; 10; 0; 0; 1; 1; 1; 0; 1; 0
7200; 10; 0; 0; 1; 1; 1; 0; 1; 0
7213; 13; 0; 0; 1; 1; 1; 0; 1; 0
7262; 10; 0; 0; 1; 1; 1; 0; 1; 0
7270; 15; 0; 0; 1; 1; 1; 0; 1; 0
7278; 18; 0; 0; 1; 1; 1; 0; 1; 0
7279; 20; 0; 0; 1; 1; 1; 0; 1; 0
7283; 3; 0; 0; 1; 1; 1; 0; 1; 0
7287; 2; 0; 0; 1; 1; 1; 0; 1; 0
7318; 19; 0; 0; 1; 1; 1; 0; 1; 0
7332; 10; 0; 0; 1; 1; 1; 0; 1; 0
7335; 10; 0; 0; 1; 1; 1; 0; 1; 0
7345; 19; 0; 0; 1; 1; 1; 0; 1; 0
7352; 19; 0; 0; 1; 1; 1; 0; 1; 0
7366; 2; 0; 0; 1; 1; 1; 0; 1; 0
7395; 10; 0; 0; 1; 1; 1; 0; 1; 0
7418; 15; 0; 0; 1; 1; 1; 0; 1; 0
7437; 10; 0; 0; 1; 1; 1; 0; 1; 0
7449; 10; 0; 0; 1; 1; 1; 0; 1; 0
7450; 19; 0; 0; 1; 1; 1; 0; 1; 0
7471; 23; 0; 0; 1; 1; 1; 0; 1; 0
7475; 18; 0; 0; 1; 1; 1; 0; 1; 0
7476; 18; 0; 0; 1; 1; 1; 0; 1; 0
7492; 2; 0; 0; 1; 1; 1; 0; 1; 0
7495; 2; 0; 0; 1; 1; 1; 0; 1; 0
7497; 19; 0; 0; 1; 1; 1; 0; 1; 0
7517; 15; 0; 0; 1; 1; 1; 0; 1; 0
7522; 16; 0; 0; 1; 1; 1; 0; 1; 0
7533; 19; 0; 0; 1; 1; 1; 0; 1; 0
7552; 10; 0; 0; 1; 1; 1; 0; 1; 0
7564; 16; 0; 0; 1; 1; 1; 0; 1; 0
7571; 18; 0; 0; 1; 1; 1; 0; 1; 0
7576; 10; 0; 0; 1; 1; 1; 0; 1; 0
7580; 10; 0; 0; 1; 1; 1; 0; 1; 0
7582; 10; 0; 0; 1; 1; 1; 0; 1; 0
7584; 2; 0; 0; 1; 1; 1; 0; 1; 0
7597; 16; 0; 0; 1; 1; 1; 0; 1; 0
7657; 13; 0; 0; 1; 1; 1; 0; 1; 0
7662; 342; 0; 0; 1; 1; 1; 0; 1; 0
7668; 20; 0; 0; 1; 1; 1; 0; 1; 0
7680; 19; 0; 0; 1; 1; 1; 0; 1; 0
7684; 18; 0; 0; 1; 1; 1; 0; 1; 0
7692; 2; 0; 0; 1; 1; 1; 0; 1; 0
7703; 16; 0; 0; 1; 1; 1; 0; 1; 0
7710; 2; 0; 1; 1; 0; 0; 0; 0,333995352560381; 0,66600464743962
7724; 10; 0; 0; 1; 1; 1; 0; 1; 0
7739; 10; 0; 0; 1; 1; 1; 0; 1; 0
7766; 10; 1; 0; 1; 0; 1; 0; 1; 0
7787; 10; 0; 0; 1; 1; 1; 0; 1; 0
7807; 16; 0; 0; 1; 1; 1; 0; 1; 0
7815; 19; 0; 0; 1; 1; 1; 0; 1; 0
7820; 19; 0; 0; 1; 1; 1; 0; 1; 0
7841; 10; 0; 0; 1; 1; 1; 0; 1; 0
7843; 2; 0; 0; 1; 1; 1; 0; 1; 0
7869; 19; 0; 0; 1; 1; 1; 0; 1; 0
7875; 19; 0; 0; 1; 1; 1; 0; 1; 0
7886; 2; 0; 0; 1; 1; 1; 0; 1; 0
7891; 10; 0; 0; 1; 1; 1; 0; 1; 0
7904; 18; 0; 0; 1; 1; 1; 0; 1; 0
7935; 19; 0; 0; 1; 1; 1; 0; 1; 0
7937; 19; 0; 0; 1; 1; 1; 0; 1; 0
7939; 2; 1; 0; 0,5; 0,5; 1; 0; 1; 0
7983; 19; 0; 0; 1; 1; 1; 0; 1; 0
7989; 10; 0; 0; 1; 1; 1; 0; 1; 0
8005; 10; 0; 0; 1; 1; 1; 0; 1; 0
8007; 13; 0; 0; 1; 1; 1; 0; 1; 0
8040; 10; 0; 0; 1; 1; 1; 0; 1; 0
8050; 19; 0; 0; 1; 1; 1; 0; 1; 0
8072; 10; 0; 0; 1; 1; 1; 0; 1; 0
8075; 16; 0; 0; 1; 1; 1; 0; 1; 0
8084; 10; 0; 0; 1; 1; 1; 0; 1; 0
8096; 18; 0; 0; 1; 1; 1; 0; 1; 0
8197; 15; 14; 0; 0,0666666666666667; 0,0666666666666667; 1; 0; 1; 0
8214; 18; 0; 0; 1; 1; 1; 0; 1; 0
8224; 16; 0; 0; 1; 1; 1; 0; 1; 0
8227; 19; 0; 0; 1; 1; 1; 0; 1; 0
8245; 16; 0; 0; 1; 1; 1; 0; 1; 0
8263; 16; 0; 0; 1; 1; 1; 0; 1; 0
8290; 10; 0; 0; 1; 1; 1; 0; 1; 0
8296; 19; 0; 0; 1; 1; 1; 0; 1; 0
8304; 16; 0; 0; 1; 1; 1; 0; 1; 0
8309; 13; 0; 0; 1; 1; 1; 0; 1; 0
8359; 19; 0; 0; 1; 1; 1; 0; 1; 0
8361; 20; 0; 0; 1; 1; 1; 0; 1; 0
8373; 10; 0; 0; 1; 1; 1; 0; 1; 0
8375; 10; 0; 0; 1; 1; 1; 0; 1; 0
8381; 10; 0; 0; 1; 1; 1; 0; 1; 0
8400; 2; 0; 0; 1; 1; 1; 0; 1; 0
8403; 2; 0; 0; 1; 1; 1; 0; 1; 0
8413; 10; 0; 0; 1; 1; 1; 0; 1; 0
8419; 2; 0; 0; 1; 1; 1; 0; 1; 0
8436; 19; 0; 0; 1; 1; 1; 0; 1; 0
8445; 20; 0; 0; 1; 1; 1; 0; 1; 0
8451; 19; 0; 0; 1; 1; 1; 0; 1; 0
8452; 2; 0; 0; 1; 1; 1; 0; 1; 0
8456; 19; 0; 0; 1; 1; 1; 0; 1; 0
8463; 2; 0; 0; 1; 1; 1; 0; 1; 0
8464; 10; 0; 0; 1; 1; 1; 0; 1; 0
8489; 10; 0; 0; 1; 1; 1; 0; 1; 0
8496; 2; 0; 0; 1; 1; 1; 0; 1; 0
8530; 19; 0; 0; 1; 1; 1; 0; 1; 0
8534; 16; 0; 0; 1; 1; 1; 0; 1; 0
8537; 10; 0; 0; 1; 1; 1; 0; 1; 0
8540; 18; 0; 0; 1; 1; 1; 0; 1; 0
8545; 10; 0; 0; 1; 1; 1; 0; 1; 0
8565; 3; 1; 2; 1; 0; 0; 0; 0,249836158183357; 0,750163841816643
8578; 19; 0; 0; 1; 1; 1; 0; 1; 0
8596; 10; 0; 0; 1; 1; 1; 0; 1; 0
8600; 10; 0; 0; 1; 1; 1; 0; 1; 0
8608; 19; 0; 0; 1; 1; 1; 0; 1; 0
8609; 10; 0; 0; 1; 1; 1; 0; 1; 0
8614; 21; 0; 0; 1; 1; 1; 0; 1; 0
8623; 10; 0; 0; 1; 1; 1; 0; 1; 0
8634; 20; 0; 0; 1; 1; 1; 0; 1; 0
8642; 15; 0; 0; 1; 1; 1; 0; 1; 0
8661; 16; 0; 0; 1; 1; 1; 0; 1; 0
8669; 16; 0; 0; 1; 1; 1; 0; 1; 0
8674; 19; 0; 0; 1; 1; 1; 0; 1; 0
8700; 21; 0; 0; 1; 1; 1; 0; 1; 0
8703; 2; 0; 0; 1; 1; 1; 0; 1; 0
8705; 16; 0; 0; 1; 1; 1; 0; 1; 0
8707; 19; 0; 0; 1; 1; 1; 0; 1; 0
8713; 2; 0; 0; 1; 1; 1; 0; 1; 0
8736; 19; 0; 0; 1; 1; 1; 0; 1; 0
8737; 18; 0; 0; 1; 1; 1; 0; 1; 0
8749; 19; 0; 0; 1; 1; 1; 0; 1; 0
8796; 15; 0; 0; 1; 1; 1; 0; 1; 0
8804; 342; 0; 0; 1; 1; 1; 0; 1; 0
8810; 10; 0; 0; 1; 1; 1; 0; 1; 0
8822; 10; 0; 0; 1; 1; 1; 0; 1; 0
8823; 10; 0; 0; 1; 1; 1; 0; 1; 0
8824; 10; 0; 0; 1; 1; 1; 0; 1; 0
8831; 18; 0; 0; 1; 1; 1; 0; 1; 0
8839; 16; 0; 0; 1; 1; 1; 0; 1; 0
8856; 13; 0; 0; 1; 1; 1; 0; 1; 0
8857; 19; 0; 0; 1; 1; 1; 0; 1; 0
8865; 160; 0; 0; 1; 1; 1; 0; 1; 0
8877; 10; 0; 0; 1; 1; 1; 0; 1; 0
8878; 19; 0; 0; 1; 1; 1; 0; 1; 0
8886; 20; 0; 0; 1; 1; 1; 0; 1; 0
8904; 42; 0; 0; 1; 1; 1; 0; 1; 0
8915; 19; 0; 0; 1; 1; 1; 0; 1; 0
8916; 20; 0; 0; 1; 1; 1; 0; 1; 0
8921; 13; 0; 0; 1; 1; 1; 0; 1; 0
8922; 18; 0; 0; 1; 1; 1; 0; 1; 0
8926; 18; 0; 0; 1; 1; 1; 0; 1; 0
8935; 23; 0; 0; 1; 1; 1; 0; 1; 0
8948; 2; 0; 0; 1; 1; 1; 0; 1; 0
8951; 10; 0; 0; 1; 1; 1; 0; 1; 0
8961; 10; 0; 0; 1; 1; 1; 0; 1; 0
8962; 10; 0; 0; 1; 1; 1; 0; 1; 0
8975; 18; 0; 0; 1; 1; 1; 0; 1; 0
8976; 2; 0; 1; 1; 0; 0; 1; 0; 1
9005; 10; 0; 0; 1; 1; 1; 0; 1; 0
9040; 16; 0; 0; 1; 1; 1; 0; 1; 0
9044; 3; 0; 0; 1; 1; 1; 0; 1; 0
9060; 22; 0; 0; 1; 1; 1; 0; 1; 0
9089; 2; 0; 0; 1; 1; 1; 0; 1; 0
9117; 16; 0; 0; 1; 1; 1; 0; 1; 0
9123; 10; 0; 0; 1; 1; 1; 0; 1; 0
9172; 170; 0; 0; 1; 1; 1; 0; 1; 0
9173; 10; 0; 0; 1; 1; 1; 0; 1; 0
9185; 18; 0; 0; 1; 1; 1; 0; 1; 0
9201; 18; 0; 0; 1; 1; 1; 0; 1; 0
9205; 10; 0; 0; 1; 1; 1; 0; 1; 0
9212; 10; 0; 0; 1; 1; 1; 0; 1; 0
9213; 10; 0; 0; 1; 1; 1; 0; 1; 0
9220; 18; 0; 0; 1; 1; 1; 0; 1; 0
9240; 13; 0; 0; 1; 1; 1; 0; 1; 0
9253; 2; 0; 1; 1; 0; 0; 0; 0,500296553284424; 0,499703446715576
9258; 19; 0; 0; 1; 1; 1; 0; 1; 0
9260; 10; 0; 0; 1; 1; 1; 0; 1; 0
9262; 10; 0; 0; 1; 1; 1; 0; 1; 0
9285; 19; 0; 0; 1; 1; 1; 0; 1; 0
9298; 20; 0; 0; 1; 1; 1; 0; 1; 0
9313; 13; 0; 0; 1; 1; 1; 0; 1; 0
9314; 2; 0; 0; 1; 1; 1; 0; 1; 0
9331; 20; 0; 0; 1; 1; 1; 0; 1; 0
9355; 10; 0; 0; 1; 1; 1; 0; 1; 0
9364; 2; 0; 0; 1; 1; 1; 0; 1; 0
9381; 10; 0; 0; 1; 1; 1; 0; 1; 0
9403; 13; 0; 0; 1; 1; 1; 0; 1; 0
9421; 20; 0; 0; 1; 1; 1; 0; 1; 0
9423; 2; 0; 0; 1; 1; 1; 0; 1; 0
9432; 16; 0; 0; 1; 1; 1; 0; 1; 0
9436; 20; 0; 0; 1; 1; 1; 0; 1; 0
9448; 10; 0; 0; 1; 1; 1; 0; 1; 0
9456; 13; 0; 0; 1; 1; 1; 0; 1; 0
9460; 22; 0; 0; 1; 1; 1; 0; 1; 0
9462; 16; 0; 0; 1; 1; 1; 0; 1; 0
9464; 2; 0; 0; 1; 1; 1; 0; 1; 0
9468; 10; 0; 0; 1; 1; 1; 0; 1; 0
9509; 10; 0; 0; 1; 1; 1; 0; 1; 0
9519; 10; 0; 0; 1; 1; 1; 0; 1; 0
9523; 10; 0; 0; 1; 1; 1; 0; 1; 0
9526; 10; 0; 0; 1; 1; 1; 0; 1; 0
9536; 23; 0; 0; 1; 1; 1; 0; 1; 0
9560; 18; 0; 0; 1; 1; 1; 0; 1; 0
9569; 19; 0; 0; 1; 1; 1; 0; 1; 0
9588; 13; 0; 0; 1; 1; 1; 0; 1; 0
9594; 20; 0; 0; 1; 1; 1; 0; 1; 0
9619; 13; 0; 0; 1; 1; 1; 0; 1; 0
9620; 10; 0; 0; 1; 1; 1; 0; 1; 0
9630; 17; 16; 0; 0,0588235294117647; 0,0588235294117647; 1; 0; 1; 0
9632; 10; 0; 0; 1; 1; 1; 0; 1; 0
9633; 20; 0; 0; 1; 1; 1; 0; 1; 0
9638; 10; 0; 0; 1; 1; 1; 0; 1; 0
9664; 20; 0; 0; 1; 1; 1; 0; 1; 0
9671; 2; 0; 0; 1; 1; 1; 0; 1; 0
9705; 16; 0; 0; 1; 1; 1; 0; 1; 0
9726; 18; 0; 0; 1; 1; 1; 0; 1; 0
9752; 10; 0; 0; 1; 1; 1; 0; 1; 0
9756; 16; 0; 0; 1; 1; 1; 0; 1; 0
9773; 18; 0; 0; 1; 1; 1; 0; 1; 0
9798; 2; 1; 0; 1; 0; 1; 0; 1; 0
9802; 18; 0; 0; 1; 1; 1; 0; 1; 0
9808; 16; 0; 0; 1; 1; 1; 0; 1; 0
9819; 10; 0; 0; 1; 1; 1; 0; 1; 0
9834; 16; 0; 0; 1; 1; 1; 0; 1; 0
9841; 2; 0; 0; 1; 1; 1; 0; 1; 0
9842; 16; 0; 0; 1; 1; 1; 0; 1; 0
9846; 2; 0; 1; 1; 0; 0; 0; 0,331599996738756; 0,668400003261244
9848; 2; 0; 0; 1; 1; 1; 0; 1; 0
9881; 10; 0; 0; 1; 1; 1; 0; 1; 0
9882; 13; 0; 0; 1; 1; 1; 0; 1; 0
9918; 2; 0; 0; 1; 1; 1; 0; 1; 0
9923; 13; 0; 0; 1; 1; 1; 0; 1; 0
9932; 16; 0; 0; 1; 1; 1; 0; 1; 0
9948; 2; 0; 0; 1; 1; 1; 0; 1; 0
9953; 19; 0; 0; 1; 1; 1; 0; 1; 0
9976; 19; 0; 0; 1; 1; 1; 0; 1; 0
9987; 19; 0; 0; 1; 1; 1; 0; 1; 0
10012; 10; 0; 0; 1; 1; 1; 0; 1; 0
10038; 19; 0; 0; 1; 1; 1; 0; 1; 0
10057; 20; 0; 0; 1; 1; 1; 0; 1; 0
10084; 2; 0; 0; 1; 1; 1; 0; 1; 0
10091; 19; 0; 0; 1; 1; 1; 0; 1; 0
10094; 16; 0; 0; 1; 1; 1; 0; 1; 0
10119; 13; 0; 0; 1; 1; 1; 0; 1; 0
10124; 21; 0; 0; 1; 1; 1; 0; 1; 0
10133; 2; 0; 0; 1; 1; 1; 0; 1; 0
10157; 10; 0; 0; 1; 1; 1; 0; 1; 0
10163; 2; 1; 0; 1; 0; 1; 0; 1; 0
10169; 22; 0; 0; 1; 1; 1; 0; 1; 0
10192; 20; 0; 0; 1; 1; 1; 0; 1; 0
10193; 13; 0; 0; 1; 1; 1; 0; 1; 0
10200; 10; 0; 0; 1; 1; 1; 0; 1; 0
10209; 18; 0; 0; 1; 1; 1; 0; 1; 0
10216; 19; 0; 0; 1; 1; 1; 0; 1; 0
10223; 16; 0; 0; 1; 1; 1; 0; 1; 0
10227; 2; 0; 0; 1; 1; 1; 0; 1; 0
10233; 2; 0; 0; 1; 1; 1; 0; 1; 0
10240; 20; 0; 0; 1; 1; 1; 0; 1; 0
10241; 10; 0; 0; 1; 1; 1; 0; 1; 0
10248; 18; 0; 0; 1; 1; 1; 0; 1; 0
10249; 20; 0; 0; 1; 1; 1; 0; 1; 0
10276; 20; 0; 0; 1; 1; 1; 0; 1; 0
10286; 19; 0; 0; 1; 1; 1; 0; 1; 0
10301; 10; 0; 0; 1; 1; 1; 0; 1; 0
10309; 18; 0; 0; 1; 1; 1; 0; 1; 0
10312; 342; 0; 0; 1; 1; 1; 0; 1; 0
10313; 19; 0; 0; 1; 1; 1; 0; 1; 0
10329; 16; 0; 0; 1; 1; 1; 0; 1; 0
10330; 16; 0; 0; 1; 1; 1; 0; 1; 0
10333; 18; 0; 0; 1; 1; 1; 0; 1; 0
10361; 10; 0; 0; 1; 1; 1; 0; 1; 0
10370; 10; 0; 0; 1; 1; 1; 0; 1; 0
10371; 20; 0; 0; 1; 1; 1; 0; 1; 0
10378; 2; 1; 1; 1; 1; 0; 0; 0,33447680444538; 0,66552319555462
10384; 19; 0; 0; 1; 1; 1; 0; 1; 0
10385; 10; 0; 0; 1; 1; 1; 0; 1; 0
10408; 19; 0; 0; 1; 1; 1; 0; 1; 0
10411; 18; 0; 0; 1; 1; 1; 0; 1; 0
10414; 2; 0; 0; 1; 1; 1; 0; 1; 0
10431; 10; 0; 0; 1; 1; 1; 0; 1; 0
10437; 13; 0; 0; 1; 1; 1; 0; 1; 0
10453; 21; 0; 0; 1; 1; 1; 0; 1; 0
10454; 19; 0; 0; 1; 1; 1; 0; 1; 0
10466; 18; 0; 0; 1; 1; 1; 0; 1; 0
10468; 10; 0; 0; 1; 1; 1; 0; 1; 0
10478; 19; 0; 0; 1; 1; 1; 0; 1; 0
10494; 19; 0; 0; 1; 1; 1; 0; 1; 0
10526; 20; 0; 0; 1; 1; 1; 0; 1; 0
10527; 10; 0; 0; 1; 1; 1; 0; 1; 0
10557; 20; 0; 0; 1; 1; 1; 0; 1; 0
10575; 19; 0; 0; 1; 1; 1; 0; 1; 0
10618; 19; 0; 0; 1; 1; 1; 0; 1; 0
10620; 13; 0; 0; 1; 1; 1; 0; 1; 0
10652; 19; 0; 0; 1; 1; 1; 0; 1; 0
10662; 2; 0; 0; 1; 1; 1; 0; 1; 0
10678; 10; 0; 0; 1; 1; 1; 0; 1; 0
10687; 18; 0; 0; 1; 1; 1; 0; 1; 0
10706; 18; 0; 0; 1; 1; 1; 0; 1; 0
10709; 10; 0; 0; 1; 1; 1; 0; 1; 0
10757; 20; 0; 0; 1; 1; 1; 0; 1; 0
10758; 10; 0; 0; 1; 1; 1; 0; 1; 0
10760; 20; 0; 0; 1; 1; 1; 0; 1; 0
10767; 10; 0; 0; 1; 1; 1; 0; 1; 0
10777; 2; 0; 0; 1; 1; 1; 0; 1; 0
10788; 17; 0; 0; 1; 1; 1; 0; 1; 0
10852; 19; 0; 0; 1; 1; 1; 0; 1; 0
10863; 20; 0; 0; 1; 1; 1; 0; 1; 0
10868; 19; 0; 0; 1; 1; 1; 0; 1; 0
10876; 19; 0; 0; 1; 1; 1; 0; 1; 0
10896; 19; 0; 0; 1; 1; 1; 0; 1; 0
10934; 10; 0; 0; 1; 1; 1; 0; 1; 0
10953; 10; 0; 0; 1; 1; 1; 0; 1; 0
10960; 16; 0; 0; 1; 1; 1; 0; 1; 0
10975; 10; 0; 0; 1; 1; 1; 0; 1; 0
10984; 19; 0; 0; 1; 1; 1; 0; 1; 0
11001; 21; 0; 0; 1; 1; 1; 0; 1; 0
11005; 19; 0; 0; 1; 1; 1; 0; 1; 0
11020; 19; 0; 0; 1; 1; 1; 0; 1; 0
11032; 18; 0; 0; 1; 1; 1; 0; 1; 0
11036; 2; 1; 0; 1; 0; 1; 0; 1; 0
11046; 21; 0; 0; 1; 1; 1; 0; 1; 0
11047; 18; 0; 0; 1; 1; 1; 0; 1; 0
11090; 10; 0; 0; 1; 1; 1; 0; 1; 0
11111; 18; 0; 0; 1; 1; 1; 0; 1; 0
11119; 19; 0; 0; 1; 1; 1; 0; 1; 0
11133; 10; 0; 0; 1; 1; 1; 0; 1; 0
11158; 2; 0; 0; 1; 1; 1; 0; 1; 0
11164; 10; 0; 0; 1; 1; 1; 0; 1; 0
11188; 20; 0; 0; 1; 1; 1; 0; 1; 0
11199; 19; 0; 0; 1; 1; 1; 0; 1; 0
11208; 13; 0; 0; 1; 1; 1; 0; 1; 0
11215; 19; 0; 0; 1; 1; 1; 0; 1; 0
11229; 19; 0; 0; 1; 1; 1; 0; 1; 0
11251; 10; 0; 0; 1; 1; 1; 0; 1; 0
11255; 10; 0; 0; 1; 1; 1; 0; 1; 0
11260; 10; 0; 0; 1; 1; 1; 0; 1; 0
11286; 10; 0; 0; 1; 1; 1; 0; 1; 0
11295; 20; 0; 0; 1; 1; 1; 0; 1; 0
11307; 16; 0; 0; 1; 1; 1; 0; 1; 0
11309; 18; 0; 0; 1; 1; 1; 0; 1; 0
11313; 21; 0; 0; 1; 1; 1; 0; 1; 0
11315; 10; 0; 0; 1; 1; 1; 0; 1; 0
11317; 2; 1; 0; 0,5; 0,5; 1; 0; 1; 0
11319; 16; 0; 0; 1; 1; 1; 0; 1; 0
11323; 23; 0; 0; 1; 1; 1; 0; 1; 0
11329; 19; 0; 0; 1; 1; 1; 0; 1; 0
11352; 19; 0; 0; 1; 1; 1; 0; 1; 0
11366; 2; 0; 1; 1; 0; 0; 1; 0; 1
11373; 22; 0; 0; 1; 1; 1; 0; 1; 0
11379; 10; 0; 0; 1; 1; 1; 0; 1; 0
11396; 2; 0; 1; 1; 0; 0; 0; 0,49981868512858; 0,50018131487142
11406; 19; 0; 0; 1; 1; 1; 0; 1; 0
11412; 2; 0; 0; 1; 1; 1; 0; 1; 0
11414; 18; 0; 0; 1; 1; 1; 0; 1; 0
11453; 19; 0; 0; 1; 1; 1; 0; 1; 0
11475; 16; 0; 0; 1; 1; 1; 0; 1; 0
11477; 18; 0; 0; 1; 1; 1; 0; 1; 0
11479; 10; 0; 0; 1; 1; 1; 0; 1; 0
11500; 2; 1; 1; 1; 1; 0; 1; 0; 1
11506; 20; 0; 0; 1; 1; 1; 0; 1; 0
11522; 19; 0; 0; 1; 1; 1; 0; 1; 0
11536; 19; 0; 0; 1; 1; 1; 0; 1; 0
11543; 21; 0; 0; 1; 1; 1; 0; 1; 0
11547; 13; 0; 0; 1; 1; 1; 0; 1; 0
11555; 19; 0; 0; 1; 1; 1; 0; 1; 0
11573; 2; 1; 1; 1; 1; 0; 0; 0,248693709895991; 0,751306290104009
11583; 13; 0; 0; 1; 1; 1; 0; 1; 0
11597; 19; 0; 0; 1; 1; 1; 0; 1; 0
11600; 160; 0; 0; 1; 1; 1; 0; 1; 0
11604; 10; 0; 0; 1; 1; 1; 0; 1; 0
11608; 21; 0; 0; 1; 1; 1; 0; 1; 0
11613; 2; 0; 1; 1; 0; 0; 0; 0,500337961834107; 0,499662038165893
11621; 10; 0; 0; 1; 1; 1; 0; 1; 0
11633; 10; 0; 0; 1; 1; 1; 0; 1; 0
11638; 19; 0; 0; 1; 1; 1; 0; 1; 0
11650; 13; 0; 0; 1; 1; 1; 0; 1; 0
11685; 16; 0; 0; 1; 1; 1; 0; 1; 0
11697; 18; 0; 0; 1; 1; 1; 0; 1; 0
11723; 19; 0; 0; 1; 1; 1; 0; 1; 0
11724; 19; 0; 0; 1; 1; 1; 0; 1; 0
11725; 16; 0; 0; 1; 1; 1; 0; 1; 0
11749; 10; 0; 0; 1; 1; 1; 0; 1; 0
11767; 10; 0; 0; 1; 1; 1; 0; 1; 0
11810; 13; 0; 0; 1; 1; 1; 0; 1; 0
11816; 13; 0; 0; 1; 1; 1; 0; 1; 0
11837; 2; 0; 0; 1; 1; 1; 0; 1; 0
11841; 10; 0; 0; 1; 1; 1; 0; 1; 0
11848; 16; 0; 0; 1; 1; 1; 0; 1; 0
11886; 13; 0; 0; 1; 1; 1; 0; 1; 0
11888; 10; 0; 0; 1; 1; 1; 0; 1; 0
11897; 2; 0; 0; 1; 1; 1; 0; 1; 0
11929; 10; 0; 0; 1; 1; 1; 0; 1; 0
11942; 2; 0; 0; 1; 1; 1; 0; 1; 0
11953; 2; 1; 0; 1; 0; 1; 0; 1; 0
11968; 10; 0; 0; 1; 1; 1; 0; 1; 0
11987; 2; 0; 0; 1; 1; 1; 0; 1; 0
12014; 2; 0; 0; 1; 1; 1; 0; 1; 0
12020; 19; 0; 0; 1; 1; 1; 0; 1; 0
12097; 2; 0; 0; 1; 1; 1; 0; 1; 0
12146; 19; 0; 0; 1; 1; 1; 0; 1; 0
12160; 22; 0; 0; 1; 1; 1; 0; 1; 0
12162; 20; 0; 0; 1; 1; 1; 0; 1; 0
12175; 21; 0; 0; 1; 1; 1; 0; 1; 0
12181; 150; 0; 0; 1; 1; 1; 0; 1; 0
12195; 10; 0; 0; 1; 1; 1; 0; 1; 0
12220; 10; 0; 0; 1; 1; 1; 0; 1; 0
12255; 10; 0; 0; 1; 1; 1; 0; 1; 0
12273; 2; 0; 0; 1; 1; 1; 0; 1; 0
12274; 16; 0; 0; 1; 1; 1; 0; 1; 0
12292; 2; 0; 0; 1; 1; 1; 0; 1; 0
12305; 21; 0; 0; 1; 1; 1; 0; 1; 0
12345; 3; 0; 2; 0,333333333333333; 0,333333333333333; 0; 0; 0,249836158183357; 0,750163841816643
12348; 19; 0; 0; 1; 1; 1; 0; 1; 0
12365; 18; 0; 0; 1; 1; 1; 0; 1; 0
12370; 20; 0; 0; 1; 1; 1; 0; 1; 0
12372; 19; 0; 0; 1; 1; 1; 0; 1; 0
12373; 20; 0; 0; 1; 1; 1; 0; 1; 0
12383; 23; 0; 0; 1; 1; 1; 0; 1; 0
12393; 19; 0; 0; 1; 1; 1; 0; 1; 0
12400; 16; 0; 0; 1; 1; 1; 0; 1; 0
12407; 10; 0; 0; 1; 1; 1; 0; 1; 0
12431; 19; 0; 0; 1; 1; 1; 0; 1; 0
12434; 23; 0; 0; 1; 1; 1; 0; 1; 0
12435; 10; 0; 0; 1; 1; 1; 0; 1; 0
12437; 10; 0; 0; 1; 1; 1; 0; 1; 0
12464; 23; 0; 0; 1; 1; 1; 0; 1; 0
12489; 10; 0; 0; 1; 1; 1; 0; 1; 0
12497; 17; 0; 0; 1; 1; 1; 0; 1; 0
12512; 20; 0; 0; 1; 1; 1; 0; 1; 0
12521; 19; 0; 0; 1; 1; 1; 0; 1; 0
12535; 16; 0; 0; 1; 1; 1; 0; 1; 0
12540; 18; 0; 0; 1; 1; 1; 0; 1; 0
12551; 16; 0; 0; 1; 1; 1; 0; 1; 0
12556; 16; 0; 0; 1; 1; 1; 0; 1; 0
12568; 2; 0; 0; 1; 1; 1; 0; 1; 0
12574; 304; 0; 0; 1; 1; 1; 0; 1; 0
12593; 10; 0; 0; 1; 1; 1; 0; 1; 0
12616; 2; 1; 1; 1; 1; 0; 1; 0; 1
12618; 10; 0; 0; 1; 1; 1; 0; 1; 0
12633; 18; 0; 0; 1; 1; 1; 0; 1; 0
12639; 19; 0; 0; 1; 1; 1; 0; 1; 0
12641; 17; 0; 0; 1; 1; 1; 0; 1; 0
12670; 10; 0; 0; 1; 1; 1; 0; 1; 0
12677; 19; 0; 0; 1; 1; 1; 0; 1; 0
12700; 10; 0; 0; 1; 1; 1; 0; 1; 0
12726; 19; 0; 0; 1; 1; 1; 0; 1; 0
12745; 19; 0; 0; 1; 1; 1; 0; 1; 0
12780; 342; 0; 0; 1; 1; 1; 0; 1; 0
12791; 19; 0; 0; 1; 1; 1; 0; 1; 0
12794; 10; 0; 0; 1; 1; 1; 0; 1; 0
12809; 10; 0; 0; 1; 1; 1; 0; 1; 0
12829; 18; 0; 0; 1; 1; 1; 0; 1; 0
12840; 13; 0; 0; 1; 1; 1; 0; 1; 0
12846; 10; 0; 0; 1; 1; 1; 0; 1; 0
12896; 16; 0; 0; 1; 1; 1; 0; 1; 0
12957; 3; 0; 0; 1; 1; 1; 0; 1; 0
12963; 2; 0; 0; 1; 1; 1; 0; 1; 0
13018; 19; 0; 0; 1; 1; 1; 0; 1; 0
13062; 19; 0; 0; 1; 1; 1; 0; 1; 0
13097; 19; 0; 0; 1; 1; 1; 0; 1; 0
13098; 10; 0; 0; 1; 1; 1; 0; 1; 0
13108; 16; 0; 0; 1; 1; 1; 0; 1; 0
13112; 18; 0; 0; 1; 1; 1; 0; 1; 0
13121; 19; 0; 0; 1; 1; 1; 0; 1; 0
13151; 13; 0; 0; 1; 1; 1; 0; 1; 0
13179; 10; 0; 0; 1; 1; 1; 0; 1; 0
13205; 21; 0; 0; 1; 1; 1; 0; 1; 0
13216; 2; 0; 0; 1; 1; 1; 0; 1; 0
13218; 18; 0; 0; 1; 1; 1; 0; 1; 0
13235; 19; 0; 0; 1; 1; 1; 0; 1; 0
13298; 23; 0; 0; 1; 1; 1; 0; 1; 0
13316; 13; 0; 0; 1; 1; 1; 0; 1; 0
13325; 21; 0; 0; 1; 1; 1; 0; 1; 0
13326; 19; 0; 0; 1; 1; 1; 0; 1; 0
13334; 16; 0; 0; 1; 1; 1; 0; 1; 0
13350; 10; 0; 0; 1; 1; 1; 0; 1; 0
13357; 20; 0; 0; 1; 1; 1; 0; 1; 0
13360; 18; 0; 0; 1; 1; 1; 0; 1; 0
13378; 13; 0; 0; 1; 1; 1; 0; 1; 0
13395; 10; 0; 0; 1; 1; 1; 0; 1; 0
13405; 19; 0; 0; 1; 1; 1; 0; 1; 0
13445; 13; 0; 0; 1; 1; 1; 0; 1; 0
13464; 19; 2; 0; 0,0526315789473684; 0,0526315789473684; 1; 0; 1; 0
13486; 19; 0; 0; 1; 1; 1; 0; 1; 0
13490; 21; 0; 0; 1; 1; 1; 0; 1; 0
13497; 20; 0; 0; 1; 1; 1; 0; 1; 0
13503; 2; 1; 1; 1; 1; 0; 0; 0,249822203064474; 0,750177796935526
13510; 13; 0; 0; 1; 1; 1; 0; 1; 0
13514; 19; 2; 0; 0,0526315789473684; 0,0526315789473684; 1; 0; 1; 0
13515; 160; 2; 0; 0,0625; 0,0625; 1; 0; 1; 0
13532; 2; 0; 0; 1; 1; 1; 0; 1; 0
13586; 19; 0; 0; 1; 1; 1; 0; 1; 0
13614; 2; 0; 0; 1; 1; 1; 0; 1; 0
13619; 21; 0; 0; 1; 1; 1; 0; 1; 0
13633; 2; 0; 0; 1; 1; 1; 0; 1; 0
13637; 19; 0; 0; 1; 1; 1; 0; 1; 0
13644; 19; 0; 0; 1; 1; 1; 0; 1; 0
13660; 19; 0; 0; 1; 1; 1; 0; 1; 0
13684; 18; 0; 0; 1; 1; 1; 0; 1; 0
13685; 10; 0; 0; 1; 1; 1; 0; 1; 0
13689; 20; 0; 0; 1; 1; 1; 0; 1; 0
13693; 2; 0; 0; 1; 1; 1; 0; 1; 0
13717; 18; 0; 0; 1; 1; 1; 0; 1; 0
13720; 19; 0; 0; 1; 1; 1; 0; 1; 0
13737; 10; 0; 0; 1; 1; 1; 0; 1; 0
13746; 18; 0; 0; 1; 1; 1; 0; 1; 0
13747; 18; 0; 0; 1; 1; 1; 0; 1; 0
13762; 10; 0; 0; 1; 1; 1; 0; 1; 0
13766; 19; 0; 0; 1; 1; 1; 0; 1; 0
13803; 10; 0; 0; 1; 1; 1; 0; 1; 0
13846; 2; 0; 0; 1; 1; 1; 0; 1; 0
13848; 19; 0; 0; 1; 1; 1; 0; 1; 0
13880; 19; 0; 0; 1; 1; 1; 0; 1; 0
13897; 18; 0; 0; 1; 1; 1; 0; 1; 0
13927; 19; 0; 0; 1; 1; 1; 0; 1; 0
13944; 10; 0; 0; 1; 1; 1; 0; 1; 0
13947; 19; 0; 0; 1; 1; 1; 0; 1; 0
13951; 19; 0; 0; 1; 1; 1; 0; 1; 0
13954; 10; 0; 0; 1; 1; 1; 0; 1; 0
13970; 13; 0; 0; 1; 1; 1; 0; 1; 0
13984; 18; 0; 0; 1; 1; 1; 0; 1; 0
13985; 10; 0; 0; 1; 1; 1; 0; 1; 0
14020; 10; 0; 0; 1; 1; 1; 0; 1; 0
14022; 19; 0; 0; 1; 1; 1; 0; 1; 0
14029; 10; 1; 0; 0,1; 0,1; 1; 0; 1; 0
14032; 10; 0; 0; 1; 1; 1; 0; 1; 0
14059; 10; 0; 0; 1; 1; 1; 0; 1; 0
14073; 2; 0; 0; 1; 1; 1; 0; 1; 0
14080; 10; 0; 0; 1; 1; 1; 0; 1; 0
14119; 19; 0; 0; 1; 1; 1; 0; 1; 0
14143; 20; 10; 0; 0,05; 0,05; 1; 0; 1; 0
14185; 3; 0; 0; 1; 1; 1; 0; 1; 0
14195; 10; 0; 0; 1; 1; 1; 0; 1; 0
14201; 16; 0; 0; 1; 1; 1; 0; 1; 0
14219; 19; 0; 0; 1; 1; 1; 0; 1; 0
14224; 10; 0; 0; 1; 1; 1; 0; 1; 0
14225; 20; 0; 0; 1; 1; 1; 0; 1; 0
14231; 20; 0; 0; 1; 1; 1; 0; 1; 0
14247; 10; 0; 0; 1; 1; 1; 0; 1; 0
14269; 3; 0; 0; 1; 1; 1; 0; 1; 0
14287; 10; 0; 0; 1; 1; 1; 0; 1; 0
14330; 10; 0; 0; 1; 1; 1; 0; 1; 0
14332; 16; 0; 0; 1; 1; 1; 0; 1; 0
14333; 16; 0; 0; 1; 1; 1; 0; 1; 0
14347; 16; 0; 0; 1; 1; 1; 0; 1; 0
14357; 10; 0; 0; 1; 1; 1; 0; 1; 0
14370; 19; 0; 0; 1; 1; 1; 0; 1; 0
14371; 11; 0; 0; 1; 1; 1; 0; 1; 0
14383; 19; 0; 0; 1; 1; 1; 0; 1; 0
14385; 18; 0; 0; 1; 1; 1; 0; 1; 0
14390; 20; 0; 0; 1; 1; 1; 0; 1; 0
14391; 2; 0; 0; 1; 1; 1; 0; 1; 0
14399; 10; 0; 0; 1; 1; 1; 0; 1; 0
14427; 10; 0; 0; 1; 1; 1; 0; 1; 0
14431; 10; 0; 0; 1; 1; 1; 0; 1; 0
14444; 19; 0; 0; 1; 1; 1; 0; 1; 0
14451; 10; 0; 0; 1; 1; 1; 0; 1; 0
14457; 19; 0; 0; 1; 1; 1; 0; 1; 0
14461; 10; 0; 0; 1; 1; 1; 0; 1; 0
14463; 20; 0; 0; 1; 1; 1; 0; 1; 0
14468; 3; 1; 1; 1; 1; 0; 0; 0,499766539309253; 0,500233460690747
14491; 16; 0; 0; 1; 1; 1; 0; 1; 0
14508; 10; 0; 0; 1; 1; 1; 0; 1; 0
14524; 19; 0; 0; 1; 1; 1; 0; 1; 0
14535; 20; 0; 0; 1; 1; 1; 0; 1; 0
14539; 19; 0; 0; 1; 1; 1; 0; 1; 0
14548; 13; 0; 0; 1; 1; 1; 0; 1; 0
14556; 10; 0; 0; 1; 1; 1; 0; 1; 0
14570; 22; 0; 0; 1; 1; 1; 0; 1; 0
14576; 2; 1; 1; 1; 1; 0; 0; 0,599693655468387; 0,400306344531613
14591; 2; 0; 0; 1; 1; 1; 0; 1; 0
14618; 16; 0; 0; 1; 1; 1; 0; 1; 0
14625; 10; 0; 0; 1; 1; 1; 0; 1; 0
14632; 19; 0; 0; 1; 1; 1; 0; 1; 0
14642; 20; 0; 0; 1; 1; 1; 0; 1; 0
14649; 10; 0; 0; 1; 1; 1; 0; 1; 0
14650; 2; 0; 0; 1; 1; 1; 0; 1; 0
14664; 10; 0; 0; 1; 1; 1; 0; 1; 0
14666; 10; 0; 0; 1; 1; 1; 0; 1; 0
14674; 10; 0; 0; 1; 1; 1; 0; 1; 0
14677; 20; 0; 0; 1; 1; 1; 0; 1; 0
14682; 20; 0; 0; 1; 1; 1; 0; 1; 0
14712; 2; 0; 0; 1; 1; 1; 0; 1; 0
14719; 19; 0; 0; 1; 1; 1; 0; 1; 0
14721; 19; 0; 0; 1; 1; 1; 0; 1; 0
14724; 160; 0; 0; 1; 1; 1; 0; 1; 0
14762; 2; 0; 0; 1; 1; 1; 0; 1; 0
14783; 16; 0; 0; 1; 1; 1; 0; 1; 0
14795; 2; 0; 0; 1; 1; 1; 0; 1; 0
14811; 2; 0; 0; 1; 1; 1; 0; 1; 0
14827; 16; 0; 0; 1; 1; 1; 0; 1; 0
14838; 10; 0; 0; 1; 1; 1; 0; 1; 0
14845; 10; 0; 0; 1; 1; 1; 0; 1; 0
14852; 2; 0; 0; 1; 1; 1; 0; 1; 0
14854; 22; 0; 0; 1; 1; 1; 0; 1; 0
14858; 23; 0; 0; 1; 1; 1; 0; 1; 0
14867; 2; 0; 0; 1; 1; 1; 0; 1; 0
14872; 16; 0; 0; 1; 1; 1; 0; 1; 0
14958; 16; 0; 0; 1; 1; 1; 0; 1; 0
14971; 23; 0; 0; 1; 1; 1; 0; 1; 0
14972; 16; 0; 0; 1; 1; 1; 0; 1; 0
14979; 16; 0; 0; 1; 1; 1; 0; 1; 0
14998; 16; 0; 0; 1; 1; 1; 0; 1; 0
15004; 10; 0; 0; 1; 1; 1; 0; 1; 0
15019; 2; 0; 0; 1; 1; 1; 0; 1; 0
15037; 2; 0; 0; 1; 1; 1; 0; 1; 0
15050; 16; 0; 0; 1; 1; 1; 0; 1; 0
15057; 20; 0; 0; 1; 1; 1; 0; 1; 0
15060; 2; 0; 0; 1; 1; 1; 0; 1; 0
15067; 13; 0; 0; 1; 1; 1; 0; 1; 0
15083; 16; 0; 0; 1; 1; 1; 0; 1; 0
15086; 10; 0; 0; 1; 1; 1; 0; 1; 0
15095; 23; 0; 0; 1; 1; 1; 0; 1; 0
15111; 19; 0; 0; 1; 1; 1; 0; 1; 0
15115; 16; 0; 0; 1; 1; 1; 0; 1; 0
15148; 10; 0; 0; 1; 1; 1; 0; 1; 0
15165; 10; 0; 0; 1; 1; 1; 0; 1; 0
15182; 21; 0; 0; 1; 1; 1; 0; 1; 0
15185; 10; 0; 0; 1; 1; 1; 0; 1; 0
15204; 10; 0; 0; 1; 1; 1; 0; 1; 0
15216; 10; 0; 0; 1; 1; 1; 0; 1; 0
15236; 18; 0; 0; 1; 1; 1; 0; 1; 0
15239; 10; 0; 0; 1; 1; 1; 0; 1; 0
15242; 19; 0; 0; 1; 1; 1; 0; 1; 0
15254; 2; 0; 0; 1; 1; 1; 0; 1; 0
15261; 10; 0; 0; 1; 1; 1; 0; 1; 0
15267; 16; 0; 0; 1; 1; 1; 0; 1; 0
15271; 2; 0; 0; 1; 1; 1; 0; 1; 0
15272; 19; 0; 0; 1; 1; 1; 0; 1; 0
15284; 23; 0; 0; 1; 1; 1; 0; 1; 0
15286; 16; 0; 0; 1; 1; 1; 0; 1; 0
15295; 20; 0; 0; 1; 1; 1; 0; 1; 0
15299; 23; 0; 0; 1; 1; 1; 0; 1; 0
15302; 32; 0; 0; 1; 1; 1; 0; 1; 0
15311; 19; 0; 0; 1; 1; 1; 0; 1; 0
15325; 2; 0; 0; 1; 1; 1; 0; 1; 0
15339; 10; 0; 0; 1; 1; 1; 0; 1; 0
15374; 10; 0; 0; 1; 1; 1; 0; 1; 0
15385; 16; 0; 0; 1; 1; 1; 0; 1; 0
15393; 10; 0; 0; 1; 1; 1; 0; 1; 0
15400; 19; 0; 0; 1; 1; 1; 0; 1; 0
15419; 20; 0; 0; 1; 1; 1; 0; 1; 0
15436; 2; 0; 0; 1; 1; 1; 0; 1; 0
15456; 19; 0; 0; 1; 1; 1; 0; 1; 0
15458; 10; 0; 0; 1; 1; 1; 0; 1; 0
15466; 16; 0; 0; 1; 1; 1; 0; 1; 0
15468; 16; 0; 0; 1; 1; 1; 0; 1; 0
15472; 19; 0; 0; 1; 1; 1; 0; 1; 0
15485; 23; 0; 0; 1; 1; 1; 0; 1; 0
15507; 19; 0; 0; 1; 1; 1; 0; 1; 0
15511; 10; 0; 0; 1; 1; 1; 0; 1; 0
15514; 10; 0; 0; 1; 1; 1; 0; 1; 0
15522; 2; 0; 0; 1; 1; 1; 0; 1; 0
15523; 2; 0; 1; 1; 0; 0; 1; 0; 1
15530; 16; 0; 0; 1; 1; 1; 0; 1; 0
15531; 19; 0; 0; 1; 1; 1; 0; 1; 0
15546; 10; 0; 0; 1; 1; 1; 0; 1; 0
15562; 23; 0; 0; 1; 1; 1; 0; 1; 0
15587; 10; 0; 0; 1; 1; 1; 0; 1; 0
15608; 10; 0; 0; 1; 1; 1; 0; 1; 0
15620; 20; 0; 0; 1; 1; 1; 0; 1; 0
15622; 20; 0; 0; 1; 1; 1; 0; 1; 0
15630; 2; 1; 0; 1; 0; 1; 0; 1; 0
15641; 16; 0; 0; 1; 1; 1; 0; 1; 0
15650; 10; 0; 0; 1; 1; 1; 0; 1; 0
15686; 10; 0; 0; 1; 1; 1; 0; 1; 0
15707; 10; 0; 0; 1; 1; 1; 0; 1; 0
15709; 10; 0; 0; 1; 1; 1; 0; 1; 0
15725; 2; 1; 0; 1; 0; 1; 0; 1; 0
15726; 19; 0; 0; 1; 1; 1; 0; 1; 0
15740; 16; 0; 0; 1; 1; 1; 0; 1; 0
15754; 10; 0; 0; 1; 1; 1; 0; 1; 0
15772; 19; 0; 0; 1; 1; 1; 0; 1; 0
15775; 160; 0; 0; 1; 1; 1; 0; 1; 0
15776; 19; 0; 0; 1; 1; 1; 0; 1; 0
15798; 2; 0; 0; 1; 1; 1; 0; 1; 0
15804; 19; 0; 0; 1; 1; 1; 0; 1; 0
15810; 16; 0; 0; 1; 1; 1; 0; 1; 0
15829; 16; 0; 0; 1; 1; 1; 0; 1; 0
15830; 10; 0; 0; 1; 1; 1; 0; 1; 0
15831; 19; 0; 0; 1; 1; 1; 0; 1; 0
15837; 10; 0; 0; 1; 1; 1; 0; 1; 0
15863; 18; 0; 0; 1; 1; 1; 0; 1; 0
15865; 19; 0; 0; 1; 1; 1; 0; 1; 0
15866; 16; 0; 0; 1; 1; 1; 0; 1; 0
15875; 16; 0; 0; 1; 1; 1; 0; 1; 0
15912; 19; 0; 0; 1; 1; 1; 0; 1; 0
