
Scenario Summaries

Total of vehicles entered: 6235
Total of vehicles detected: 6235

SECTIONS
Total inferences: 3736
FPR:  3726
FPR2: 3726
ER:   3733,20621782662
CR:   1218,32254172303
FPR RATIO:   0,997323340471092
FPR2 RATIO:   0,997323340471092

TRIPS
Total inferences: 3002
FPR:  2993
FPR2: 2994
ER:   2999,2062848337
CR:   808,657136182018
FPR RATIO:   0,997001998667555
FPR2 RATIO:   0,997335109926715

FLOWS
Link	Tail	Head	RealAll	EstAll	RealInfer	EstInfer	ReInf1	Estinf1	ReInf2	Estinf2	ReInf3	Estinf3
0	509	514	576	545,061034636198	324	324,061034636198	95	95,0146970197782	179	179,046387356797	50	49,9999502596224
1	509	524	353	341,938965363802	206	205,938965363802	55	54,9853029802218	111	110,953612643203	40	40,0000497403776
2	514	519	688	674,061932171634	440	440,061932171634	119	118,015579094367	246	246,046387356797	75	75,9999657204702
3	519	534	612	607,546410842248	317	316,546410842249	79	79,0146468316376	187	185,531697595839	51	52,0000664147715
4	519	924	535	520,515521329386	314	314,515521329386	77	76,0009322627294	181	182,514689760958	56	55,9998993056987
5	524	539	454	451,743103186005	303	302,743103186005	72	72,337954469781	175	174,405084000221	56	56,0000647160035
6	529	514	426	419,000897535436	235	235,000897535436	60	59,0008820745888	132	133	43	43,0000154608478
7	529	524	452	448,804137822203	232	231,804137822203	65	65,3526514895592	137	136,451471357018	30	30,0000149756259
8	534	529	606	600,99884354498	289	289,99884354498	75	75,36197755818	170	170,587483033688	44	44,0493829531119
9	534	549	672	672,908600008324	425	427,908600008325	120	122,663043225161	238	237,225707302246	67	68,0198494809175
10	539	544	420	418,139366988005	225	225,139366988005	47	47,0000300456898	142	142,132747104718	36	36,0065898375977
11	539	1124	410	406,603736198	276	275,603736198	81	81,3379244240912	140	139,272336895503	55	54,9934748784057
12	544	529	491	485,80619181266	293	291,80619181266	71	69,991556005968	176	175,86398832333	46	45,9506474833618
13	544	549	570	570,253811536979	323	325,253811536979	58	59,0004969413029	200	198,237038087766	65	68,0162765079105
14	549	922	619	618,712638140282	369	370,712638140282	69	70,0029876424435	226	223,685558018391	74	77,0240924794469
15	549	1054	637	638,449773405022	387	390,449773405022	110	112,660552524021	216	215,777187371621	61	62,012033509381
16	906	939	436	429,518662323327	263	263,518662323327	71	71,0003945461759	156	156,517819720272	36	36,0004480568793
17	906	976	399	387,3387236568	240	240,3387236568	60	59	132	133	48	48,3387236568004
18	913	919	372	369,660586237506	211	210,660586237506	43	43,0002696465995	121	119,999045590178	47	47,6612710007286
19	913	1093	650	641,145316221414	440	437,145316221414	99	96,0041616236252	263	262,133731386376	78	79,0074232114129
20	919	943	446	443,66243206922	330	329,66243206922	79	79,0010478609257	180	179,000107864848	71	71,6612763434466
21	922	913	616	612,425034997714	377	376,425034997714	79	79,0044105934809	218	216,732622323846	80	80,6880020803876
22	922	946	588	581,563946773656	390	391,563946773656	97	98,0084145047923	230	229,166849766997	63	64,3886825018664
23	924	906	604	594,857385980127	415	415,857385980128	110	109,000394546176	231	232,517819720272	74	74,3391717136795
24	939	913	485	475,380867461206	307	304,380867461206	73	70,0000206767438	182	181,400154652708	52	52,9806921317538
25	939	946	605	602,138950588142	298	301,138950588142	89	92,0014217303578	161	161,117772932412	48	48,0197559253724
26	943	939	457	451,00115572602	259	259,001155726021	69	69,0010478609257	138	138,000107864848	52	52,000000000247
27	943	976	383	369,661276343199	255	254,6612763432	57	57	142	141	56	56,6612763431996
28	946	924	458	449,341864650742	253	253,341864650742	68	67,9994622834464	140	139,003129959314	45	46,3392724079809
29	946	534	666	666,361032711056	396	400,361032711056	113	117,010373951704	224	224,281492740095	59	59,0691660192578
30	1044	1088	659	655,225675162056	424	428,225675162056	108	111,011425245452	236	237,166028355061	80	80,0482215615434
31	1044	1169	483	478,992899201388	290	290,992899201388	97	96,9977972287899	141	139,995328109476	52	53,9997738631222
32	1054	1044	634	636,042793647249	426	431,042793647249	121	123,99798021457	233	233,039473701135	72	74,0053397315441
33	1054	1142	555	550,469872601804	353	353,469872601805	71	70,6650476515271	223	221,797722418752	59	61,0071025315253
34	1067	922	666	656,276343631088	432	431,276343631088	119	119,00983745583	237	237,213914072452	76	75,0525921028071
35	1067	1054	588	584,062892844032	406	408,062892844032	83	83,0024753420767	250	249,060008748267	73	76,0004087536884
36	1075	919	508	506,001845831714	318	318,001845831714	101	101,000778214326	156	156,00106227467	61	61,000005342718
37	1075	1093	500	493,004412182049	304	305,004412182049	61	60,9999561894358	196	195,004455986754	47	49,0000000058591
38	1088	1067	619	610,321804722066	415	414,321804722067	113	113,012402402969	224	224,256380434844	78	77,0530218842534
39	1088	1100	563	560,187908898787	316	320,187908898787	70	73,103820855395	191	191,9797693567	55	55,104318686692
40	1093	1067	590	585,017431753053	404	406,017431753054	81	80,999910394937	257	256,017542385875	66	68,9999789722421
41	1093	1100	602	592,132296650409	352	348,132296650409	83	80,0042074181241	207	205,120644987255	62	63,0074442450299
42	1100	1107	474	466,307945691195	268	268,307945691195	62	62,1055371482586	157	157,091063422387	49	49,1113451205488
43	1100	1184	446	441,012259858001	281	281,012259858002	66	66,0024911252605	160	159,009350921568	55	56,0004178111731
44	1107	1075	559	558,006258013762	378	379,006258013762	105	105,000734403762	203	203,005518261423	70	71,0000053485772
45	1114	1133	481	471,000362460699	305	305,000362460699	88	88,0000652801307	156	156,000000000292	61	61,0002971802759
46	1114	1194	382	372,037911022332	233	233,037911022332	61	61,0083159607482	124	123,024794637837	48	49,0048004237459
47	1124	1114	458	457,03827348303	333	333,038273483031	89	89,0083812408789	165	164,02479463813	79	80,0050976040218
48	1133	1044	568	558,175780716195	335	335,175780716195	94	94,0112422596714	173	173,121882763402	68	68,0426556931214
49	1133	1142	571	567,88530104486	298	298,88530104486	73	72,9974320668417	161	159,923014630252	64	65,9648543477653
50	1142	544	590	586,920636361634	381	381,920636361634	80	79,9920229015811	230	228,968279306378	71	72,9603341536746
51	1142	1124	434	429,434537285031	212	212,434537285031	56	55,6704568167878	112	111,752457742627	44	45,011622725616
52	1169	1201	554	552,022808278024	345	346,022808278024	129	129,000293085634	166	165,020102755525	50	52,002412436865
53	1176	1088	523	515,284038458798	313	312,284038458798	82	82,1047980129126	177	177,070121436483	54	53,1091190094021
54	1176	1169	535	527,029909076636	273	273,029909076636	89	89,0024958568443	150	150,024774646049	34	34,0026385737428
55	1184	1176	599	593,313947535434	375	374,313947535434	117	117,107293869757	203	203,094896082532	55	54,1117575831448
56	1189	1107	369	350,698312322568	217	217,698312322568	69	68,8951972555035	112	111,914454839036	36	36,8886602280283
57	1189	1184	437	418,301687677432	219	218,301687677432	83	83,1048027444964	104	104,085545160964	32	31,1113397719717
58	1201	1133	462	459,060719300356	245	246,060719300356	59	59,0086090463825	136	136,044897393362	50	51,0072128606109
59	1201	1194	358	353,962088977668	202	201,962088977668	79	78,9916840392518	99	98,9752053621626	24	23,9951995762541
Thanks for chose TyggerSoftware Inc. 2017
