MAC; alternativas; MasProb; Elección; MaxProb; ElecProb; velocidad
21; 2; 0; 0; 1; 1; 15,4771235225009
32; 10; 0; 0; 0,998746317869623; 0,998746317869623; 15,0412066868166
46; 10; 0; 0; 0,999971511230226; 0,999971511230226; 15,0220457055629
54; 10; 0; 0; 0,767485343839997; 0,767485343839997; 7,29071226725866
68; 19; 0; 0; 0,967799458032022; 0,967799458032022; 9,83621879917119
74; 13; 0; 0; 0,999383541110805; 0,999383541110805; 14,1395645237772
77; 16; 2; 0; 0,338900899186242; 0,218428740961215; 5,78424540761481
92; 10; 0; 0; 0,815012739290659; 0,815012739290659; 6,99069187577033
108; 18; 0; 0; 0,915876818031598; 0,915876818031598; 7,98693549391325
113; 10; 0; 0; 0,999745244330009; 0,999745244330009; 16,1155785930178
158; 21; 0; 0; 0,991790583704882; 0,991790583704882; 12,0929501493199
164; 2; 1; 0; 0,611157749797128; 0,388842250202872; 6,42700184280331
172; 20; 0; 0; 0,91218846231118; 0,91218846231118; 8,67884750756961
176; 13; 0; 0; 0,931779253929762; 0,931779253929762; 7,93800113615561
191; 10; 0; 0; 1; 1; 18,6401230738838
207; 18; 0; 0; 0,998882272490037; 0,998882272490037; 13,9771371143482
230; 10; 0; 0; 0,649748423715728; 0,649748423715728; 6,04600378445001
231; 10; 0; 0; 0,627262427984175; 0,627262427984175; 6,27811334125051
235; 10; 0; 0; 0,957990722534095; 0,957990722534095; 9,82661686511614
244; 10; 0; 0; 0,909299566668697; 0,909299566668697; 9,61753533127738
244; 19; 0; 0; 0,632360461513813; 0,632360461513813; 6,3908993396173
257; 16; 0; 0; 0,999992878615789; 0,999992878615789; 16,0288802643438
281; 2; 0; 0; 0,803894923799394; 0,803894923799394; 4,28782766403348
302; 10; 0; 0; 1; 1; 16,1437277069765
321; 10; 0; 0; 0,998548535683782; 0,998548535683782; 13,6738242607424
329; 10; 0; 0; 0,977402435215952; 0,977402435215952; 10,7624800135723
333; 19; 0; 0; 0,943658172884069; 0,943658172884069; 8,22665572294318
340; 19; 0; 0; 0,99476212682243; 0,99476212682243; 13,2662370215544
358; 19; 0; 0; 0,997855049284059; 0,997855049284059; 11,1859736324442
363; 20; 0; 0; 0,999761537011617; 0,999761537011617; 16,1012876009292
368; 10; 0; 0; 1; 1; 16,1437277069765
372; 18; 0; 0; 0,992171288630038; 0,992171288630038; 12,7790967902612
377; 19; 0; 0; 0,995614554168909; 0,995614554168909; 11,1840738443303
386; 10; 0; 0; 0,372391359504951; 0,372391359504951; 6,21337435796127
400; 2; 0; 0; 0,999992786189241; 0,999992786189241; 13,2010759456625
402; 16; 0; 0; 1; 1; 19,5939726594169
402; 10; 0; 0; 0,999158053300165; 0,999158053300165; 12,4697175671949
412; 16; 0; 0; 0,996207288188257; 0,996207288188257; 12,4586928098241
428; 16; 0; 0; 0,35829436285758; 0,35829436285758; 5,93646239202573
434; 18; 0; 0; 0,994352378145679; 0,994352378145679; 12,4241218794206
454; 13; 0; 0; 0,929180137448556; 0,929180137448556; 8,0797511564441
463; 19; 0; 0; 0,978391748553058; 0,978391748553058; 12,1291070216549
468; 16; 0; 0; 0,994538200402739; 0,994538200402739; 12,1299634432872
473; 2; 0; 0; 0,99991817855096; 0,99991817855096; 12,1221803828575
482; 2; 0; 0; 1; 1; 16,0185955059188
493; 16; 0; 0; 0,999799217961922; 0,999799217961922; 13,2002543353419
528; 20; 0; 0; 0,879728768930892; 0,879728768930892; 8,46187631988037
543; 10; 0; 0; 0,958340553945001; 0,958340553945001; 10,5121897806985
546; 18; 0; 0; 0,88850401620361; 0,88850401620361; 7,09949821681177
570; 10; 0; 0; 1; 1; 16,7416435479757
574; 2; 0; 0; 0,798819430253435; 0,798819430253435; 15,6912088605246
583; 10; 0; 0; 0,815693915496642; 0,815693915496642; 6,88314276998924
620; 23; 0; 0; 0,93996466576365; 0,93996466576365; 9,95664024339634
630; 10; 0; 0; 0,993749177216123; 0,993749177216123; 12,8924628744142
651; 19; 0; 0; 0,992770446205745; 0,992770446205745; 11,4708449685439
673; 18; 0; 0; 0,998281467903857; 0,998281467903857; 13,5535875048225
679; 16; 0; 0; 0,965703440691662; 0,965703440691662; 10,4305335152016
684; 13; 0; 0; 1; 1; 20,5666393073123
718; 2; 0; 0; 1; 1; 15,5535192670035
730; 10; 0; 0; 0,954649666738283; 0,954649666738283; 8,83649747386051
787; 10; 0; 0; 0,868199112391272; 0,868199112391272; 8,07186001017923
817; 10; 0; 0; 0,931899120812978; 0,931899120812978; 9,41717001187576
826; 16; 0; 0; 1; 1; 17,3527362228444
827; 13; 0; 0; 0,999829501036563; 0,999829501036563; 15,6022780952024
828; 10; 0; 0; 1; 1; 17,2062674528158
846; 19; 0; 0; 0,996490945188043; 0,996490945188043; 13,6682442040257
875; 22; 0; 0; 0,990702071961844; 0,990702071961844; 13,1791489580331
881; 23; 0; 0; 0,931903623888356; 0,931903623888356; 9,67216480787073
886; 10; 0; 0; 0,996826895691607; 0,996826895691607; 12,8924628744142
894; 10; 0; 0; 0,74093513911402; 0,74093513911402; 7,43901214934537
919; 16; 0; 0; 0,995316825986879; 0,995316825986879; 11,2128235288417
919; 10; 0; 0; 0,998757878441825; 0,998757878441825; 15,0412066868166
923; 21; 0; 0; 0,40779890224084; 0,40779890224084; 6,21443271562274
935; 2; 0; 0; 0,999980136206947; 0,999980136206947; 11,2763014685775
960; 10; 0; 0; 0,999598546887949; 0,999598546887949; 14,9134760016434
969; 19; 2; 0; 0,338603160765067; 0,28967255369131; 8,11089858241878
985; 10; 0; 0; 0,891880989673515; 0,891880989673515; 8,04752448512296
991; 19; 0; 0; 0,968187785200536; 0,968187785200536; 9,626937548125
1015; 13; 0; 0; 1; 1; 17,4025409523411
1051; 16; 0; 0; 0,999952376176533; 0,999952376176533; 14,4776983032783
1054; 16; 0; 0; 0,999928003707829; 0,999928003707829; 14,4681593920538
1061; 10; 0; 0; 0,787814430456237; 0,787814430456237; 6,77885272801971
1063; 10; 0; 0; 0,813170511555273; 0,813170511555273; 6,99069187577033
1070; 16; 0; 0; 0,999787669341402; 0,999787669341402; 15,0390380597985
1070; 10; 0; 0; 0,994548378138045; 0,994548378138045; 11,212224664152
1093; 16; 0; 0; 0,999458264707235; 0,999458264707235; 13,6002620424735
1098; 10; 0; 0; 0,998659787757845; 0,998659787757845; 15,0412066868166
1102; 16; 0; 0; 0,998481176896793; 0,998481176896793; 13,2002543353419
1127; 16; 0; 0; 0,998717688506527; 0,998717688506527; 13,2002543353419
1145; 10; 0; 0; 0,89795860093482; 0,89795860093482; 8,77263294214315
1155; 21; 0; 0; 0,573745588745913; 0,573745588745913; 7,10220881785456
1187; 16; 0; 0; 0,999406280593627; 0,999406280593627; 12,4586928098241
1208; 10; 0; 0; 0,722273715188707; 0,722273715188707; 7,27800323555643
1211; 10; 0; 0; 1; 1; 18,6401230738838
1236; 10; 0; 0; 1; 1; 17,3552384847884
1244; 19; 0; 0; 0,999977743234117; 0,999977743234117; 16,0277485643297
1249; 10; 0; 0; 0,79309731679755; 0,79309731679755; 6,88314276998924
1250; 20; 0; 0; 0,969607500535662; 0,969607500535662; 11,5598987904107
1271; 2; 0; 0; 1; 1; 13,2575376706982
1273; 19; 0; 0; 0,96801340605203; 0,96801340605203; 9,42637634920573
1294; 10; 0; 0; 0,910212250770844; 0,910212250770844; 9,14797439987066
1306; 19; 0; 0; 1; 1; 19,4538671868595
1315; 20; 0; 0; 0,998963325952848; 0,998963325952848; 14,0886266508131
1316; 10; 0; 0; 0,907893118801577; 0,907893118801577; 9,27328911767711
1331; 18; 0; 0; 0,997949629888138; 0,997949629888138; 14,9089462553047
1331; 2; 0; 0; 1; 1; 12,8787508801069
1342; 16; 0; 0; 0,99955636402618; 0,99955636402618; 15,022045705553
1347; 18; 0; 0; 0,891360711858609; 0,891360711858609; 6,88105211783295
1364; 16; 0; 0; 0,35868682148701; 0,35868682148701; 5,93646239202573
1370; 16; 0; 0; 0,972924707936045; 0,972924707936045; 11,2202161850407
1370; 10; 0; 0; 0,999949851167137; 0,999949851167137; 14,5374635860286
1376; 2; 0; 0; 1; 1; 17,3481561055039
1384; 2; 0; 0; 0,999979919432514; 0,999979919432514; 12,1307184365547
1395; 20; 0; 0; 0,656878075257739; 0,656878075257739; 6,64863330566698
1422; 10; 0; 0; 0,51717553325678; 0,51717553325678; 6,57886696725311
1471; 2; 0; 0; 1; 1; 17,3481561055039
1484; 20; 0; 0; 0,964998471726836; 0,964998471726836; 11,2709013206505
1502; 20; 0; 0; 1; 1; 18,0842825914142
1504; 10; 0; 0; 0,993017151728407; 0,993017151728407; 10,4397635446283
1507; 21; 0; 0; 0,97951076099325; 0,97951076099325; 10,1690717164736
1522; 20; 0; 0; 0,917544303092448; 0,917544303092448; 7,93170289097114
1527; 10; 0; 0; 0,994570230124796; 0,994570230124796; 11,212224664152
1540; 10; 0; 0; 0,489200886139652; 0,489200886139652; 6,45749108279061
1553; 23; 0; 0; 0,723261550956687; 0,723261550956687; 7,52279485056612
1581; 19; 0; 0; 0,285091047273712; 0,285091047273712; 6,41109942573188
1587; 2; 0; 0; 0,865153120976316; 0,865153120976316; 6,82964061823848
1588; 20; 0; 0; 0,854164220746229; 0,854164220746229; 8,05892982845749
1597; 19; 0; 0; 0,93127487107009; 0,93127487107009; 11,2194239950308
1607; 10; 0; 0; 0,914222248714353; 0,914222248714353; 9,40208479986707
1620; 16; 0; 0; 0,998672416786186; 0,998672416786186; 12,5183714212941
1633; 10; 0; 0; 0,99816990144332; 0,99816990144332; 11,8134166426057
1649; 23; 0; 0; 0,766476526410796; 0,766476526410796; 7,96531219471707
1673; 20; 0; 0; 0,997070772473013; 0,997070772473013; 13,5947720755807
1675; 2; 1; 0; 0,674555224777883; 0,325444775222117; 8,65811355237529
1684; 19; 0; 0; 0,956992008530716; 0,956992008530716; 10,9457795073471
1687; 2; 0; 0; 0,532236079375355; 0,532236079375355; 5,63445351004675
1688; 19; 0; 0; 0,961360777494478; 0,961360777494478; 11,5071015333649
1691; 23; 0; 0; 0,887696123016194; 0,887696123016194; 9,14934508852636
1692; 2; 0; 0; 0,650194792520076; 0,650194792520076; 5,93489550977764
1703; 3; 2; 0; 0,388349616502274; 0,334965941777255; 5,53829320380036
1716; 23; 0; 0; 0,811763409185813; 0,811763409185813; 8,2567260554994
1726; 13; 0; 0; 0,909159965471676; 0,909159965471676; 7,66891635187915
1753; 10; 0; 0; 0,807499376501751; 0,807499376501751; 7,66143009822614
1771; 2; 0; 0; 0,999075684283628; 0,999075684283628; 10,6790636706126
1779; 10; 0; 0; 0,910283351677033; 0,910283351677033; 9,40208479986707
1793; 10; 0; 0; 0,998293489377067; 0,998293489377067; 14,1031271998006
1808; 23; 0; 0; 0,927271418753519; 0,927271418753519; 9,53593713452044
1809; 23; 0; 0; 0,933530611947034; 0,933530611947034; 9,67216480787073
1811; 23; 0; 0; 0,934100712434653; 0,934100712434653; 9,67216480787073
1813; 16; 0; 0; 0,70324114465116; 0,70324114465116; 8,30579520654941
1842; 19; 4; 0; 0,162914086254777; 0,11010973725474; 4,53310060405284
1884; 18; 0; 0; 0,983672841128093; 0,983672841128093; 10,9089850648571
1898; 18; 0; 0; 0,998408748948656; 0,998408748948656; 13,5535875048225
1944; 20; 0; 0; 1; 1; 18,0842825914142
1945; 10; 0; 0; 0,923147639230909; 0,923147639230909; 7,90633984503309
1946; 10; 0; 0; 0,937386232517397; 0,937386232517397; 8,86322305481064
1954; 21; 0; 0; 0,994567040975435; 0,994567040975435; 12,0929501493199
1956; 16; 0; 0; 0,999981423004389; 0,999981423004389; 15,4761602552285
1974; 10; 0; 0; 0,886905476800744; 0,886905476800744; 8,07186001017923
1980; 20; 0; 0; 1; 1; 18,8377943660565
1984; 15; 0; 0; 0,597018886255111; 0,597018886255111; 7,14480655401248
2008; 23; 0; 0; 0,989770305689673; 0,989770305689673; 11,8780971324728
2031; 19; 0; 0; 0,921813482459336; 0,921813482459336; 8,2569443283679
2058; 2; 0; 0; 0,999960396858096; 0,999960396858096; 12,8148764047351
2059; 19; 3; 0; 0,249838298671851; 0; 4,99570433707982
2075; 10; 0; 0; 0,655781158898741; 0,655781158898741; 6,88250698112633
2126; 10; 0; 0; 0,998853357321428; 0,998853357321428; 15,559868986362
2133; 10; 0; 0; 0,828569555035013; 0,828569555035013; 7,93025220693583
2136; 13; 0; 0; 0,949848478977687; 0,949848478977687; 8,0797511564441
2142; 19; 0; 0; 0,9983522921807; 0,9983522921807; 10,9131450072627
2155; 16; 0; 0; 0,55814354670949; 0,55814354670949; 5,56372063168628
2173; 19; 0; 0; 0,99997905985919; 0,99997905985919; 16,0277485643297
2175; 10; 0; 0; 0,651510233602407; 0,651510233602407; 6,74662926223935
2177; 10; 0; 0; 0,639067100798448; 0,639067100798448; 6,27811334125051
2199; 19; 0; 0; 0,206777013521425; 0,206777013521425; 5,34258285477657
2206; 13; 0; 0; 1; 1; 16,7580023985507
2230; 10; 0; 0; 1; 1; 17,3855529152055
2233; 10; 0; 0; 0,858883547844927; 0,858883547844927; 7,26873179301429
2246; 10; 0; 0; 0,803164571873586; 0,803164571873586; 6,88314276998924
2259; 10; 0; 0; 0,943058811068003; 0,943058811068003; 9,40208479986707
2264; 20; 0; 0; 0,994292124467752; 0,994292124467752; 12,5232236896116
2275; 16; 0; 0; 0,999559844724876; 0,999559844724876; 15,5400472816065
2281; 16; 0; 0; 0,999261398410325; 0,999261398410325; 12,823104211475
2281; 18; 0; 0; 0,99930759032694; 0,99930759032694; 10,6736612384465
2299; 10; 0; 0; 0,950559715311276; 0,950559715311276; 8,84776863930389
2310; 20; 0; 0; 0,997283208670157; 0,997283208670157; 12,1250669863287
2313; 13; 0; 0; 1; 1; 19,6724375982987
2316; 18; 0; 0; 0,995319079877674; 0,995319079877674; 12,0883348015984
2325; 21; 0; 0; 0,304825226990005; 0,304825226990005; 6,04647507465997
2329; 23; 0; 0; 0,810365933094258; 0,810365933094258; 8,06013733989227
2337; 13; 0; 0; 0,937449760697223; 0,937449760697223; 8,70127047617057
2350; 10; 0; 0; 0,96704030625007; 0,96704030625007; 8,86322305481064
2378; 2; 0; 0; 1; 1; 14,5405251872174
2417; 10; 0; 0; 0,998987130337473; 0,998987130337473; 12,2168750214957
2423; 10; 0; 0; 0,828134775162269; 0,828134775162269; 6,30146873308875
2426; 10; 0; 0; 0,911196679121334; 0,911196679121334; 8,20429455644543
2440; 19; 0; 0; 0,925769137521515; 0,925769137521515; 7,66891635189618
2458; 2; 0; 0; 0,999939721923233; 0,999939721923233; 11,8114890040138
2478; 19; 0; 0; 0,996423409120027; 0,996423409120027; 12,8872016780814
2496; 16; 0; 0; 0,999696750362717; 0,999696750362717; 13,671852781635
2499; 16; 0; 0; 1; 1; 17,3527362228444
2507; 10; 0; 0; 0,996817985549118; 0,996817985549118; 10,4804970038811
2514; 10; 0; 0; 0,999874472516486; 0,999874472516486; 15,559868986362
2531; 10; 0; 0; 0,999791071355441; 0,999791071355441; 14,5560064711129
2532; 18; 0; 0; 0,991702852212856; 0,991702852212856; 12,4241218794206
2532; 2; 0; 0; 0,697453952543599; 0,697453952543599; 5,77892667697102
2536; 19; 0; 0; 0,725503596756356; 0,725503596756356; 7,51753431221416
2542; 19; 0; 0; 0,684699560441185; 0,684699560441185; 7,3569993410038
2553; 2; 0; 0; 1; 1; 15,03506862477
2554; 19; 0; 0; 1; 1; 16,5718127888063
2567; 19; 0; 0; 0,999987793700946; 0,999987793700946; 13,4439243842116
2571; 19; 0; 0; 0,985911037762903; 0,985911037762903; 10,0548014391528
2616; 23; 0; 0; 0,837711965299095; 0,837711965299095; 8,46314420688689
2636; 10; 0; 0; 0,957489972249562; 0,957489972249562; 9,60077022562763
2663; 13; 0; 0; 0,825598221832765; 0,825598221832765; 7,41747647148967
2666; 19; 0; 0; 0,985968997814442; 0,985968997814442; 9,23400132167091
2687; 20; 0; 0; 0,576782386268439; 0,576782386268439; 5,94877716822835
2691; 18; 0; 0; 0,980982897097994; 0,980982897097994; 8,35122764907081
2695; 18; 0; 0; 0,898136910219083; 0,898136910219083; 7,58082012981596
2702; 2; 0; 0; 0,999984590011891; 0,999984590011891; 12,823902347215
2723; 10; 0; 0; 0,912240811097772; 0,912240811097772; 8,21862501446077
2748; 10; 0; 0; 1; 1; 17,3855529152055
2750; 2; 1; 0; 0,560105373613101; 0,439894626386899; 8,33808589957482
2760; 19; 0; 0; 0,994785519696703; 0,994785519696703; 12,8221988514638
2762; 20; 0; 0; 0,84572377795403; 0,84572377795403; 7,53511774642258
2766; 18; 0; 0; 0,999329300343109; 0,999329300343109; 13,5535875048225
2766; 2; 0; 0; 0,999936628546239; 0,999936628546239; 11,8620073895721
2798; 10; 0; 0; 0,960124669058353; 0,960124669058353; 9,40208479986707
2814; 2; 1; 0; 0,53919966158451; 0,46080033841549; 7,26220384801678
2822; 16; 0; 0; 0,999973810977498; 0,999973810977498; 14,9504313717889
2824; 10; 0; 0; 0,99791343791567; 0,99791343791567; 12,0920075689
2832; 10; 0; 0; 0,933126838276206; 0,933126838276206; 9,02600140787238
2845; 16; 0; 0; 0,981542951962611; 0,981542951962611; 9,34401960736808
2856; 2; 0; 0; 1; 1; 15,03506862477
2875; 20; 0; 0; 0,966025210872247; 0,966025210872247; 11,8641066533163
2877; 10; 0; 0; 0,795108176420455; 0,795108176420455; 6,04600378445001
2883; 20; 0; 0; 0,965965999551331; 0,965965999551331; 11,8641066533163
2898; 19; 0; 0; 0,92745939592772; 0,92745939592772; 7,41747647150615
2903; 20; 0; 0; 0,999807507475529; 0,999807507475529; 15,5460707871041
2935; 19; 0; 0; 0,842317945082748; 0,842317945082748; 7,91319401285701
2936; 10; 0; 0; 0,998386132055959; 0,998386132055959; 11,0249795260985
2940; 10; 0; 0; 0,995889765993799; 0,995889765993799; 10,4397635446283
2957; 15; 0; 0; 0,351383283035174; 0,351383283035174; 5,55707176423193
2957; 10; 0; 0; 0,999259592976032; 0,999259592976032; 12,1800370585645
2959; 13; 0; 0; 0,99907393233208; 0,99907393233208; 13,3078254341432
2990; 10; 0; 0; 0,846885265257122; 0,846885265257122; 7,69261483625487
3011; 16; 0; 0; 0,83201473792186; 0,83201473792186; 8,01444013217189
3018; 10; 0; 0; 0,530863551084377; 0,530863551084377; 7,03396907773716
3053; 10; 0; 0; 0,999268117129649; 0,999268117129649; 12,5183714213024
3060; 2; 0; 0; 0,999987167324237; 0,999987167324237; 13,659281236477
3066; 2; 0; 0; 0,560450249768053; 0,560450249768053; 10,2273384081426
3081; 10; 0; 0; 0,999620453105132; 0,999620453105132; 13,6564051868753
3082; 19; 0; 0; 0,785278121889069; 0,785278121889069; 5,95350085212993
3095; 20; 0; 0; 0,540081598377166; 0,540081598377166; 7,39075496436096
3116; 13; 0; 0; 0,999896066649196; 0,999896066649196; 15,6022780952024
3121; 2; 0; 0; 0,57571988785612; 0,57571988785612; 13,5169276954612
3148; 20; 0; 0; 1; 1; 20,550321126607
3152; 19; 0; 0; 0,977939524069432; 0,977939524069432; 9,0493212952375
3158; 20; 0; 0; 1; 1; 18,0842825914142
3160; 19; 0; 0; 0,289814976188525; 0,289814976188525; 5,98369279734975
3169; 13; 0; 0; 0,996672130054081; 0,996672130054081; 12,2288125611046
3185; 18; 0; 0; 0,998775170201442; 0,998775170201442; 13,5535875048225
3212; 23; 0; 0; 0,999472316155024; 0,999472316155024; 14,4053518415096
3214; 2; 1; 0; 0,578889913767193; 0,421110086232807; 6,0791436409543
3220; 10; 0; 0; 0,990596947310023; 0,990596947310023; 12,2230812634013
3229; 18; 0; 0; 0,998325163709309; 0,998325163709309; 13,1549525782101
3252; 19; 0; 0; 0,998524969763484; 0,998524969763484; 13,199322347095
3321; 16; 0; 0; 0,466292011650709; 0,466292011650709; 5,63963927242444
3323; 19; 0; 0; 0,208296248073188; 0,208296248073188; 5,69816292815496
3325; 10; 0; 0; 0,995689674698294; 0,995689674698294; 10,9917407601679
3332; 10; 0; 0; 1; 1; 17,3855529152055
3336; 2; 1; 0; 0,918899113101449; 0,0811008868985508; 4,45079880619858
3345; 13; 0; 0; 0,999931888806135; 0,999931888806135; 16,1595023128882
3347; 19; 0; 0; 0,999314319299338; 0,999314319299338; 15,0350686244283
3354; 19; 0; 0; 0,999431672742842; 0,999431672742842; 15,55351926665
3369; 10; 0; 0; 0,92011484650983; 0,92011484650983; 6,88314276998924
3395; 23; 0; 0; 0,903956086103067; 0,903956086103067; 9,14934508852636
3402; 19; 0; 0; 0,22523930148339; 0,22523930148339; 5,47288975367356
3414; 19; 0; 0; 0,999926184514576; 0,999926184514576; 16,1090020976018
3420; 19; 0; 0; 0,664025413522882; 0,664025413522882; 8,31068444076355
3440; 19; 0; 0; 0,573386655228913; 0,573386655228913; 6,12930062051739
3465; 2; 1; 0; 0,538572714383381; 0,461427285616619; 16,1023843628598
3472; 18; 0; 0; 0,989985473908583; 0,989985473908583; 11,1817096914785
3477; 13; 0; 0; 1; 1; 20,5666393073123
3492; 16; 0; 0; 0,940829025079615; 0,940829025079615; 9,35018015420054
3492; 10; 0; 0; 0,968471635248775; 0,968471635248775; 8,1938431121252
3539; 19; 0; 0; 0,980444148971153; 0,980444148971153; 9,23400132167091
3570; 20; 0; 0; 0,998734864511585; 0,998734864511585; 15,5460707871041
3573; 2; 0; 0; 0,966155045682972; 0,966155045682972; 7,77166001385758
3589; 10; 0; 0; 0,943278577188417; 0,943278577188417; 6,99069187577033
3594; 19; 0; 0; 0,982757600783644; 0,982757600783644; 9,23400132167091
3600; 19; 0; 0; 0,986420721940145; 0,986420721940145; 9,83621879917119
3676; 18; 0; 0; 0,992968399656571; 0,992968399656571; 12,4241218794206
3843; 16; 0; 0; 0,999622940559955; 0,999622940559955; 14,0990981810611
3846; 20; 0; 0; 0,890736343865344; 0,890736343865344; 8,35740871099295
3875; 10; 0; 0; 0,999931147625208; 0,999931147625208; 14,5374635860286
3902; 19; 0; 0; 0,661228283874528; 0,661228283874528; 5,95382736853765
3926; 2; 0; 0; 0,999443864284277; 0,999443864284277; 11,0012697254415
3954; 19; 0; 0; 0,355854107553774; 0,355854107553774; 5,98369279734975
3958; 19; 0; 0; 0,259824031187679; 0,259824031187679; 5,75355076668246
3968; 18; 0; 0; 0,999345024938977; 0,999345024938977; 13,5535875048225
3970; 10; 0; 0; 0,840825841415213; 0,840825841415213; 7,15335509788708
3972; 10; 0; 0; 0,936267731141659; 0,936267731141659; 8,69277645760274
3984; 10; 0; 0; 0,993407141186476; 0,993407141186476; 10,0449813460008
3997; 10; 0; 0; 0,9510133623694; 0,9510133623694; 9,27328911767711
4003; 10; 0; 0; 1; 1; 17,2062674528158
4013; 10; 3; 0; 0,262689935651016; 0,222580112362829; 5,00734856852095
4029; 2; 0; 0; 0,999968579002862; 0,999968579002862; 11,2130168541432
4034; 2; 0; 0; 0,590931362376932; 0,590931362376932; 15,3340455568956
4044; 13; 0; 0; 0,911839433339494; 0,911839433339494; 8,2266557229249
4049; 10; 0; 0; 0,9996295008184; 0,9996295008184; 13,1908525460612
4055; 20; 0; 0; 0,999813623569274; 0,999813623569274; 16,1012876009292
4069; 10; 0; 0; 1; 1; 19,6189652436739
4083; 19; 0; 0; 0,942022492474127; 0,942022492474127; 8,35888191266874
4106; 20; 0; 0; 0,999976335865074; 0,999976335865074; 16,1012876009292
4124; 18; 0; 0; 0,986380758940742; 0,986380758940742; 11,1817096914785
4125; 10; 0; 0; 0,858350984950879; 0,858350984950879; 7,64807119668642
4128; 10; 0; 0; 0,952962930627149; 0,952962930627149; 9,67071579414898
4129; 19; 0; 0; 0,957301958229773; 0,957301958229773; 8,35888191266874
4136; 19; 0; 0; 0,734960769266176; 0,734960769266176; 6,67819321339954
4144; 10; 0; 0; 1; 1; 16,0950489702459
4147; 10; 0; 0; 1; 1; 17,3552384847884
4166; 19; 0; 0; 0,735279133841207; 0,735279133841207; 6,57998448967308
4186; 19; 0; 0; 0,932597765190811; 0,932597765190811; 9,54844595321769
4193; 16; 0; 0; 0,999694615337491; 0,999694615337491; 14,0160294110521
4208; 10; 0; 0; 0,999800331276801; 0,999800331276801; 12,8259952119719
4214; 18; 0; 0; 0,99618841920931; 0,99618841920931; 11,4684201963883
4223; 23; 0; 0; 0,635713297906439; 0,635713297906439; 7,12685827948369
4225; 2; 1; 0; 0,795909366513103; 0,204090633486897; 5,84748881268884
4234; 2; 0; 0; 1; 1; 12,529223853975
4238; 16; 0; 0; 0,86051265356383; 0,86051265356383; 8,63093552695435
4273; 10; 0; 0; 0,958376837344426; 0,958376837344426; 8,84776863930389
4278; 10; 0; 0; 0,998691210244096; 0,998691210244096; 11,5903630915394
4293; 3; 1; 0; 0,806553890997394; 0,076197308956189; 16,0666866503752
4311; 10; 0; 0; 0,296543164486009; 0,296543164486009; 5,85274508008943
4316; 23; 0; 0; 0,995822178124523; 0,995822178124523; 12,31002793729
4317; 20; 0; 0; 0,964019582580558; 0,964019582580558; 10,9960012884395
4331; 19; 0; 0; 0,962433897009419; 0,962433897009419; 8,79310954449569
4335; 16; 0; 0; 0,999498039222905; 0,999498039222905; 12,8146554615334
4351; 21; 0; 0; 0,19138803173659; 0,19138803173659; 5,39083319909443
4354; 2; 0; 0; 1; 1; 14,5500664110678
4355; 3; 2; 0; 0,35441379376981; 0,344256529319933; 6,49749709003926
4392; 2; 0; 0; 0,657829459072359; 0,657829459072359; 5,83717859385236
4415; 10; 3; 0; 0,26839226072671; 0,25268907834872; 5,42965507429983
4427; 10; 0; 0; 0,99886512095728; 0,99886512095728; 11,212224664152
4434; 10; 0; 0; 0,318963627317233; 0,318963627317233; 5,42965507429983
4436; 19; 0; 0; 0,996275474424848; 0,996275474424848; 8,28449914394836
4457; 2; 0; 0; 1; 1; 13,2662370218559
4486; 10; 0; 0; 0,97213457560257; 0,97213457560257; 8,8632188347066
4488; 20; 0; 0; 0,999982318542372; 0,999982318542372; 15,4699130515228
4510; 20; 0; 0; 0,999995531478322; 0,999995531478322; 16,0224099462201
4512; 10; 0; 0; 0,99281783562079; 0,99281783562079; 9,82661218630514
4543; 10; 0; 0; 0,994635336649227; 0,994635336649227; 9,82661218630514
4562; 13; 0; 0; 0,999771643737354; 0,999771643737354; 15,0822021586957
4577; 10; 0; 0; 0,993121382872453; 0,993121382872453; 9,19717084014053
4590; 2; 1; 0; 0,749210100830639; 0,250789899169361; 4,49924361417631
4592; 10; 0; 0; 0,955393535278674; 0,955393535278674; 7,77993449318101
4595; 10; 0; 0; 1; 1; 16,6911618950698
4598; 19; 0; 0; 0,998882384829475; 0,998882384829475; 12,4480781335293
4601; 10; 0; 0; 0,994017078587175; 0,994017078587175; 10,4804970038811
4621; 19; 0; 0; 0,997814579661362; 0,997814579661362; 12,1291070216549
4622; 10; 0; 0; 1; 1; 15,0220457055629
4627; 13; 0; 0; 0,989205324714212; 0,989205324714212; 9,0493212952174
4628; 10; 0; 0; 1; 1; 16,6911618950698
4666; 10; 0; 0; 0,672262419038911; 0,672262419038911; 5,80990849056119
4704; 18; 0; 0; 1; 1; 15,4230478503152
4706; 2; 0; 0; 1; 1; 15,0252093601247
4747; 10; 0; 0; 0,972239368476089; 0,972239368476089; 7,77993449318101
4755; 2; 0; 0; 0,527288587526612; 0,527288587526612; 4,16341084705183
4758; 2; 1; 0; 0,686144163655432; 0,313855836344568; 4,89048218932207
4783; 2; 0; 0; 1; 1; 12,8787508801069
4793; 2; 0; 0; 0,99985698836738; 0,99985698836738; 10,4307133526913
4812; 16; 0; 0; 1; 1; 15,0390380597985
4824; 19; 0; 0; 0,939926464847314; 0,939926464847314; 8,5104162025066
4859; 18; 0; 0; 0,977841182896916; 0,977841182896916; 7,45447312765236
4863; 10; 0; 0; 1; 1; 18,6401230738838
4881; 19; 0; 0; 0,505105118646156; 0,505105118646156; 5,6097119975154
4914; 20; 0; 0; 0,998613509966411; 0,998613509966411; 12,8810300807434
4916; 10; 0; 0; 0,999339725261644; 0,999339725261644; 12,7726435017062
4924; 16; 0; 0; 0,707249848140588; 0,707249848140588; 5,63326713958236
4927; 2; 0; 0; 0,894073318319321; 0,894073318319321; 5,56854393510001
4932; 2; 0; 0; 0,991076357045822; 0,991076357045822; 3,25697646178719
4936; 19; 0; 0; 1; 1; 13,9824670405553
4952; 10; 0; 0; 0,991313977786163; 0,991313977786163; 10,5121897806985
4968; 10; 0; 0; 0,999780415520917; 0,999780415520917; 11,8134166426057
4970; 10; 0; 0; 0,909769525890257; 0,909769525890257; 7,12579058516241
5018; 19; 0; 0; 1; 1; 12,7817986792346
5049; 19; 0; 0; 0,570474356541969; 0,570474356541969; 5,70951973079556
5067; 10; 0; 0; 0,63444703030713; 0,63444703030713; 5,57081729141356
5077; 23; 0; 0; 0,959859026044018; 0,959859026044018; 8,06013733989227
5140; 2; 1; 0; 0,594399197368036; 0,405600802631964; 6,66902942288052
5144; 10; 0; 0; 0,961977071309398; 0,961977071309398; 7,64807119668642
5157; 2; 0; 0; 0,895380640209011; 0,895380640209011; 5,70577570637645
5176; 19; 0; 0; 0,982977932942315; 0,982977932942315; 9,34951999585899
5192; 10; 0; 0; 0,924119610471277; 0,924119610471277; 7,3581533216351
5275; 10; 0; 0; 0,929847850399227; 0,929847850399227; 6,72628912189382
5277; 18; 0; 0; 0,989715287489034; 0,989715287489034; 8,60131514729119
5279; 19; 0; 0; 0,522688688811167; 0,522688688811167; 6,01402744977133
5281; 10; 0; 0; 0,886894009165534; 0,886894009165534; 7,12579058516241
5302; 19; 0; 0; 0,996299434374722; 0,996299434374722; 9,626937548125
5302; 19; 0; 0; 0,591572772862078; 0,591572772862078; 5,45657250363134
5306; 2; 0; 0; 0,999252565158435; 0,999252565158435; 10,6865852893458
5335; 16; 0; 0; 0,95348136367382; 0,95348136367382; 7,86953243979427
5344; 18; 0; 0; 0,995157992544656; 0,995157992544656; 9,127926278758
5358; 16; 0; 0; 0,987858222033725; 0,987858222033725; 8,01444013217189
5359; 16; 0; 0; 0,983314366721733; 0,983314366721733; 7,87383591932677
5370; 10; 0; 0; 0,990954084703204; 0,990954084703204; 8,97819664838033
5375; 16; 0; 0; 0,872389380808117; 0,872389380808117; 7,47521568589446
5397; 16; 0; 0; 0,851068853086716; 0,851068853086716; 7,60191425684183
5402; 13; 0; 0; 1; 1; 18,0986425904348
5413; 18; 0; 0; 0,974787446055919; 0,974787446055919; 7,91168935175129
5440; 19; 0; 0; 1; 1; 16,7589214818097
5452; 19; 0; 0; 0,872611134987881; 0,872611134987881; 7,27503320536854
5464; 16; 0; 0; 0,838512906524014; 0,838512906524014; 6,1734434406382
5495; 16; 0; 0; 0,841953855858519; 0,841953855858519; 6,09001852927823
5518; 2; 0; 0; 0,995625821823066; 0,995625821823066; 9,97414627005613
5533; 2; 1; 0; 0,52703430426295; 0,47296569573705; 8,64997441671036
5548; 19; 0; 0; 0,98438617491156; 0,98438617491156; 8,22665572294318
5564; 10; 0; 0; 0,998767950522636; 0,998767950522636; 11,4719046166487
5569; 10; 0; 0; 0,885059875592841; 0,885059875592841; 6,90765413867785
5591; 2; 1; 0; 0,964312434142165; 0,0356875658578354; 3,57743080002968
5601; 19; 0; 0; 0,242490311501049; 0,242490311501049; 4,44333623565576
5659; 19; 0; 0; 0,987670524045893; 0,987670524045893; 8,37900119929398
5691; 13; 0; 0; 0,999662073350583; 0,999662073350583; 12,5371768734818
5692; 10; 0; 0; 0,895825568355805; 0,895825568355805; 7,41023566877611
5716; 16; 0; 0; 0,652603754493967; 0,652603754493967; 5,36501632341177
5725; 2; 0; 0; 0,938346705969983; 0,938346705969983; 6,01402744990801
5732; 10; 0; 0; 0,742572015531069; 0,742572015531069; 5,96483938364282
5735; 10; 0; 0; 0,999745233464744; 0,999745233464744; 11,8134166426057
5747; 18; 0; 0; 0,976168399771942; 0,976168399771942; 6,88105211783295
5747; 19; 0; 0; 0,999849476369933; 0,999849476369933; 10,7735923811634
5783; 10; 0; 0; 0,648727853666846; 0,648727853666846; 5,52299942929891
5788; 20; 0; 0; 0,591279568089552; 0,591279568089552; 4,07303661968788
5798; 16; 0; 0; 0,989665665452804; 0,989665665452804; 9,96695424785928
5804; 2; 0; 0; 0,670623869070684; 0,670623869070684; 5,06467731240157
5827; 19; 0; 0; 0,999789368597228; 0,999789368597228; 11,4727934691736
5874; 3; 0; 0; 0,918533835852775; 0,918533835852775; 7,0234158438026
5876; 3; 0; 0; 0,928556930656259; 0,928556930656259; 7,3688297377601
5885; 16; 0; 0; 0,964195489109025; 0,964195489109025; 8,15478074824851
5888; 10; 0; 0; 0,988468082176568; 0,988468082176568; 8,97819664838033
5910; 19; 0; 0; 0,927857777480039; 0,927857777480039; 7,23833806131019
5925; 10; 0; 0; 0,997877190293772; 0,997877190293772; 11,2665342791721
5932; 18; 0; 0; 0,96894771198061; 0,96894771198061; 8,84247633431027
5937; 10; 0; 0; 0,771662572878967; 0,771662572878967; 6,45749108279061
5951; 10; 0; 0; 1; 1; 14,1011312688906
5960; 10; 0; 0; 0,841058616467769; 0,841058616467769; 6,04544532125961
5980; 18; 0; 0; 0,892034101980868; 0,892034101980868; 5,20079520533886
5984; 2; 0; 0; 0,50489899322145; 0,50489899322145; 7,25059624831832
6007; 10; 0; 0; 0,999963705066458; 0,999963705066458; 12,8259952119719
6032; 18; 0; 0; 0,973501785520585; 0,973501785520585; 7,3931583774394
6042; 19; 0; 0; 0,999954816440213; 0,999954816440213; 13,4439243842116
6048; 10; 0; 0; 0,998623612929598; 0,998623612929598; 12,2168750214957
6054; 10; 0; 0; 0,999903100071881; 0,999903100071881; 12,4697175671949
6061; 2; 0; 0; 0,921643856943785; 0,921643856943785; 5,78271870183462
6062; 19; 0; 0; 0,995499172144961; 0,995499172144961; 10,283319653679
6076; 2; 0; 0; 0,519370144546646; 0,519370144546646; 5,63055305656878
6094; 2; 0; 0; 0,999914146109739; 0,999914146109739; 10,9395286381885
6096; 19; 0; 0; 0,887689240872826; 0,887689240872826; 6,59966117354752
6108; 10; 0; 0; 0,840591640307501; 0,840591640307501; 6,97886706794257
6112; 10; 0; 0; 0,998160966932536; 0,998160966932536; 12,2168750214957
6118; 10; 0; 0; 0,944931207409098; 0,944931207409098; 7,27391388733631
6130; 10; 0; 0; 0,976371421728625; 0,976371421728625; 8,86322305481064
6137; 20; 0; 0; 0,641721872022237; 0,641721872022237; 4,96820950313577
6169; 20; 0; 0; 0,472553731230647; 0,472553731230647; 3,89747469642547
6174; 19; 0; 0; 0,299931914141149; 0,299931914141149; 4,57935673266563
6206; 10; 0; 0; 0,999994664925927; 0,999994664925927; 13,6738242607424
6209; 19; 0; 0; 0,319819374436014; 0,319819374436014; 4,62656659588899
6224; 18; 0; 0; 0,981173099635972; 0,981173099635972; 8,43902618224796
6227; 13; 0; 0; 1; 1; 16,1595023128882
6243; 13; 0; 0; 1; 1; 18,8527526983696
6244; 19; 0; 0; 0,261333820542644; 0,261333820542644; 4,39977411569835
6246; 16; 0; 0; 0,949035702388802; 0,949035702388802; 7,60276862827582
6280; 10; 0; 0; 0,859826197305468; 0,859826197305468; 6,30088667286213
6288; 16; 0; 0; 0,965620718911293; 0,965620718911293; 8,46250832365411
6296; 16; 0; 0; 0,676864098974824; 0,676864098974824; 4,27436807049168
6334; 2; 0; 0; 0,981843118804928; 0,981843118804928; 8,16066513004592
6341; 10; 0; 0; 0,999794745337541; 0,999794745337541; 11,2809050151125
6343; 10; 0; 0; 0,999326651640232; 0,999326651640232; 11,2809050151125
6344; 13; 0; 0; 1; 1; 20,5666393073123
6346; 10; 0; 0; 0,996469194435743; 0,996469194435743; 10,404750698821
6346; 20; 0; 0; 0,525008482543407; 0,525008482543407; 3,93136578074222
6370; 2; 1; 0; 0,795772586365205; 0,204227413634795; 4,02725052449197
6371; 20; 0; 0; 0,938302265146049; 0,938302265146049; 8,15686324534839
6379; 2; 1; 0; 0,582660771940651; 0,417339228059349; 6,62142115554471
6381; 10; 0; 0; 1; 1; 14,4310630249423
6389; 2; 1; 0; 0,998659181277146; 0,00134081872285411; 3,29019183068423
6398; 2; 1; 0; 0,541542409316593; 0,458457590683407; 10,0701194702001
6408; 10; 0; 0; 0,998955964342688; 0,998955964342688; 12,2230812634013
6444; 10; 0; 0; 0,994574018489777; 0,994574018489777; 9,5885398120614
6463; 20; 0; 0; 0,967560574480267; 0,967560574480267; 9,15566282641146
6503; 10; 0; 0; 0,701662887090116; 0,701662887090116; 5,63326713958607
6507; 23; 0; 0; 0,994658527158327; 0,994658527158327; 10,1052468141933
6534; 10; 0; 0; 1; 1; 14,912098459107
6594; 10; 0; 0; 0,992610778390282; 0,992610778390282; 9,01322742333772
6644; 19; 6; 0; 0,223149653804762; 0,170486056794471; 4,04303567388497
6678; 18; 0; 0; 0,856591786296396; 0,856591786296396; 4,91503722702354
6678; 19; 0; 0; 0,999318797557704; 0,999318797557704; 9,62746553210343
6718; 10; 0; 0; 0,998357805388273; 0,998357805388273; 10,4397635446283
6724; 16; 2; 0; 0,239913254284251; 0,230214360912753; 3,20577605286876
6727; 20; 0; 0; 0,990059508110345; 0,990059508110345; 10,2462739278641
6739; 10; 0; 0; 0,836061299627856; 0,836061299627856; 6,17344344064227
6749; 10; 0; 0; 0,688364400934342; 0,688364400934342; 6,25241695798858
6752; 10; 0; 0; 0,802482902379623; 0,802482902379623; 5,63326713958607
6774; 10; 0; 0; 0,86301810282621; 0,86301810282621; 6,17344344064227
6782; 10; 0; 0; 0,681770202100553; 0,681770202100553; 5,92334238125234
6804; 18; 0; 0; 0,725092825900667; 0,725092825900667; 6,715288976378
6812; 19; 0; 0; 0,93190783044546; 0,93190783044546; 7,3569993410038
6826; 2; 0; 0; 0,894073318319321; 0,894073318319321; 5,56854393510001
6836; 10; 0; 0; 0,929695754679755; 0,929695754679755; 6,27811334125051
6837; 10; 0; 0; 0,992551997405743; 0,992551997405743; 9,81222486835874
6863; 19; 0; 0; 0,977317885084799; 0,977317885084799; 9,34951999585899
6877; 20; 0; 0; 0,998778562283624; 0,998778562283624; 10,0468236618968
6889; 19; 0; 0; 0,662143927941601; 0,662143927941601; 6,26461192684513
6900; 10; 0; 0; 0,430056776432123; 0,430056776432123; 4,97069948636902
6907; 18; 0; 0; 0,962595220910969; 0,962595220910969; 7,09949821681177
6909; 18; 0; 0; 0,948750610809693; 0,948750610809693; 7,15845493688576
6916; 19; 5; 0; 0,289632934905958; 0,191853893324127; 4,54154939734529
6923; 18; 0; 0; 0,804274518900686; 0,804274518900686; 4,42839987781328
6934; 10; 0; 0; 1; 1; 17,8945181509285
6956; 10; 0; 0; 0,427257488488143; 0,427257488488143; 4,86264080188273
6963; 19; 0; 0; 0,884224764878932; 0,884224764878932; 4,9721545578228
6966; 10; 0; 0; 0,784745117838273; 0,784745117838273; 5,80990849056119
6967; 20; 0; 0; 0,749425527950002; 0,749425527950002; 6,8308492852427
6976; 3; 0; 0; 0,701978708362732; 0,701978708362732; 4,6355502214562
6990; 15; 0; 0; 0,892775432463378; 0,892775432463378; 5,62321220365994
7040; 10; 0; 0; 0,978908427125203; 0,978908427125203; 9,4171744957363
7041; 16; 0; 0; 0,76181180004378; 0,76181180004378; 5,77770988675114
7046; 10; 0; 0; 0,973927416379215; 0,973927416379215; 8,37081778833401
7047; 16; 0; 0; 0,761811809843216; 0,761811809843216; 5,77770988675114
7049; 10; 0; 0; 0,998158312090864; 0,998158312090864; 12,2168750214957
7056; 16; 0; 0; 0,763627517685891; 0,763627517685891; 5,70457431856441
7059; 19; 0; 0; 0,924210471181061; 0,924210471181061; 5,72741854128956
7065; 18; 0; 0; 0,657215599719652; 0,657215599719652; 6,08005893807197
7090; 2; 1; 0; 0,848973787140931; 0,151026212859069; 4,12413467363355
7092; 13; 0; 0; 0,992359280579987; 0,992359280579987; 11,0357576770944
7095; 10; 0; 0; 0,945933915910275; 0,945933915910275; 6,93325186410594
7111; 19; 0; 0; 0,822460914476678; 0,822460914476678; 5,0841671911108
7114; 2; 1; 0; 0,945139756871622; 0,0548602431283777; 3,48485196454124
7120; 21; 0; 0; 0,962798779061571; 0,962798779061571; 9,13141133724158
7128; 16; 0; 0; 0,377781537188534; 0,377781537188534; 4,04065712751052
7141; 23; 0; 0; 0,931846502124626; 0,931846502124626; 7,44012677528518
7143; 16; 0; 0; 0,825624013012576; 0,825624013012576; 5,50208709504823
7151; 18; 0; 0; 0,943519458616354; 0,943519458616354; 6,69095182111569
7168; 16; 0; 0; 0,762268759382701; 0,762268759382701; 5,63326713958236
7175; 10; 0; 0; 1; 1; 18,8343489914726
7200; 10; 0; 0; 0,744552884310852; 0,744552884310852; 5,93731842900656
7213; 13; 0; 0; 1; 1; 18,0986425904348
7262; 10; 0; 0; 0,995650970124383; 0,995650970124383; 9,94231733442891
7270; 15; 0; 0; 0,227900664615247; 0,227900664615247; 2,98094578081315
7278; 18; 0; 0; 0,998726613588403; 0,998726613588403; 12,0883348015984
7279; 20; 0; 0; 0,910605276516599; 0,910605276516599; 7,60385556769766
7283; 3; 0; 0; 0,969048268328192; 0,969048268328192; 6,61247605119487
7287; 2; 1; 0; 0,979339224499637; 0,0206607755003629; 3,52153344377922
7318; 19; 3; 0; 0,253607270871475; 0,105453872814028; 2,84992958788388
7332; 10; 0; 0; 1; 1; 17,8945181509285
7335; 10; 0; 0; 0,709735783624106; 0,709735783624106; 4,22452486514053
7345; 19; 0; 0; 0,98169086922632; 0,98169086922632; 8,07975115646205
7352; 19; 0; 0; 0,935323041078645; 0,935323041078645; 6,19816527071061
7366; 2; 1; 0; 0,947710846839592; 0,0522891531604082; 3,57743080002968
7395; 10; 2; 0; 0,338319057822733; 0,0303858201809479; 3,76881501316034
7418; 15; 0; 0; 0,618655203112752; 0,618655203112752; 4,84003024626652
7437; 10; 0; 0; 0,937939034732425; 0,937939034732425; 6,99004615270643
7449; 10; 0; 0; 0,930150669324359; 0,930150669324359; 6,83691213037119
7450; 19; 0; 0; 0,872949513299965; 0,872949513299965; 7,39429604480081
7471; 23; 0; 0; 0,941856125703444; 0,941856125703444; 7,44012677528518
7475; 18; 0; 0; 0,96869951857782; 0,96869951857782; 6,77679375241124
7476; 18; 0; 0; 0,380757811866593; 0,380757811866593; 3,52179832802474
7492; 2; 1; 0; 0,967035815186928; 0,0329641848130723; 3,63513129680435
7495; 2; 0; 0; 0,604502127632859; 0,604502127632859; 9,36522248804285
7497; 19; 0; 0; 0,999332158899193; 0,999332158899193; 8,37900119929398
7517; 15; 0; 0; 0,633597127281806; 0,633597127281806; 4,89263927068246
7522; 16; 0; 0; 0,809957886102766; 0,809957886102766; 5,71102711131589
7533; 19; 0; 0; 0,499758179424123; 0,499758179424123; 3,99271428767877
7552; 10; 0; 0; 1; 1; 19,6532337302323
7564; 16; 0; 0; 0,76181181798745; 0,76181181798745; 5,77770988675114
7571; 18; 0; 0; 0,978982035716043; 0,978982035716043; 7,45447312765236
7576; 10; 0; 0; 0,905533118793254; 0,905533118793254; 6,97886706794257
7580; 10; 0; 0; 1; 1; 16,7416435479757
7582; 10; 5; 0; 0,243116297059119; 0,227314544003924; 4,54721233308261
7584; 2; 0; 0; 0,88856799932853; 0,88856799932853; 5,78271870183462
7597; 16; 0; 0; 0,775156394274747; 0,775156394274747; 5,77770988675114
7657; 13; 0; 0; 1; 1; 17,4025409523411
7662; 19; 3; 0; 0,263030370315224; 0,175862854242877; 3,17332585317567
7662; 18; 0; 0; 0,574267856018413; 0,574267856018413; 3,72699415743656
7668; 20; 0; 0; 0,443805459044918; 0,443805459044918; 6,09237909224349
7680; 19; 3; 0; 0,259702695023702; 0,20565230538471; 3,17332585317567
7684; 18; 0; 0; 0,987938156649037; 0,987938156649037; 8,05326180399648
7692; 2; 0; 0; 0,778858142941378; 0,778858142941378; 2,88236135565127
7703; 16; 0; 0; 0,868077079611751; 0,868077079611751; 5,93646239202573
7710; 2; 0; 0; 0,562153524575205; 0,562153524575205; 4,72613878848117
7724; 10; 3; 0; 0,330466330203533; 0,310438084429972; 4,42388431965195
7739; 10; 0; 0; 0,977210609428604; 0,977210609428604; 7,21619806531131
7766; 10; 1; 0; 0,375011017390154; 0,305951396633118; 7,95991166874789
7787; 10; 0; 0; 0,997793648973562; 0,997793648973562; 10,2423038901565
7807; 16; 0; 0; 0,969085940554838; 0,969085940554838; 7,23884915163913
7815; 19; 0; 0; 0,889896882500213; 0,889896882500213; 7,01213999689424
7820; 19; 0; 0; 0,962954334040364; 0,962954334040364; 7,80113904761853
7841; 10; 0; 0; 0,998013415623473; 0,998013415623473; 12,5562326609817
7843; 2; 0; 0; 0,628677908379415; 0,628677908379415; 4,63363661573847
7869; 19; 0; 0; 0,849098261657011; 0,849098261657011; 5,02655004239563
7875; 19; 0; 0; 0,498918186092613; 0,498918186092613; 5,54045629384237
7886; 2; 0; 0; 0,945469211496645; 0,945469211496645; 6,09130109194243
7891; 10; 0; 0; 0,993840895962793; 0,993840895962793; 9,1298561994533
7904; 18; 0; 0; 0,289144797748667; 0,289144797748667; 3,12775096265134
7935; 19; 2; 0; 0,284887985872711; 0,0226706749535156; 3,09025146923083
7937; 19; 0; 0; 0,991953079969988; 0,991953079969988; 8,7012704761899
7939; 2; 1; 0; 1; 0; 3,3800443866603
7983; 19; 0; 0; 0,767959339142051; 0,767959339142051; 5,26152186056815
7989; 10; 0; 0; 0,39196335356591; 0,39196335356591; 4,91607641509024
8005; 10; 0; 0; 0,867745139932335; 0,867745139932335; 6,49984038501566
8007; 13; 0; 0; 0,960600280250632; 0,960600280250632; 6,5574791994329
8040; 10; 0; 0; 0,989333040674217; 0,989333040674217; 8,20429455644543
8050; 19; 0; 0; 0,986324939326862; 0,986324939326862; 5,451398370625
8072; 10; 0; 0; 0,830030226551546; 0,830030226551546; 6,40819044501617
8075; 16; 0; 0; 0,841993415980454; 0,841993415980454; 6,09001852927823
8084; 10; 0; 0; 1; 1; 19,6532337302323
8096; 18; 0; 0; 0,449516745394333; 0,449516745394333; 3,44249078663988
8197; 15; 3; 0; 0,21455457829021; 0; 2,69375434905865
8214; 18; 0; 0; 0,377639452752059; 0,377639452752059; 3,54974910840589
8224; 16; 0; 0; 0,917522900851439; 0,917522900851439; 6,44530202562793
8227; 19; 0; 0; 0,812841602687309; 0,812841602687309; 6,41109942573188
8245; 16; 0; 0; 0,334670695639322; 0,334670695639322; 3,5619733920764
8263; 16; 0; 0; 0,32012318375003; 0,32012318375003; 3,5063175578252
8290; 10; 0; 0; 0,997385445074551; 0,997385445074551; 10,6524828583167
8296; 19; 0; 0; 0,992131960176238; 0,992131960176238; 10,4366734837496
8304; 16; 0; 0; 0,487095683781366; 0,487095683781366; 4,00722006608595
8309; 13; 0; 0; 0,997288190315727; 0,997288190315727; 11,0357576770944
8359; 19; 0; 0; 0,999217641099588; 0,999217641099588; 11,9070017042599
8361; 20; 5; 0; 0,157944696310243; 0,0961391920090545; 4,0416889954429
8373; 10; 0; 0; 0,988485441015072; 0,988485441015072; 11,0249847754962
8375; 10; 0; 0; 0,384196834706592; 0,384196834706592; 4,25694528872168
8381; 10; 0; 0; 1; 1; 13,9800923054129
8400; 2; 1; 0; 0,961317206941129; 0,0386827930588707; 3,60605024642992
8403; 2; 1; 0; 0,958414752561255; 0,0415852474387454; 3,63513129680435
8413; 10; 0; 0; 0,997921212205452; 0,997921212205452; 12,2168750214957
8419; 2; 0; 0; 0,914085311001433; 0,914085311001433; 5,63445351004675
8436; 19; 0; 0; 1; 1; 12,0908906425192
8445; 20; 0; 0; 0,992747013717115; 0,992747013717115; 10,9960012884395
8451; 19; 2; 0; 0,490245621979739; 0,276548696063905; 3,64912000007146
8452; 2; 0; 0; 0,96719517050063; 0,96719517050063; 6,34868001132028
8456; 19; 0; 0; 0,298125676822128; 0,298125676822128; 3,72865787748141
8463; 2; 0; 0; 0,999997513676462; 0,999997513676462; 10,732292400089
8464; 10; 0; 0; 0,998849979552864; 0,998849979552864; 12,5562326609817
8489; 10; 0; 0; 0,999753806169014; 0,999753806169014; 14,1257617436045
8496; 2; 0; 0; 1; 1; 11,8620073895721
8530; 19; 0; 0; 0,999716643181992; 0,999716643181992; 8,87188362278186
8534; 16; 0; 0; 0,807498124475835; 0,807498124475835; 6,09001852927823
8537; 10; 0; 0; 0,542058224892955; 0,542058224892955; 5,87044643890055
8540; 18; 0; 0; 0,909397610750285; 0,909397610750285; 5,88511036393608
8545; 10; 0; 0; 0,934313883873897; 0,934313883873897; 8,07186385348826
8565; 3; 2; 0; 0,431395523481898; 0,256634308332676; 6,31468944732377
8578; 19; 0; 0; 0,277084774974507; 0,277084774974507; 4,62656659588899
8596; 10; 0; 0; 0,719862336958817; 0,719862336958817; 5,56372063168995
8600; 10; 0; 0; 0,986480751262573; 0,986480751262573; 7,98936214373752
8608; 19; 0; 0; 0,998654750847319; 0,998654750847319; 11,8099199947693
8609; 10; 0; 0; 0,966334895853976; 0,966334895853976; 8,69277645760274
8614; 21; 0; 0; 0,995743811094705; 0,995743811094705; 11,1859788881209
8623; 10; 0; 0; 0,966660654561894; 0,966660654561894; 9,04048751590685
8634; 20; 0; 0; 0,8714413707524; 0,8714413707524; 6,10955492953182
8642; 15; 0; 0; 0,750533226183145; 0,750533226183145; 5,35860491550936
8661; 16; 0; 0; 0,952604388297136; 0,952604388297136; 5,90537693949508
8669; 16; 0; 0; 0,870397593146414; 0,870397593146414; 6,43801958809412
8674; 19; 0; 0; 0,987390530141033; 0,987390530141033; 6,03288086349166
8700; 21; 0; 0; 0,999777446027532; 0,999777446027532; 12,7839758721382
8703; 2; 0; 0; 0,890460121470008; 0,890460121470008; 5,70951973092532
8705; 16; 0; 0; 0,95345544957063; 0,95345544957063; 6,23345343613369
8707; 19; 0; 0; 0,951949417568665; 0,951949417568665; 6,19850520560084
8713; 2; 0; 0; 0,985461300042014; 0,985461300042014; 5,77892667697102
8736; 19; 0; 0; 0,848988185333447; 0,848988185333447; 5,09973817955945
8737; 18; 0; 0; 0,949679510211075; 0,949679510211075; 6,2120609397103
8749; 19; 0; 0; 0,999787330420274; 0,999787330420274; 12,8221988514638
8796; 15; 0; 0; 0,524513226551923; 0,524513226551923; 3,35714161412534
8804; 18; 0; 0; 1; 1; 14,4280125051336
8804; 19; 0; 0; 0,935018294583641; 0,935018294583641; 4,80191088600119
8810; 10; 5; 0; 0,333700264407445; 0,257433076740722; 4,96730083291585
8822; 10; 0; 0; 0,714699136677052; 0,714699136677052; 4,66862141786503
8823; 10; 0; 0; 0,997845417643619; 0,997845417643619; 11,590368610137
8824; 10; 0; 0; 0,997550613143676; 0,997550613143676; 8,35622593712034
8831; 18; 0; 0; 0,984228696248093; 0,984228696248093; 5,14101595010508
8839; 16; 0; 0; 0,978995506862229; 0,978995506862229; 6,90474842156348
8856; 13; 0; 0; 0,992760899532801; 0,992760899532801; 11,3116516190217
8857; 19; 0; 0; 0,913905770527436; 0,913905770527436; 7,77675963332499
8865; 16; 0; 0; 1; 1; 15,022045705553
8865; 10; 0; 0; 0,999794275847455; 0,999794275847455; 11,2227458104754
8877; 10; 3; 0; 0,276203244108069; 0,040818949561166; 3,13182403482536
8878; 19; 0; 0; 0,92437739919596; 0,92437739919596; 7,91319401285701
8886; 20; 0; 0; 0,796390096018156; 0,796390096018156; 5,28867269992523
8904; 21; 0; 0; 1; 1; 21,3066264535637
8904; 2; 0; 0; 0,675726585230462; 0,675726585230462; 4,899524791345
8915; 19; 0; 0; 0,973679221894802; 0,973679221894802; 6,41109942573188
8916; 20; 0; 0; 0,945700347898163; 0,945700347898163; 8,19701914229124
8921; 13; 0; 0; 0,999306860652283; 0,999306860652283; 12,2288125611046
8922; 18; 0; 0; 0,626597547207449; 0,626597547207449; 3,39072400789341
8926; 18; 1; 0; 0,441886851382311; 0,076191245665441; 2,43765563810716
8935; 23; 0; 0; 0,909890138705913; 0,909890138705913; 5,54960275861435
8948; 2; 0; 0; 0,980602737417591; 0,980602737417591; 5,36614620004452
8951; 10; 0; 0; 0,759481543121709; 0,759481543121709; 4,91330843255807
8961; 10; 0; 0; 0,998045646832605; 0,998045646832605; 8,52876180745929
8962; 10; 0; 0; 0,391678811136207; 0,391678811136207; 3,2472111075144
8975; 18; 0; 0; 0,999972394241034; 0,999972394241034; 10,6492473252177
8976; 2; 1; 0; 0,683916955952716; 0,316083044047284; 10,2323160164435
9005; 10; 0; 0; 0,999401672565271; 0,999401672565271; 9,97577405375593
9040; 16; 0; 0; 0,867042245135967; 0,867042245135967; 5,85936547784357
9044; 3; 1; 0; 0,544484779611799; 0,0529807959194735; 2,61336403490329
9060; 22; 0; 0; 0,934646396772836; 0,934646396772836; 6,58957447901654
9089; 2; 0; 0; 0,965516685280672; 0,965516685280672; 5,24135210236907
9117; 16; 0; 0; 0,798583097874773; 0,798583097874773; 5,9297548837709
9123; 10; 0; 0; 0,531265622764989; 0,531265622764989; 5,87044643890055
9172; 17; 3; 0; 0,230831853307703; 0,131332716992532; 2,64433510232991
9172; 10; 0; 0; 0,919627934378361; 0,919627934378361; 6,25409725252381
9173; 10; 0; 0; 0,984868594648711; 0,984868594648711; 6,25918571065119
9185; 18; 0; 0; 0,999996175449864; 0,999996175449864; 10,9089850648571
9201; 18; 0; 0; 0,607074942467351; 0,607074942467351; 4,45469664769629
9205; 10; 0; 0; 0,999797679543088; 0,999797679543088; 10,0449813460008
9212; 10; 0; 0; 0,980028693083986; 0,980028693083986; 7,47622218585219
9213; 10; 0; 0; 0,999805096973279; 0,999805096973279; 9,82661218630514
9220; 18; 0; 0; 0,999997356758642; 0,999997356758642; 9,80397089182181
9240; 13; 0; 0; 0,985507164405361; 0,985507164405361; 9,0493212952174
9253; 2; 0; 0; 0,555889667504422; 0,555889667504422; 6,52495514092051
9258; 19; 0; 0; 0,999727031168616; 0,999727031168616; 10,0548014391528
9260; 10; 0; 0; 0,999424096453584; 0,999424096453584; 10,7624851379843
9262; 10; 0; 0; 0,939576140775455; 0,939576140775455; 6,28289223819694
9285; 19; 0; 0; 0,963823018724527; 0,963823018724527; 5,26309357380249
9298; 20; 0; 0; 0,991201842676863; 0,991201842676863; 8,50634061935884
9313; 13; 0; 0; 0,986579049950084; 0,986579049950084; 10,2833196536561
9314; 2; 0; 0; 0,895032017315281; 0,895032017315281; 4,29291696003562
9331; 20; 0; 0; 0,999977534446802; 0,999977534446802; 15,5460707871041
9355; 10; 0; 0; 0,999938374083327; 0,999938374083327; 11,8134166426057
9364; 2; 0; 0; 0,53811961501599; 0,53811961501599; 3,87807439164326
9381; 10; 0; 0; 0,999304026928694; 0,999304026928694; 11,1840738443303
9403; 13; 0; 0; 0,796799273044018; 0,796799273044018; 5,08388836809966
9421; 20; 0; 0; 0,999988394465423; 0,999988394465423; 16,1012876009292
9423; 2; 0; 0; 0,748807337767818; 0,748807337767818; 4,13537872297009
9432; 16; 0; 0; 0,906121157067269; 0,906121157067269; 5,36501632341177
9436; 20; 0; 0; 0,960844367564385; 0,960844367564385; 4,30578156938433
9448; 10; 0; 0; 0,999980363389168; 0,999980363389168; 13,5564531446428
9456; 13; 0; 0; 0,857370403229728; 0,857370403229728; 5,08388836809966
9460; 22; 0; 0; 0,970867075177347; 0,970867075177347; 7,38611644900755
9462; 16; 0; 0; 0,919986661978251; 0,919986661978251; 5,71102711131589
9464; 2; 1; 0; 0,989012959213382; 0,0109870407866179; 2,82733272594855
9468; 10; 0; 0; 0,755576881760748; 0,755576881760748; 3,86186115325672
9509; 10; 0; 0; 1; 1; 12,8259952119719
9519; 10; 0; 0; 0,999961920452804; 0,999961920452804; 13,6977083574346
9523; 10; 0; 0; 0,981287722592076; 0,981287722592076; 7,23505372824406
9526; 10; 0; 0; 0,917129686926096; 0,917129686926096; 5,57237461659879
9536; 23; 0; 0; 0,928194043315137; 0,928194043315137; 5,83665117716337
9560; 18; 0; 0; 0,976143982729911; 0,976143982729911; 6,53574337753368
9569; 19; 0; 0; 0,580918392078623; 0,580918392078623; 3,29326068983724
9588; 13; 0; 0; 0,539783479262583; 0,539783479262583; 3,59100051397516
9594; 20; 0; 0; 0,99997523741323; 0,99997523741323; 14,5430984782587
9619; 13; 0; 0; 0,884341959645543; 0,884341959645543; 5,26123331117291
9620; 10; 0; 0; 0,869608868985879; 0,869608868985879; 5,50288049517681
9630; 17; 4; 0; 0,217563275589756; 0; 1,9716533657723
9632; 10; 0; 0; 0,999996046253996; 0,999996046253996; 16,5689982878967
9633; 20; 0; 0; 0,957715733940113; 0,957715733940113; 6,09237909224349
9638; 10; 0; 0; 0,999997712463559; 0,999997712463559; 17,8945181509285
9664; 20; 0; 0; 0,992155978578208; 0,992155978578208; 7,60385556769766
9671; 2; 1; 0; 0,541990744444235; 0,458009255555765; 3,88583000692879
9705; 16; 0; 0; 0,779361438632434; 0,779361438632434; 4,89849316485422
9726; 18; 0; 0; 0,999999076973127; 0,999999076973127; 10,0218369116401
9752; 10; 0; 0; 0,985812813576489; 0,985812813576489; 6,63582647947792
9756; 16; 0; 0; 0,568669658397944; 0,568669658397944; 3,34931826419124
9773; 18; 0; 0; 0,988589451821968; 0,988589451821968; 6,6318572507327
9798; 2; 1; 0; 0,669327876513355; 0,330672123486645; 4,4139402423874
9802; 18; 0; 0; 0,999998784818332; 0,999998784818332; 11,4684201963883
9808; 16; 0; 0; 0,929638389394515; 0,929638389394515; 6,1734434406382
9819; 10; 0; 0; 0,976532097727419; 0,976532097727419; 5,73542248427194
9834; 16; 0; 0; 0,931249185212392; 0,931249185212392; 5,9297548837709
9841; 2; 0; 0; 0,944822779384479; 0,944822779384479; 12,9749616250655
9842; 16; 0; 0; 0,936680728037517; 0,936680728037517; 6,09001852927823
9846; 2; 1; 0; 0,960080671026128; 0,0399193289738724; 3,72084218779765
9848; 2; 1; 0; 0,535818287266367; 0,464181712733632; 5,23554230903535
9881; 10; 0; 0; 0,997981384561249; 0,997981384561249; 9,35228817539618
9882; 13; 0; 0; 0,984174974730068; 0,984174974730068; 8,37900119927537
9918; 2; 0; 0; 1; 1; 16,0185955059188
9923; 13; 0; 0; 0,763653338458096; 0,763653338458096; 4,6170006608252
9932; 16; 0; 0; 0,991073600302502; 0,991073600302502; 8,63093552695435
9948; 2; 0; 0; 0,858281707835723; 0,858281707835723; 4,02460965003339
9953; 19; 0; 0; 0,377318829217398; 0,377318829217398; 2,86771124213597
9976; 19; 0; 0; 0,791940920467275; 0,791940920467275; 4,25829833286898
9987; 19; 0; 0; 0,998474392391516; 0,998474392391516; 9,75602086524417
10012; 10; 0; 0; 0,544012496994985; 0,544012496994985; 3,47201803034232
10038; 19; 0; 0; 0,998618965598169; 0,998618965598169; 9,97282132891626
10057; 20; 0; 0; 0,887734309122614; 0,887734309122614; 5,15663768384094
10084; 2; 0; 0; 0,963976305271023; 0,963976305271023; 4,40035864855417
10091; 19; 0; 0; 0,947992932779312; 0,947992932779312; 4,39287441516383
10094; 16; 0; 0; 0,614880424917001; 0,614880424917001; 3,5063175578252
10119; 13; 0; 0; 0,99011464002222; 0,99011464002222; 8,70127047617057
10124; 21; 0; 0; 0,999877823668824; 0,999877823668824; 9,94309234499639
10133; 2; 0; 0; 0,992607712931577; 0,992607712931577; 5,56854393510001
10157; 10; 0; 0; 0,547800726240914; 0,547800726240914; 3,60529096933509
10163; 2; 0; 0; 0,801694916451459; 0,801694916451459; 10,5421563203657
10169; 22; 0; 0; 0,698290341383755; 0,698290341383755; 4,12432624817141
10192; 20; 0; 0; 0,999170399545351; 0,999170399545351; 9,15566282641146
10193; 13; 0; 0; 0,985240910807909; 0,985240910807909; 7,91821697272537
10200; 10; 0; 0; 0,857624235670312; 0,857624235670312; 4,22079509480473
10209; 18; 0; 0; 1; 1; 12,0883348015984
10216; 19; 0; 0; 0,995474593223562; 0,995474593223562; 6,96101638095192
10223; 16; 0; 0; 0,842328178266027; 0,842328178266027; 5,49587038008035
10227; 2; 0; 0; 0,96483461618065; 0,96483461618065; 14,3552766915619
10233; 2; 0; 0; 0,999913494135554; 0,999913494135554; 8,66839001545654
10240; 20; 0; 0; 0,967424092942427; 0,967424092942427; 5,02341183094839
10241; 10; 0; 0; 0,529849234268744; 0,529849234268744; 4,11457785840441
10248; 18; 0; 0; 0,996612577867258; 0,996612577867258; 6,2120609397103
10249; 20; 0; 0; 0,523307337333329; 0,523307337333329; 4,33496204640402
10276; 20; 0; 0; 0,999990886395539; 0,999990886395539; 14,471854144973
10286; 19; 0; 0; 0,951769650078376; 0,951769650078376; 6,53698635844709
10301; 10; 0; 0; 0,979047087367359; 0,979047087367359; 5,80990849056119
10309; 18; 0; 0; 0,989797267350498; 0,989797267350498; 6,93794296999729
10312; 18; 0; 0; 1; 1; 15,9738709878265
10312; 19; 0; 0; 0,898273694130142; 0,898273694130142; 4,42529042435404
10313; 19; 0; 0; 0,994724938049976; 0,994724938049976; 6,96101638095192
10329; 16; 4; 0; 0,341124107382475; 0,246470088475634; 3,58072334757107
10330; 16; 0; 0; 0,917588472104367; 0,917588472104367; 5,70457431856441
10333; 18; 0; 0; 0,850638600683295; 0,850638600683295; 5,84317352490033
10361; 10; 0; 0; 0,960329480931595; 0,960329480931595; 5,52299942929891
10370; 10; 0; 0; 0,999735204650703; 0,999735204650703; 10,4397635446283
10371; 20; 0; 0; 0,995075319840316; 0,995075319840316; 5,94877716822835
10378; 2; 0; 0; 0,546226049736212; 0,546226049736212; 4,64182101625815
10384; 19; 0; 0; 0,94956258543231; 0,94956258543231; 4,39287441516383
10385; 10; 0; 0; 0,985248100760965; 0,985248100760965; 8,46364775756852
10408; 19; 0; 0; 0,992484794714633; 0,992484794714633; 7,60638914917342
10411; 18; 0; 0; 1; 1; 14,9089462553047
10414; 2; 1; 0; 0,657668084294593; 0,342331915705407; 3,65416871322465
10431; 10; 0; 0; 0,957073851090156; 0,957073851090156; 5,59203692216514
10437; 13; 0; 0; 0,998153865727872; 0,998153865727872; 10,7730015419255
10453; 21; 0; 0; 0,998017087543024; 0,998017087543024; 8,60459914470841
10454; 19; 0; 0; 0,672765360096243; 0,672765360096243; 4,2552081012533
10466; 18; 0; 0; 0,999058342252719; 0,999058342252719; 7,84681381858144
10468; 10; 0; 0; 0,994310305137362; 0,994310305137362; 8,0577892965089
10478; 19; 0; 0; 0,999644786044636; 0,999644786044636; 8,94725907546423
10494; 19; 0; 0; 0,93778244743926; 0,93778244743926; 5,14194181828251
10526; 20; 0; 0; 0,384095571525759; 0,384095571525759; 3,82064451547473
10527; 10; 0; 0; 0,995602786358237; 0,995602786358237; 7,7131543754002
10557; 20; 0; 0; 0,490894571285135; 0,490894571285135; 3,98969958253114
10575; 19; 0; 0; 0,999734671659111; 0,999734671659111; 9,23400132167091
10618; 19; 0; 0; 0,970368248390806; 0,970368248390806; 4,71318817460286
10620; 13; 0; 0; 0,964810775755919; 0,964810775755919; 7,06978226188859
10652; 19; 0; 0; 0,996526151323417; 0,996526151323417; 6,77937795905711
10662; 2; 0; 0; 1; 1; 10,4307133526913
10678; 10; 0; 0; 0,307483809326364; 0,307483809326364; 3,91560871462361
10687; 18; 0; 0; 0,997322748653075; 0,997322748653075; 8,50879798207214
10706; 18; 0; 0; 0,773772696046695; 0,773772696046695; 5,55462174589291
10709; 10; 0; 0; 0,875138496156948; 0,875138496156948; 5,50365939504414
10757; 20; 0; 0; 0,828507326600912; 0,828507326600912; 5,06557362725863
10758; 10; 0; 0; 0,994837522038304; 0,994837522038304; 7,58242294530867
10760; 20; 0; 0; 0,708735286206142; 0,708735286206142; 4,74564266132651
10767; 10; 0; 0; 0,994528381277; 0,994528381277; 7,45604922955352
10777; 2; 1; 0; 0,877508638790448; 0,122491361209552; 3,46735600618261
10788; 17; 0; 0; 0,758438187544563; 0,758438187544563; 3,84219630253064
10852; 19; 0; 0; 0,986638321814005; 0,986638321814005; 5,87618265924513
10863; 20; 0; 0; 0,690431305335452; 0,690431305335452; 2,65945332226679
10868; 19; 1; 0; 0,198597894013114; 0,161404389662135; 3,18281531773923
10876; 19; 0; 0; 0,978057070820388; 0,978057070820388; 5,95382736853765
10896; 19; 1; 0; 0,205866760443681; 0,123958701606621; 3,22861122159159
10934; 10; 0; 0; 0,983985722355972; 0,983985722355972; 6,94209539391536
10953; 10; 0; 0; 0,999917652830182; 0,999917652830182; 11,8134166426057
10960; 16; 0; 0; 0,673580322982783; 0,673580322982783; 3,00440914111059
10975; 10; 0; 0; 0,988520319962837; 0,988520319962837; 6,57886696725311
10984; 19; 0; 0; 0,343216342864792; 0,343216342864792; 3,59021567840985
11001; 21; 0; 0; 0,951968794201713; 0,951968794201713; 5,52394019166466
11005; 19; 0; 0; 0,35152066010337; 0,35152066010337; 3,5336768488286
11020; 19; 0; 0; 0,998602787855452; 0,998602787855452; 8,08019428587252
11032; 18; 0; 0; 0,998964664311734; 0,998964664311734; 7,3931583774394
11036; 2; 0; 0; 0,660026087897248; 0,660026087897248; 5,56414050108091
11046; 21; 0; 0; 0,999948677305405; 0,999948677305405; 11,4727988596112
11047; 18; 0; 0; 0,776411756144843; 0,776411756144843; 5,55462174589291
11090; 10; 0; 0; 0,995478544062986; 0,995478544062986; 9,5423188631081
11111; 18; 0; 0; 0,992665805682136; 0,992665805682136; 5,45449253242856
11119; 19; 0; 0; 0,926754378467214; 0,926754378467214; 5,8282722052108
11133; 10; 0; 0; 0,999384331635514; 0,999384331635514; 11,802341751739
11158; 2; 0; 0; 0,99706742254232; 0,99706742254232; 6,26050390005194
11164; 10; 0; 0; 0,992185861379823; 0,992185861379823; 6,82820259343767
11188; 20; 0; 0; 0,485269692225868; 0,485269692225868; 2,47053040866314
11199; 19; 0; 0; 0,997562200169712; 0,997562200169712; 9,34951999585899
11208; 13; 0; 0; 0,975646328002987; 0,975646328002987; 7,41747647148967
11215; 19; 0; 0; 0,949144262086449; 0,949144262086449; 5,99382623194376
11229; 19; 0; 0; 0,981558061693292; 0,981558061693292; 7,02892235690314
11251; 10; 0; 0; 0,999602932990348; 0,999602932990348; 9,80948262183693
11255; 10; 0; 0; 0,999900816899071; 0,999900816899071; 11,5105085235645
11260; 10; 0; 0; 0,634631327418068; 0,634631327418068; 3,24447957564641
11286; 10; 0; 0; 0,751809027508208; 0,751809027508208; 3,46909739242193
11295; 20; 0; 0; 0,859322391893019; 0,859322391893019; 5,43175967260263
11307; 16; 0; 0; 0,540916801097107; 0,540916801097107; 3,3245084992713
11309; 18; 0; 0; 0,663956988436671; 0,663956988436671; 4,59106491242169
11313; 21; 0; 0; 0,999947719030864; 0,999947719030864; 10,6533132267818
11315; 10; 0; 0; 0,261426592841242; 0,261426592841242; 2,76180380966367
11317; 2; 1; 0; 1; 0; 1,99449681771566
11319; 16; 0; 0; 0,953517869537252; 0,953517869537252; 6,09690732153993
11323; 23; 0; 0; 0,971272598173647; 0,971272598173647; 6,51011092837453
11329; 19; 0; 0; 0,998133260453871; 0,998133260453871; 7,93800113617324
11352; 19; 0; 0; 0,754549043734351; 0,754549043734351; 3,82353147887882
11366; 2; 1; 0; 0,593960410149602; 0,406039589850398; 6,43223769395772
11373; 22; 0; 0; 0,190753154413566; 0,190753154413566; 3,28344419757335
11379; 10; 0; 0; 0,999994454440258; 0,999994454440258; 18,0809750318137
11396; 2; 0; 0; 0,518637469104717; 0,518637469104717; 4,68600655656894
11406; 19; 0; 0; 0,985613779013447; 0,985613779013447; 5,8008469841266
11412; 2; 0; 0; 0,993239934113266; 0,993239934113266; 6,01402744990801
11414; 18; 0; 0; 0,868525530631841; 0,868525530631841; 4,99985930199058
11453; 19; 0; 0; 0,998807021498031; 0,998807021498031; 8,7012704761899
11475; 16; 0; 0; 0,617161512266584; 0,617161512266584; 3,072006446258
11477; 18; 0; 0; 0,739022299622462; 0,739022299622462; 5,11277683428779
11479; 10; 0; 0; 0,99943280192651; 0,99943280192651; 10,2024961913413
11500; 2; 1; 0; 0,627395422647766; 0,372604577352234; 5,53185358370568
11506; 20; 0; 0; 0,954089882665432; 0,954089882665432; 3,79921903180971
11522; 19; 0; 0; 0,621788425351032; 0,621788425351032; 3,21843851635404
11536; 19; 0; 0; 0,500307029782001; 0,500307029782001; 2,94317732745534
11543; 21; 0; 0; 0,97617218826313; 0,97617218826313; 6,12930350034024
11547; 13; 0; 0; 0,987091467221741; 0,987091467221741; 9,83621879914934
11555; 19; 0; 0; 0,981992866585938; 0,981992866585938; 7,3569993410038
11573; 2; 0; 0; 0,602441749351411; 0,602441749351411; 2,47562778305151
11583; 13; 0; 0; 0,979091837538678; 0,979091837538678; 8,2266557229249
11597; 19; 0; 0; 0,993585456244504; 0,993585456244504; 7,33381891431494
11600; 16; 0; 0; 0,469903373843331; 0,469903373843331; 2,91242169580304
11600; 10; 0; 0; 0,999617371621089; 0,999617371621089; 10,0274711245444
11604; 10; 5; 0; 0,20680480935678; 0,114557984766921; 3,0632313073586
11608; 21; 0; 0; 0,95836242223202; 0,95836242223202; 5,66378677879541
11613; 2; 0; 0; 0,65284083162429; 0,65284083162429; 3,23488037037121
11621; 10; 0; 0; 0,999714510460337; 0,999714510460337; 10,2553681955568
11633; 10; 0; 0; 0,969954738975491; 0,969954738975491; 4,61249143438813
11638; 19; 0; 0; 0,981493360599443; 0,981493360599443; 6,69816357912286
11650; 13; 0; 0; 0,770452300890785; 0,770452300890785; 4,5246606476087
11685; 16; 0; 0; 0,90724075120198; 0,90724075120198; 5,4357968890838
11697; 18; 0; 0; 0,871277125284972; 0,871277125284972; 4,94491579317749
11723; 19; 0; 0; 0,967763910980808; 0,967763910980808; 5,08453346929284
11724; 19; 0; 0; 0,998843127611559; 0,998843127611559; 11,2194239950308
11725; 16; 0; 0; 0,873925957678441; 0,873925957678441; 5,06933867184219
11749; 10; 0; 0; 0,989283472164936; 0,989283472164936; 5,44607422373538
11767; 10; 0; 0; 0,972618210670832; 0,972618210670832; 6,26716945284026
11810; 13; 0; 0; 0,603006465241634; 0,603006465241634; 3,92468145604649
11816; 13; 6; 0; 0,181352414886398; 0,139205025586998; 2,81034822832838
11837; 2; 0; 0; 1; 1; 12,190596182246
11841; 10; 0; 0; 0,320092176263526; 0,320092176263526; 3,50406492864607
11848; 16; 4; 0; 0,220074812032415; 0,110156810631129; 2,1058942577878
11886; 13; 0; 0; 0,218411471758269; 0,218411471758269; 3,01644043173913
11888; 10; 0; 0; 0,989892005696482; 0,989892005696482; 7,39731476400817
11897; 2; 0; 0; 1; 1; 15,4662301436458
11929; 10; 0; 0; 1; 1; 19,4505632075309
11942; 2; 0; 0; 0,999879509377587; 0,999879509377587; 8,50483548686302
11953; 2; 1; 0; 0,533444941915747; 0,466555058084253; 3,67902186137044
11968; 10; 0; 0; 0,755176034513171; 0,755176034513171; 3,63695694366815
11987; 2; 0; 0; 1; 1; 16,6118768209529
12014; 2; 0; 0; 0,994819809750909; 0,994819809750909; 5,93100369478605
12020; 19; 0; 0; 0,988595149678414; 0,988595149678414; 5,59298681622212
12097; 2; 1; 0; 0,667185566121337; 0,332814433878663; 3,09974311535608
12146; 19; 0; 0; 0,985175955789655; 0,985175955789655; 7,12344380636876
12160; 22; 0; 0; 0,982962630390608; 0,982962630390608; 8,09803128746611
12162; 20; 0; 0; 0,978381203220803; 0,978381203220803; 6,69593251483823
12175; 21; 0; 0; 0,251129197065142; 0,251129197065142; 3,28999379062381
12181; 15; 0; 0; 0,359538794800477; 0,359538794800477; 3,1458529810685
12181; 10; 0; 0; 0,999540082495448; 0,999540082495448; 13,1908525460612
12195; 10; 0; 0; 0,999728419366527; 0,999728419366527; 10,4938651303372
12220; 10; 0; 0; 0,776716070408112; 0,776716070408112; 4,7011851013082
12255; 10; 0; 0; 0,99998742691088; 0,99998742691088; 13,9800923054129
12273; 2; 0; 0; 0,996970707738362; 0,996970707738362; 6,17879532524795
12274; 16; 4; 0; 0,234610083645304; 0,00107196197637743; 2,0216605738812
12292; 2; 1; 0; 0,726780849894278; 0,273219150105722; 4,16872134003255
12305; 21; 0; 0; 0,958300393793269; 0,958300393793269; 5,59298944406047
12345; 3; 2; 0; 1; 0; 1,18825716572461
12348; 19; 1; 0; 0,190592556371612; 0,165763686856055; 3,34908178956143
12365; 18; 0; 0; 0,994906566342278; 0,994906566342278; 5,96357850212189
12370; 20; 0; 0; 0,994833062217113; 0,994833062217113; 7,73495652576141
12372; 19; 2; 0; 0,473754094797595; 0,319312944804925; 3,77075733340718
12373; 20; 0; 0; 0,997263556404125; 0,997263556404125; 8,3079162684104
12383; 23; 16; 0; 0,193954906898003; 0,168298603095279; 4,23157210344344
12393; 19; 0; 0; 1; 1; 20,3381338771713
12400; 16; 0; 0; 0,998951660454787; 0,998951660454787; 10,4305335152016
12407; 10; 0; 0; 0,642603052876174; 0,642603052876174; 4,37179613768655
12431; 19; 0; 0; 0,500384510043465; 0,500384510043465; 3,5629203150304
12434; 23; 0; 0; 0,990639844940589; 0,990639844940589; 9,53593713452044
12435; 10; 0; 0; 0,992832130638454; 0,992832130638454; 7,27800323555643
12437; 10; 0; 0; 0,999758111042447; 0,999758111042447; 12,7817986792346
12464; 23; 16; 0; 0,197806204744512; 0,118231981584157; 3,93634614273809
12489; 10; 0; 0; 0,800259638048963; 0,800259638048963; 5,43658073017468
12497; 17; 4; 0; 0,234449106198221; 0,0173496351658354; 2,23650232535366
12512; 20; 0; 0; 0,999982517919235; 0,999982517919235; 12,817927956976
12521; 19; 0; 0; 0,288694054746656; 0,288694054746656; 2,59225321110833
12535; 16; 0; 0; 0,999848079904912; 0,999848079904912; 12,1938146430799
12540; 18; 0; 0; 0,475578594513683; 0,475578594513683; 3,34957345355255
12551; 16; 0; 0; 0,974792264213745; 0,974792264213745; 6,144012892516
12556; 16; 0; 0; 0,985078494615306; 0,985078494615306; 6,50018755295171
12568; 2; 0; 0; 0,998328213925963; 0,998328213925963; 6,53698635859566
12574; 16; 0; 0; 0,999921559740379; 0,999921559740379; 12,1938146430799
12574; 19; 0; 0; 0,739689381839663; 0,739689381839663; 4,05057108411877
12593; 10; 0; 0; 0,990470070849208; 0,990470070849208; 6,57886696725311
12616; 2; 0; 0; 0,538155409129384; 0,538155409129384; 5,7568984794272
12618; 10; 0; 0; 0,988400701466993; 0,988400701466993; 8,35622593712034
12633; 18; 0; 0; 0,998544506586793; 0,998544506586793; 7,45447312765236
12639; 19; 0; 0; 0,909584789329023; 0,909584789329023; 5,55371643014569
12641; 17; 4; 0; 0,230843061450814; 0,0336165659758105; 2,29355595610247
12670; 10; 7; 0; 0,356567896245531; 0,0666251116343334; 3,79190084541595
12677; 19; 0; 0; 0,986116871927535; 0,986116871927535; 7,01213999689424
12700; 10; 0; 0; 0,873216142358051; 0,873216142358051; 4,27212696334411
12726; 19; 0; 0; 0,914461705604386; 0,914461705604386; 5,47288975367356
12745; 19; 0; 0; 0,982540498961863; 0,982540498961863; 7,80113904761853
12780; 18; 0; 0; 1; 1; 15,4230478503152
12780; 19; 0; 0; 0,700538578598896; 0,700538578598896; 3,80244436982236
12791; 19; 0; 0; 0,587759502037891; 0,587759502037891; 3,49652758707635
12794; 10; 0; 0; 0,826440130304457; 0,826440130304457; 4,40107678842173
12809; 10; 0; 0; 0,980994217239095; 0,980994217239095; 6,59666663457546
12829; 18; 0; 0; 0,324471759429365; 0,324471759429365; 2,31974827703797
12840; 13; 0; 0; 0,589948882314006; 0,589948882314006; 3,5348911309443
12846; 10; 0; 0; 0,999801687837797; 0,999801687837797; 12,0908906425192
12896; 16; 0; 0; 0,995408174618676; 0,995408174618676; 7,73298174402876
12957; 3; 0; 0; 0,940846163431033; 0,940846163431033; 4,83331843014372
12963; 2; 0; 0; 0,616266946351297; 0,616266946351297; 2,54664565425842
13018; 19; 0; 0; 0,92990411796628; 0,92990411796628; 5,0276764445429
13062; 19; 1; 0; 0,22532068809212; 0,0494616930666694; 2,19323605042529
13097; 19; 0; 0; 0,966018250702925; 0,966018250702925; 5,65613600011077
13098; 10; 0; 0; 0,990628224694583; 0,990628224694583; 6,67705901154047
13108; 16; 0; 0; 0,898452218942998; 0,898452218942998; 5,37108502135661
13112; 18; 0; 0; 0,833218555925606; 0,833218555925606; 1,03056039543621
13121; 19; 0; 0; 0,990667919268706; 0,990667919268706; 8,22665572294318
13151; 13; 0; 0; 0,614246008989283; 0,614246008989283; 3,70873823574483
13179; 10; 0; 0; 0,956386515801838; 0,956386515801838; 7,29071573863456
13205; 21; 0; 0; 0,55438239156632; 0,55438239156632; 3,89077526543337
13216; 2; 0; 0; 0,833138314571464; 0,833138314571464; 12,7301510283662
13218; 18; 0; 0; 1; 1; 14,4280125051336
13235; 19; 0; 0; 0,995253779696946; 0,995253779696946; 8,46748980757041
13298; 23; 0; 0; 0,995205672209028; 0,995205672209028; 9,95664024339634
13316; 13; 0; 0; 0,650839453628704; 0,650839453628704; 4,30920061677019
13325; 21; 0; 0; 0,799139112701819; 0,799139112701819; 7,33506812335799
13326; 19; 0; 0; 1; 1; 18,6432893874071
13334; 16; 0; 0; 0,991203254266877; 0,991203254266877; 6,79565062354042
13350; 10; 0; 0; 0,999998033206541; 0,999998033206541; 17,8945181509285
13357; 20; 0; 0; 0,50064172655769; 0,50064172655769; 3,83442289311249
13360; 18; 0; 0; 0,998099426513961; 0,998099426513961; 6,88105211783295
13378; 13; 0; 0; 0,651293673521783; 0,651293673521783; 3,15621235975766
13395; 10; 0; 0; 0,993842504774442; 0,993842504774442; 9,60077022562763
13405; 19; 0; 0; 0,406593531665876; 0,406593531665876; 4,35705786214788
13445; 13; 0; 0; 0,665312509352375; 0,665312509352375; 3,27056788003874
13464; 19; 4; 0; 0,203910280944562; 0; 1,27451049295961
13486; 19; 0; 0; 0,938015548857964; 0,938015548857964; 6,79965090607927
13490; 21; 0; 0; 0,280486986412577; 0,280486986412577; 2,36740293928485
13497; 20; 0; 0; 0,322319229038763; 0,322319229038763; 2,53461852256589
13503; 2; 1; 0; 0,856906373641816; 0,143093626358184; 3,64843680726588
13510; 13; 0; 0; 0,616287936677349; 0,616287936677349; 3,25515154504223
13514; 19; 3; 0; 0,187524590256138; 0; 1,45964800002858
13515; 16; 4; 0; 0,332158030892309; 0; 2,60792567510957
13515; 10; 0; 0; 0,995499390045751; 0,995499390045751; 10,6783092039543
13532; 2; 0; 0; 0,999984042460774; 0,999984042460774; 11,0012697254415
13586; 19; 0; 0; 0,881762410814147; 0,881762410814147; 4,86264080188273
13614; 2; 0; 0; 0,985508995941692; 0,985508995941692; 5,93489550977764
13619; 21; 0; 0; 0,275159592068571; 0,275159592068571; 2,69541659954721
13633; 2; 0; 0; 0,985508995941692; 0,985508995941692; 5,93489550977764
13637; 19; 0; 0; 0,853971687646813; 0,853971687646813; 5,50063486259573
13644; 19; 1; 0; 0,346101527391891; 0,00168727701780082; 3,5336768488286
13660; 19; 0; 0; 0,868116625604625; 0,868116625604625; 6,01402744977133
13684; 18; 0; 0; 0,745769930861154; 0,745769930861154; 4,03868263076352
13685; 10; 0; 0; 0,999962214403501; 0,999962214403501; 14,4809623360973
13689; 20; 0; 0; 0,567276473301456; 0,567276473301456; 4,25754783390207
13693; 2; 0; 0; 0,841171400834815; 0,841171400834815; 3,04565054597122
13717; 18; 0; 0; 1; 1; 17,2026302945824
13720; 19; 0; 0; 0,998119152303713; 0,998119152303713; 10,0548014391528
13737; 10; 0; 0; 0,995799942295554; 0,995799942295554; 9,82661218630514
13746; 18; 0; 0; 0,961801277812555; 0,961801277812555; 7,23054470991534
13747; 18; 0; 0; 0,998835198742335; 0,998835198742335; 9,39547210466256
13762; 10; 0; 0; 0,996395979649155; 0,996395979649155; 10,0449813460008
13766; 19; 0; 0; 0,885669169813904; 0,885669169813904; 6,69816357912286
13803; 10; 0; 0; 0,980036858212446; 0,980036858212446; 8,21862501446077
13846; 2; 0; 0; 1; 1; 14,016271067679
13848; 19; 0; 0; 0,977769849623979; 0,977769849623979; 7,41747647150615
13880; 19; 0; 0; 0,889537256246468; 0,889537256246468; 6,59966117354752
13897; 18; 0; 0; 0,804837619939035; 0,804837619939035; 5,76826104381187
13927; 19; 0; 0; 0,980218261541692; 0,980218261541692; 7,54110107936458
13944; 10; 0; 0; 0,999890201122663; 0,999890201122663; 13,5905753504873
13947; 19; 0; 0; 0,803731833274653; 0,803731833274653; 4,4798620273453
13951; 19; 2; 0; 0,275763710580701; 0,173066971009564; 2,63076093028408
13954; 10; 0; 0; 0,991078920210399; 0,991078920210399; 9,96642192369068
13970; 13; 0; 0; 0,841034890173858; 0,841034890173858; 5,08388836809966
13984; 18; 0; 0; 0,941548839023094; 0,941548839023094; 5,6616251602423
13985; 10; 0; 0; 0,999988730996708; 0,999988730996708; 18,8343489914726
14020; 10; 0; 0; 0,867430514776341; 0,867430514776341; 6,12825964072892
14022; 19; 0; 0; 0,874682695493217; 0,874682695493217; 5,02655004239563
14029; 10; 3; 0; 0,247642811028019; 0; 2,52906753356842
14032; 10; 0; 0; 0,951052838671757; 0,951052838671757; 6,67705901154047
14059; 10; 0; 0; 0,999532308136932; 0,999532308136932; 12,5562326609817
14073; 2; 0; 0; 0,804249369443668; 0,804249369443668; 7,36935540042716
14080; 10; 0; 0; 0,959252818258407; 0,959252818258407; 6,25918571065119
14119; 19; 0; 0; 0,955585371597232; 0,955585371597232; 7,73753378967641
14143; 20; 2; 0; 0,259260076378286; 0; 3,22025752018585
14185; 3; 0; 0; 0,984178919459325; 0,984178919459325; 6,42140877147666
14195; 10; 0; 0; 0,998724827125938; 0,998724827125938; 13,2547462107908
14201; 16; 0; 0; 0,968387575369267; 0,968387575369267; 9,3887785659706
14219; 19; 0; 0; 0,999528327934995; 0,999528327934995; 9,94139897273803
14224; 10; 0; 0; 0,999881537923465; 0,999881537923465; 16,0950489702459
14225; 20; 0; 0; 0,442787326390248; 0,442787326390248; 4,90039187854368
14231; 20; 2; 0; 0,265842150355055; 0,00223130778052021; 3,49485312268231
14247; 10; 0; 0; 0,997948800355519; 0,997948800355519; 12,5183714213024
14269; 3; 0; 0; 0,670162461919994; 0,670162461919994; 11,2293201849627
14287; 10; 0; 0; 0,989039789125126; 0,989039789125126; 8,37081778833401
14330; 10; 0; 0; 0,993874913523639; 0,993874913523639; 9,22498286877626
14332; 16; 0; 0; 0,993911204537732; 0,993911204537732; 9,59938599561607
14333; 16; 0; 0; 0,575842557817387; 0,575842557817387; 5,70457431856441
14347; 16; 0; 0; 0,554137609466601; 0,554137609466601; 5,36501632341177
14357; 10; 0; 0; 0,968627128644946; 0,968627128644946; 6,84885417871731
14370; 19; 0; 0; 0,928050293806842; 0,928050293806842; 7,12344380636876
14371; 11; 0; 0; 0,693559400120986; 0,693559400120986; 12,028241817528
14383; 19; 0; 0; 0,896381471991004; 0,896381471991004; 7,15955648782301
14385; 18; 0; 0; 0,968959546172729; 0,968959546172729; 6,29955475576256
14390; 20; 0; 0; 0,998619810042509; 0,998619810042509; 12,817927956976
14391; 2; 0; 0; 0,999832402730377; 0,999832402730377; 10,4380600500587
14399; 10; 0; 0; 0,943433275717823; 0,943433275717823; 7,52166783989365
14427; 10; 0; 0; 0,993292347589893; 0,993292347589893; 10,0274711245444
14431; 10; 0; 0; 0,995774700716356; 0,995774700716356; 9,6175399105392
14444; 19; 0; 0; 0,997387664290781; 0,997387664290781; 10,5224666223692
14451; 10; 0; 0; 0,99738886590368; 0,99738886590368; 11,212224664152
14457; 19; 0; 0; 0,999999965640816; 0,999999965640816; 13,9800923054129
14461; 10; 0; 0; 0,931799898268191; 0,931799898268191; 6,39089933961731
14463; 20; 0; 0; 0,999628555471391; 0,999628555471391; 14,0196087029426
14468; 3; 1; 0; 0,461764495002796; 0,457265710105146; 8,55366705524156
14491; 16; 0; 0; 0,988579434441677; 0,988579434441677; 7,60191425684183
14508; 10; 0; 0; 0,980460574579846; 0,980460574579846; 7,15335509788708
14524; 19; 0; 0; 0,998045841828255; 0,998045841828255; 10,283319653679
14535; 20; 0; 0; 0,81902493287823; 0,81902493287823; 6,06253349316435
14539; 19; 0; 0; 0,999875037107652; 0,999875037107652; 14,0953768354015
14548; 13; 0; 0; 0,998016221089099; 0,998016221089099; 10,7730015419255
14556; 10; 0; 0; 0,983684433226614; 0,983684433226614; 8,82694158774859
14570; 22; 0; 0; 0,998388424157581; 0,998388424157581; 12,9257037857632
14576; 2; 0; 0; 0,770038913924203; 0,770038913924203; 7,38068696268058
14591; 2; 0; 0; 0,999955682210923; 0,999955682210923; 12,1221803828575
14618; 16; 0; 0; 0,998955515283138; 0,998955515283138; 12,1219713825316
14625; 10; 0; 0; 0,930429165816368; 0,930429165816368; 6,57886696725311
14632; 19; 0; 0; 1; 1; 16,5718127888063
14642; 20; 0; 0; 0,999749004390023; 0,999749004390023; 13,5947720755807
14649; 10; 0; 0; 0,999910625731428; 0,999910625731428; 15,0412066868166
14650; 2; 0; 0; 1; 1; 15,03506862477
14664; 10; 0; 0; 0,996390024349564; 0,996390024349564; 11,212224664152
14666; 10; 0; 0; 0,995763990851888; 0,995763990851888; 10,9387557699044
14674; 10; 0; 0; 0,999814858931978; 0,999814858931978; 14,5814314772691
14677; 20; 0; 0; 0,975822737072341; 0,975822737072341; 8,35740871099295
14682; 20; 0; 0; 0,99843356309864; 0,99843356309864; 13,6616985704854
14712; 2; 0; 0; 0,791956534938646; 0,791956534938646; 7,49217799043428
14719; 19; 0; 0; 0,640738809333386; 0,640738809333386; 5,75355076668246
14721; 19; 0; 0; 0,992494025734741; 0,992494025734741; 6,57998448967308
14724; 16; 0; 0; 0,999290582542006; 0,999290582542006; 12,4586928098241
14724; 10; 0; 0; 1; 1; 17,3552384847884
14762; 2; 0; 0; 0,996909577518329; 0,996909577518329; 7,01307159613321
14783; 16; 0; 0; 0,999999998525984; 0,999999998525984; 16,0288802643438
14795; 2; 0; 0; 0,794252688972616; 0,794252688972616; 8,42020344544312
14811; 2; 0; 0; 0,999991577168676; 0,999991577168676; 14,0261431922664
14827; 16; 0; 0; 0,999605663609892; 0,999605663609892; 16,1132550640698
14838; 10; 0; 0; 0,62039861365961; 0,62039861365961; 7,41023566877611
14845; 10; 0; 0; 0,849735148528725; 0,849735148528725; 8,21862501446077
14852; 2; 0; 0; 0,997147577306151; 0,997147577306151; 9,39075585007791
14854; 22; 0; 0; 0,990565888719995; 0,990565888719995; 10,1838878312074
14858; 23; 0; 0; 0,910691332386567; 0,910691332386567; 9,53593713452044
14867; 2; 0; 0; 0,735649605793259; 0,735649605793259; 6,01008374404987
14872; 16; 0; 0; 0,994508632204576; 0,994508632204576; 11,5079140359391
14958; 16; 0; 0; 0,291472004565811; 0,291472004565811; 6,59577854637747
14971; 23; 0; 0; 0,570178188267387; 0,570178188267387; 6,63776016226422
14972; 16; 0; 0; 0,351946920821296; 0,351946920821296; 5,63963927242444
14979; 16; 0; 0; 0,999454923836961; 0,999454923836961; 13,254746210782
14998; 16; 0; 0; 0,996495356942738; 0,996495356942738; 12,823104211475
15004; 10; 0; 0; 0,963087155489957; 0,963087155489957; 7,91642457200875
15019; 2; 0; 0; 1; 1; 16,1090020979679
15037; 2; 0; 0; 0,998319167166015; 0,998319167166015; 9,75731700331578
15050; 16; 0; 0; 0,999744438056937; 0,999744438056937; 14,0831678489559
15057; 20; 0; 0; 0,96738505215763; 0,96738505215763; 12,5232236896116
15060; 2; 0; 0; 0,99963496261696; 0,99963496261696; 10,6865852893458
15067; 13; 0; 0; 0,780052977538957; 0,780052977538957; 7,29783975420758
15083; 16; 0; 0; 0,998529896458003; 0,998529896458003; 13,1915570927549
15086; 10; 0; 0; 0,759297334890846; 0,759297334890846; 8,00320797008419
15095; 23; 0; 0; 0,917830112019754; 0,917830112019754; 9,27467858288974
15111; 19; 0; 0; 0,999995126519574; 0,999995126519574; 16,3950297368435
15115; 16; 0; 0; 0,268235479637443; 0,268235479637443; 5,90148606781142
15148; 10; 0; 0; 0,99964982414347; 0,99964982414347; 14,9636610806339
15165; 10; 0; 0; 0,999944136544207; 0,999944136544207; 15,0412066868166
15182; 21; 0; 0; 0,34598311320655; 0,34598311320655; 5,81089812369919
15185; 10; 0; 0; 0,999667131806473; 0,999667131806473; 13,2716529589558
15204; 10; 0; 0; 0,999946860849733; 0,999946860849733; 14,01528083019
15216; 10; 0; 0; 0,9996714280852; 0,9996714280852; 13,2716529589558
15236; 18; 0; 0; 0,999855574785792; 0,999855574785792; 14,9089462553047
15239; 10; 0; 0; 0,812745100321745; 0,812745100321745; 7,04158392448259
15242; 19; 0; 0; 0,700376412021118; 0,700376412021118; 6,88367608150415
15254; 2; 0; 0; 1; 1; 18,042082349724
15261; 10; 0; 0; 0,999571725108761; 0,999571725108761; 13,2032303652652
15267; 16; 0; 0; 0,999372429671418; 0,999372429671418; 14,553907799805
15271; 2; 1; 0; 0,820446229274519; 0,179553770725481; 13,7747103947793
15272; 19; 0; 0; 0,805226423894673; 0,805226423894673; 7,18200102796627
15284; 23; 0; 0; 0,997881634810509; 0,997881634810509; 13,8173782969582
15286; 16; 0; 0; 0,999923429822837; 0,999923429822837; 16,0950489702353
15295; 20; 0; 0; 0,995974809685255; 0,995974809685255; 14,0886266508131
15299; 23; 0; 0; 0,919188472819307; 0,919188472819307; 9,67216480787073
15302; 16; 0; 0; 0,999372177271181; 0,999372177271181; 14,0990981810611
15302; 2; 0; 0; 0,560632721712157; 0,560632721712157; 9,57285875356661
15311; 19; 0; 0; 0,997181368780448; 0,997181368780448; 14,4766761226204
15325; 2; 1; 0; 0,938169521795641; 0,0618304782043587; 4,99478532695619
15339; 10; 0; 0; 0,999335324322823; 0,999335324322823; 13,2032303652652
15374; 10; 0; 0; 0,836652041429673; 0,836652041429673; 8,07186385348826
15385; 16; 0; 0; 0,999346769734638; 0,999346769734638; 13,254746210782
15393; 10; 0; 0; 0,592092059287433; 0,592092059287433; 6,39148971499001
15400; 19; 0; 0; 1; 1; 14,4335143644442
15419; 20; 0; 0; 0,996065469389044; 0,996065469389044; 14,5430984782587
15436; 2; 1; 0; 0,940894452805621; 0,0591055471943786; 4,58704774924548
15456; 19; 0; 0; 0,958946049837812; 0,958946049837812; 12,4660266611453
15458; 10; 0; 0; 0,999836532160654; 0,999836532160654; 15,0412066868166
15466; 16; 0; 0; 0,996948067572168; 0,996948067572168; 12,4669068722674
15468; 16; 0; 0; 0,998186191583959; 0,998186191583959; 12,1299634432872
15472; 19; 0; 0; 0,355640597102858; 0,355640597102858; 6,04544532125961
15485; 23; 0; 0; 0,960502136839811; 0,960502136839811; 10,4161774853992
15507; 19; 0; 0; 0,36505060058043; 0,36505060058043; 5,96585260397026
15511; 10; 0; 0; 0,611020445051947; 0,611020445051947; 6,09001852928224
15514; 10; 0; 0; 0,719619387386127; 0,719619387386127; 7,96411888929916
15522; 2; 0; 0; 1; 1; 18,042082349724
15523; 2; 1; 0; 0,953641226277232; 0,0463587737227679; 4,16533916139461
15530; 16; 0; 0; 0,999906462290779; 0,999906462290779; 15,5400472816065
15531; 19; 0; 0; 0,997183026559964; 0,997183026559964; 14,4766761226204
15546; 10; 0; 0; 0,999719860400404; 0,999719860400404; 13,6738242607424
15562; 23; 0; 0; 0,913372666305809; 0,913372666305809; 9,40349356320765
15587; 10; 0; 0; 0,731449929659358; 0,731449929659358; 6,88314276998924
15608; 10; 0; 0; 0,881452338335886; 0,881452338335886; 7,3522784682964
15620; 20; 0; 0; 0,996955284330326; 0,996955284330326; 15,5460707871041
15622; 20; 0; 0; 0,881161925064518; 0,881161925064518; 8,05892982845749
15630; 2; 0; 0; 0,564577645036954; 0,564577645036954; 7,25575208759062
15641; 16; 0; 0; 0,999970310814457; 0,999970310814457; 16,6911618950588
15650; 10; 0; 0; 0,65241638052954; 0,65241638052954; 7,30727684225079
15686; 10; 0; 0; 0,999941256601454; 0,999941256601454; 16,0950489702459
15707; 10; 0; 0; 0,871835245453065; 0,871835245453065; 9,02600140787238
15709; 10; 0; 0; 1; 1; 17,2078569249731
15725; 2; 0; 0; 0,566782733743392; 0,566782733743392; 5,6182843965829
15726; 19; 0; 0; 0,906526325127113; 0,906526325127113; 8,35888191266874
15740; 16; 0; 0; 0,999929671715897; 0,999929671715897; 16,0950489702353
15754; 10; 0; 0; 0,997642657264231; 0,997642657264231; 12,8259952119719
15772; 19; 0; 0; 0,512840884183791; 0,512840884183791; 6,73212027959477
15775; 16; 0; 0; 0,999796972179562; 0,999796972179562; 14,0831678489559
15775; 10; 0; 0; 0,999657630221055; 0,999657630221055; 13,6033282551217
15776; 19; 0; 0; 0,311576240163451; 0,311576240163451; 6,41109942573188
15798; 2; 0; 0; 1; 1; 14,5405251872174
15804; 19; 0; 0; 1; 1; 18,6432893874071
15810; 16; 0; 0; 0,997399664591814; 0,997399664591814; 12,1299634432872
15829; 16; 0; 0; 0,996989416826032; 0,996989416826032; 12,4586928098241
15830; 10; 0; 0; 1; 1; 17,3552384847884
15831; 19; 0; 0; 0,985848668009044; 0,985848668009044; 12,4660266611453
15837; 10; 0; 0; 0,973951972988036; 0,973951972988036; 10,2423038901565
15863; 18; 0; 0; 0,913817485202973; 0,913817485202973; 7,58082012981596
15865; 19; 0; 0; 0,997420663972971; 0,997420663972971; 14,9592319933744
15866; 16; 0; 0; 0,999814102687301; 0,999814102687301; 14,537463586019
15875; 16; 0; 0; 0,300885514093833; 0,300885514093833; 5,57001409622167
15912; 19; 0; 0; 0,997506186821191; 0,997506186821191; 13,5993018121585
