MAC; alternativas; MasProb; Elección; MaxProb; ElecProb; %linkOK; %linkNO; %DistOK; %DistNO
21; 2; 0; 0; 1; 1; 1; 0; 1; 0
32; 10; 0; 0; 0,998746317869623; 0,998746317869623; 1; 0; 1; 0
46; 10; 0; 0; 0,999971511230226; 0,999971511230226; 1; 0; 1; 0
54; 10; 0; 0; 0,767485343839997; 0,767485343839997; 1; 0; 1; 0
68; 19; 0; 0; 0,967799458032022; 0,967799458032022; 1; 0; 1; 0
74; 13; 0; 0; 0,999383541110805; 0,999383541110805; 1; 0; 1; 0
77; 16; 2; 0; 0,338900899186242; 0,218428740961215; 1; 0; 1; 0
92; 10; 0; 0; 0,815012739290659; 0,815012739290659; 1; 0; 1; 0
108; 18; 0; 0; 0,915876818031598; 0,915876818031598; 1; 0; 1; 0
113; 10; 0; 0; 0,999745244330009; 0,999745244330009; 1; 0; 1; 0
158; 21; 0; 0; 0,991790583704882; 0,991790583704882; 1; 0; 1; 0
164; 2; 1; 1; 0,611157749797128; 0,611157749797128; 0; 0; 0,332790223572103; 0,667209776427897
172; 20; 0; 0; 0,91218846231118; 0,91218846231118; 1; 0; 1; 0
176; 13; 0; 0; 0,931779253929762; 0,931779253929762; 1; 0; 1; 0
191; 10; 0; 0; 1; 1; 1; 0; 1; 0
207; 18; 0; 0; 0,998882272490037; 0,998882272490037; 1; 0; 1; 0
230; 10; 0; 0; 0,649748423715728; 0,649748423715728; 1; 0; 1; 0
231; 10; 0; 0; 0,627262427984175; 0,627262427984175; 1; 0; 1; 0
235; 10; 0; 0; 0,957990722534095; 0,957990722534095; 1; 0; 1; 0
244; 190; 0; 0; 0,575005093632927; 0,575005093632927; 1; 0; 1; 0
257; 16; 0; 0; 0,999992878615789; 0,999992878615789; 1; 0; 1; 0
281; 2; 0; 1; 0,803894923799394; 0,196105076200606; 0; 0; 0,499619597261387; 0,500380402738613
302; 10; 0; 0; 1; 1; 1; 0; 1; 0
321; 10; 0; 0; 0,998548535683782; 0,998548535683782; 1; 0; 1; 0
329; 10; 0; 0; 0,977402435215952; 0,977402435215952; 1; 0; 1; 0
333; 19; 0; 0; 0,943658172884069; 0,943658172884069; 1; 0; 1; 0
340; 19; 0; 0; 0,99476212682243; 0,99476212682243; 1; 0; 1; 0
358; 19; 0; 0; 0,997855049284059; 0,997855049284059; 1; 0; 1; 0
363; 20; 0; 0; 0,999761537011617; 0,999761537011617; 1; 0; 1; 0
368; 10; 0; 0; 1; 1; 1; 0; 1; 0
372; 18; 0; 0; 0,992171288630038; 0,992171288630038; 1; 0; 1; 0
377; 19; 0; 0; 0,995614554168909; 0,995614554168909; 1; 0; 1; 0
386; 10; 0; 0; 0,372391359504951; 0,372391359504951; 1; 0; 1; 0
400; 2; 0; 0; 0,999992786189241; 0,999992786189241; 1; 0; 1; 0
402; 160; 0; 0; 0,999158053300165; 0,999158053300165; 1; 0; 1; 0
412; 16; 0; 0; 0,996207288188257; 0,996207288188257; 1; 0; 1; 0
428; 16; 0; 0; 0,35829436285758; 0,35829436285758; 1; 0; 1; 0
434; 18; 0; 0; 0,994352378145679; 0,994352378145679; 1; 0; 1; 0
454; 13; 0; 0; 0,929180137448556; 0,929180137448556; 1; 0; 1; 0
463; 19; 0; 0; 0,978391748553058; 0,978391748553058; 1; 0; 1; 0
468; 16; 0; 0; 0,994538200402739; 0,994538200402739; 1; 0; 1; 0
473; 2; 0; 0; 0,99991817855096; 0,99991817855096; 1; 0; 1; 0
482; 2; 0; 0; 1; 1; 1; 0; 1; 0
493; 16; 0; 0; 0,999799217961922; 0,999799217961922; 1; 0; 1; 0
528; 20; 0; 0; 0,879728768930892; 0,879728768930892; 1; 0; 1; 0
543; 10; 0; 0; 0,958340553945001; 0,958340553945001; 1; 0; 1; 0
546; 18; 0; 0; 0,88850401620361; 0,88850401620361; 1; 0; 1; 0
570; 10; 0; 0; 1; 1; 1; 0; 1; 0
574; 2; 0; 0; 0,798819430253435; 0,798819430253435; 1; 0; 1; 0
583; 10; 0; 0; 0,815693915496642; 0,815693915496642; 1; 0; 1; 0
620; 23; 0; 0; 0,93996466576365; 0,93996466576365; 1; 0; 1; 0
630; 10; 0; 0; 0,993749177216123; 0,993749177216123; 1; 0; 1; 0
651; 19; 0; 0; 0,992770446205745; 0,992770446205745; 1; 0; 1; 0
673; 18; 0; 0; 0,998281467903857; 0,998281467903857; 1; 0; 1; 0
679; 16; 0; 0; 0,965703440691662; 0,965703440691662; 1; 0; 1; 0
684; 13; 0; 0; 1; 1; 1; 0; 1; 0
718; 2; 0; 0; 1; 1; 1; 0; 1; 0
730; 10; 0; 0; 0,954649666738283; 0,954649666738283; 1; 0; 1; 0
787; 10; 0; 0; 0,868199112391272; 0,868199112391272; 1; 0; 1; 0
817; 10; 0; 0; 0,931899120812978; 0,931899120812978; 1; 0; 1; 0
826; 16; 0; 0; 1; 1; 1; 0; 1; 0
827; 13; 0; 0; 0,999829501036563; 0,999829501036563; 1; 0; 1; 0
828; 10; 0; 0; 1; 1; 1; 0; 1; 0
846; 19; 0; 0; 0,996490945188043; 0,996490945188043; 1; 0; 1; 0
875; 22; 0; 0; 0,990702071961844; 0,990702071961844; 1; 0; 1; 0
881; 23; 0; 0; 0,931903623888356; 0,931903623888356; 1; 0; 1; 0
886; 10; 0; 0; 0,996826895691607; 0,996826895691607; 1; 0; 1; 0
894; 10; 0; 0; 0,74093513911402; 0,74093513911402; 1; 0; 1; 0
919; 160; 0; 0; 0,994080521500106; 0,994080521500106; 1; 0; 1; 0
923; 21; 0; 0; 0,40779890224084; 0,40779890224084; 1; 0; 1; 0
935; 2; 0; 0; 0,999980136206947; 0,999980136206947; 1; 0; 1; 0
960; 10; 0; 0; 0,999598546887949; 0,999598546887949; 1; 0; 1; 0
969; 19; 2; 0; 0,338603160765067; 0,28967255369131; 1; 0; 1; 0
985; 10; 0; 0; 0,891880989673515; 0,891880989673515; 1; 0; 1; 0
991; 19; 0; 0; 0,968187785200536; 0,968187785200536; 1; 0; 1; 0
1015; 13; 0; 0; 1; 1; 1; 0; 1; 0
1051; 16; 0; 0; 0,999952376176533; 0,999952376176533; 1; 0; 1; 0
1054; 16; 0; 0; 0,999928003707829; 0,999928003707829; 1; 0; 1; 0
1061; 10; 0; 0; 0,787814430456237; 0,787814430456237; 1; 0; 1; 0
1063; 10; 0; 0; 0,813170511555273; 0,813170511555273; 1; 0; 1; 0
1070; 160; 0; 0; 0,994337205025908; 0,994337205025908; 1; 0; 1; 0
1093; 16; 0; 0; 0,999458264707235; 0,999458264707235; 1; 0; 1; 0
1098; 10; 0; 0; 0,998659787757845; 0,998659787757845; 1; 0; 1; 0
1102; 16; 0; 0; 0,998481176896793; 0,998481176896793; 1; 0; 1; 0
1127; 16; 0; 0; 0,998717688506527; 0,998717688506527; 1; 0; 1; 0
1145; 10; 0; 0; 0,89795860093482; 0,89795860093482; 1; 0; 1; 0
1155; 21; 0; 0; 0,573745588745913; 0,573745588745913; 1; 0; 1; 0
1187; 16; 0; 0; 0,999406280593627; 0,999406280593627; 1; 0; 1; 0
1208; 10; 0; 0; 0,722273715188707; 0,722273715188707; 1; 0; 1; 0
1211; 10; 0; 0; 1; 1; 1; 0; 1; 0
1236; 10; 0; 0; 1; 1; 1; 0; 1; 0
1244; 19; 0; 0; 0,999977743234117; 0,999977743234117; 1; 0; 1; 0
1249; 10; 0; 0; 0,79309731679755; 0,79309731679755; 1; 0; 1; 0
1250; 20; 0; 0; 0,969607500535662; 0,969607500535662; 1; 0; 1; 0
1271; 2; 0; 0; 1; 1; 1; 0; 1; 0
1273; 19; 0; 0; 0,96801340605203; 0,96801340605203; 1; 0; 1; 0
1294; 10; 0; 0; 0,910212250770844; 0,910212250770844; 1; 0; 1; 0
1306; 19; 0; 0; 1; 1; 1; 0; 1; 0
1315; 20; 0; 0; 0,998963325952848; 0,998963325952848; 1; 0; 1; 0
1316; 10; 0; 0; 0,907893118801577; 0,907893118801577; 1; 0; 1; 0
1331; 36; 0; 0; 0,997949629888138; 0,997949629888138; 1; 0; 1; 0
1342; 16; 0; 0; 0,99955636402618; 0,99955636402618; 1; 0; 1; 0
1347; 18; 0; 0; 0,891360711858609; 0,891360711858609; 1; 0; 1; 0
1364; 16; 0; 0; 0,35868682148701; 0,35868682148701; 1; 0; 1; 0
1370; 160; 0; 0; 0,972875916897479; 0,972875916897479; 1; 0; 1; 0
1376; 2; 0; 0; 1; 1; 1; 0; 1; 0
1384; 2; 0; 0; 0,999979919432514; 0,999979919432514; 1; 0; 1; 0
1395; 20; 0; 0; 0,656878075257739; 0,656878075257739; 1; 0; 1; 0
1422; 10; 0; 0; 0,51717553325678; 0,51717553325678; 1; 0; 1; 0
1471; 2; 0; 0; 1; 1; 1; 0; 1; 0
1484; 20; 0; 0; 0,964998471726836; 0,964998471726836; 1; 0; 1; 0
1502; 20; 0; 0; 1; 1; 1; 0; 1; 0
1504; 10; 0; 0; 0,993017151728407; 0,993017151728407; 1; 0; 1; 0
1507; 21; 0; 0; 0,97951076099325; 0,97951076099325; 1; 0; 1; 0
1522; 20; 0; 0; 0,917544303092448; 0,917544303092448; 1; 0; 1; 0
1527; 10; 0; 0; 0,994570230124796; 0,994570230124796; 1; 0; 1; 0
1540; 10; 0; 0; 0,489200886139652; 0,489200886139652; 1; 0; 1; 0
1553; 23; 0; 0; 0,723261550956687; 0,723261550956687; 1; 0; 1; 0
1581; 19; 0; 0; 0,285091047273712; 0,285091047273712; 1; 0; 1; 0
1587; 2; 0; 0; 0,865153120976316; 0,865153120976316; 1; 0; 1; 0
1588; 20; 0; 0; 0,854164220746229; 0,854164220746229; 1; 0; 1; 0
1597; 19; 0; 0; 0,93127487107009; 0,93127487107009; 1; 0; 1; 0
1607; 10; 0; 0; 0,914222248714353; 0,914222248714353; 1; 0; 1; 0
1620; 16; 0; 0; 0,998672416786186; 0,998672416786186; 1; 0; 1; 0
1633; 10; 0; 0; 0,99816990144332; 0,99816990144332; 1; 0; 1; 0
1649; 23; 0; 0; 0,766476526410796; 0,766476526410796; 1; 0; 1; 0
1673; 20; 0; 0; 0,997070772473013; 0,997070772473013; 1; 0; 1; 0
1675; 2; 1; 0; 0,674555224777883; 0,325444775222117; 1; 0; 1; 0
1684; 19; 0; 0; 0,956992008530716; 0,956992008530716; 1; 0; 1; 0
1687; 2; 0; 0; 0,532236079375355; 0,532236079375355; 1; 0; 1; 0
1688; 19; 0; 0; 0,961360777494478; 0,961360777494478; 1; 0; 1; 0
1691; 23; 0; 0; 0,887696123016194; 0,887696123016194; 1; 0; 1; 0
1692; 2; 0; 0; 0,650194792520076; 0,650194792520076; 1; 0; 1; 0
1703; 3; 2; 2; 0,388349616502274; 0,388349616502274; 0; 0; 0,248741993199409; 0,751258006800591
1716; 23; 0; 0; 0,811763409185813; 0,811763409185813; 1; 0; 1; 0
1726; 13; 0; 0; 0,909159965471676; 0,909159965471676; 1; 0; 1; 0
1753; 10; 0; 0; 0,807499376501751; 0,807499376501751; 1; 0; 1; 0
1771; 2; 0; 0; 0,999075684283628; 0,999075684283628; 1; 0; 1; 0
1779; 10; 0; 0; 0,910283351677033; 0,910283351677033; 1; 0; 1; 0
1793; 10; 0; 0; 0,998293489377067; 0,998293489377067; 1; 0; 1; 0
1808; 23; 0; 0; 0,927271418753519; 0,927271418753519; 1; 0; 1; 0
1809; 23; 0; 0; 0,933530611947034; 0,933530611947034; 1; 0; 1; 0
1811; 23; 0; 0; 0,934100712434653; 0,934100712434653; 1; 0; 1; 0
1813; 16; 0; 0; 0,70324114465116; 0,70324114465116; 1; 0; 1; 0
1842; 19; 4; 0; 0,162914086254777; 0,11010973725474; 1; 0; 1; 0
1884; 18; 0; 0; 0,983672841128093; 0,983672841128093; 1; 0; 1; 0
1898; 18; 0; 0; 0,998408748948656; 0,998408748948656; 1; 0; 1; 0
1944; 20; 0; 0; 1; 1; 1; 0; 1; 0
1945; 10; 0; 0; 0,923147639230909; 0,923147639230909; 1; 0; 1; 0
1946; 10; 0; 0; 0,937386232517397; 0,937386232517397; 1; 0; 1; 0
1954; 21; 0; 0; 0,994567040975435; 0,994567040975435; 1; 0; 1; 0
1956; 16; 0; 0; 0,999981423004389; 0,999981423004389; 1; 0; 1; 0
1974; 10; 0; 0; 0,886905476800744; 0,886905476800744; 1; 0; 1; 0
1980; 20; 0; 0; 1; 1; 1; 0; 1; 0
1984; 15; 0; 0; 0,597018886255111; 0,597018886255111; 1; 0; 1; 0
2008; 23; 0; 0; 0,989770305689673; 0,989770305689673; 1; 0; 1; 0
2031; 19; 0; 0; 0,921813482459336; 0,921813482459336; 1; 0; 1; 0
2058; 2; 0; 0; 0,999960396858096; 0,999960396858096; 1; 0; 1; 0
2059; 19; 3; 0; 0,249838298671851; 0; 1; 0; 1; 0
2075; 10; 0; 0; 0,655781158898741; 0,655781158898741; 1; 0; 1; 0
2126; 10; 0; 0; 0,998853357321428; 0,998853357321428; 1; 0; 1; 0
2133; 10; 0; 0; 0,828569555035013; 0,828569555035013; 1; 0; 1; 0
2136; 13; 0; 0; 0,949848478977687; 0,949848478977687; 1; 0; 1; 0
2142; 19; 0; 0; 0,9983522921807; 0,9983522921807; 1; 0; 1; 0
2155; 16; 0; 0; 0,55814354670949; 0,55814354670949; 1; 0; 1; 0
2173; 19; 0; 0; 0,99997905985919; 0,99997905985919; 1; 0; 1; 0
2175; 10; 0; 0; 0,651510233602407; 0,651510233602407; 1; 0; 1; 0
2177; 10; 0; 0; 0,639067100798448; 0,639067100798448; 1; 0; 1; 0
2199; 19; 0; 0; 0,206777013521425; 0,206777013521425; 1; 0; 1; 0
2206; 13; 0; 0; 1; 1; 1; 0; 1; 0
2230; 10; 0; 0; 1; 1; 1; 0; 1; 0
2233; 10; 0; 0; 0,858883547844927; 0,858883547844927; 1; 0; 1; 0
2246; 10; 0; 0; 0,803164571873586; 0,803164571873586; 1; 0; 1; 0
2259; 10; 0; 0; 0,943058811068003; 0,943058811068003; 1; 0; 1; 0
2264; 20; 0; 0; 0,994292124467752; 0,994292124467752; 1; 0; 1; 0
2275; 16; 0; 0; 0,999559844724876; 0,999559844724876; 1; 0; 1; 0
2281; 288; 0; 0; 0,99856950015215; 0,99856950015215; 1; 0; 1; 0
2299; 10; 0; 0; 0,950559715311276; 0,950559715311276; 1; 0; 1; 0
2310; 20; 0; 0; 0,997283208670157; 0,997283208670157; 1; 0; 1; 0
2313; 13; 0; 0; 1; 1; 1; 0; 1; 0
2316; 18; 0; 0; 0,995319079877674; 0,995319079877674; 1; 0; 1; 0
2325; 21; 0; 0; 0,304825226990005; 0,304825226990005; 1; 0; 1; 0
2329; 23; 0; 0; 0,810365933094258; 0,810365933094258; 1; 0; 1; 0
2337; 13; 0; 0; 0,937449760697223; 0,937449760697223; 1; 0; 1; 0
2350; 10; 0; 0; 0,96704030625007; 0,96704030625007; 1; 0; 1; 0
2378; 2; 0; 0; 1; 1; 1; 0; 1; 0
2417; 10; 0; 0; 0,998987130337473; 0,998987130337473; 1; 0; 1; 0
2423; 10; 0; 0; 0,828134775162269; 0,828134775162269; 1; 0; 1; 0
2426; 10; 0; 0; 0,911196679121334; 0,911196679121334; 1; 0; 1; 0
2440; 19; 0; 0; 0,925769137521515; 0,925769137521515; 1; 0; 1; 0
2458; 2; 0; 0; 0,999939721923233; 0,999939721923233; 1; 0; 1; 0
2478; 19; 0; 0; 0,996423409120027; 0,996423409120027; 1; 0; 1; 0
2496; 16; 0; 0; 0,999696750362717; 0,999696750362717; 1; 0; 1; 0
2499; 16; 0; 0; 1; 1; 1; 0; 1; 0
2507; 10; 0; 0; 0,996817985549118; 0,996817985549118; 1; 0; 1; 0
2514; 10; 0; 0; 0,999874472516486; 0,999874472516486; 1; 0; 1; 0
2531; 10; 0; 0; 0,999791071355441; 0,999791071355441; 1; 0; 1; 0
2532; 36; 0; 0; 0,691667074024617; 0,691667074024617; 1; 0; 1; 0
2536; 19; 0; 0; 0,725503596756356; 0,725503596756356; 1; 0; 1; 0
2542; 19; 0; 0; 0,684699560441185; 0,684699560441185; 1; 0; 1; 0
2553; 2; 0; 0; 1; 1; 1; 0; 1; 0
2554; 19; 0; 0; 1; 1; 1; 0; 1; 0
2567; 19; 0; 0; 0,999987793700946; 0,999987793700946; 1; 0; 1; 0
2571; 19; 0; 0; 0,985911037762903; 0,985911037762903; 1; 0; 1; 0
2616; 23; 0; 0; 0,837711965299095; 0,837711965299095; 1; 0; 1; 0
2636; 10; 0; 0; 0,957489972249562; 0,957489972249562; 1; 0; 1; 0
2663; 13; 0; 0; 0,825598221832765; 0,825598221832765; 1; 0; 1; 0
2666; 19; 0; 0; 0,985968997814442; 0,985968997814442; 1; 0; 1; 0
2687; 20; 0; 0; 0,576782386268439; 0,576782386268439; 1; 0; 1; 0
2691; 18; 0; 0; 0,980982897097994; 0,980982897097994; 1; 0; 1; 0
2695; 18; 0; 0; 0,898136910219083; 0,898136910219083; 1; 0; 1; 0
2702; 2; 0; 0; 0,999984590011891; 0,999984590011891; 1; 0; 1; 0
2723; 10; 0; 0; 0,912240811097772; 0,912240811097772; 1; 0; 1; 0
2748; 10; 0; 0; 1; 1; 1; 0; 1; 0
2750; 2; 1; 1; 0,560105373613101; 0,560105373613101; 0; 0; 0,331582898370668; 0,668417101629332
2760; 19; 0; 0; 0,994785519696703; 0,994785519696703; 1; 0; 1; 0
2762; 20; 0; 0; 0,84572377795403; 0,84572377795403; 1; 0; 1; 0
2766; 36; 0; 0; 0,999265971392561; 0,999265971392561; 1; 0; 1; 0
2798; 10; 0; 0; 0,960124669058353; 0,960124669058353; 1; 0; 1; 0
2814; 2; 1; 1; 0,53919966158451; 0,53919966158451; 0; 0; 0,331582898370668; 0,668417101629332
2822; 16; 0; 0; 0,999973810977498; 0,999973810977498; 1; 0; 1; 0
2824; 10; 0; 0; 0,99791343791567; 0,99791343791567; 1; 0; 1; 0
2832; 10; 0; 0; 0,933126838276206; 0,933126838276206; 1; 0; 1; 0
2845; 16; 0; 0; 0,981542951962611; 0,981542951962611; 1; 0; 1; 0
2856; 2; 0; 0; 1; 1; 1; 0; 1; 0
2875; 20; 0; 0; 0,966025210872247; 0,966025210872247; 1; 0; 1; 0
2877; 10; 0; 0; 0,795108176420455; 0,795108176420455; 1; 0; 1; 0
2883; 20; 0; 0; 0,965965999551331; 0,965965999551331; 1; 0; 1; 0
2898; 19; 0; 0; 0,92745939592772; 0,92745939592772; 1; 0; 1; 0
2903; 20; 0; 0; 0,999807507475529; 0,999807507475529; 1; 0; 1; 0
2935; 19; 0; 0; 0,842317945082748; 0,842317945082748; 1; 0; 1; 0
2936; 10; 0; 0; 0,998386132055959; 0,998386132055959; 1; 0; 1; 0
2940; 10; 0; 0; 0,995889765993799; 0,995889765993799; 1; 0; 1; 0
2957; 150; 0; 0; 0,351123116384309; 0,351123116384309; 1; 0; 1; 0
2959; 13; 0; 0; 0,99907393233208; 0,99907393233208; 1; 0; 1; 0
2990; 10; 0; 0; 0,846885265257122; 0,846885265257122; 1; 0; 1; 0
3011; 16; 0; 0; 0,83201473792186; 0,83201473792186; 1; 0; 1; 0
3018; 10; 0; 0; 0,530863551084377; 0,530863551084377; 1; 0; 1; 0
3053; 10; 0; 0; 0,999268117129649; 0,999268117129649; 1; 0; 1; 0
3060; 2; 0; 0; 0,999987167324237; 0,999987167324237; 1; 0; 1; 0
3066; 2; 0; 1; 0,560450249768053; 0,439549750231947; 0; 0; 0,248629335125633; 0,751370664874367
3081; 10; 0; 0; 0,999620453105132; 0,999620453105132; 1; 0; 1; 0
3082; 19; 0; 0; 0,785278121889069; 0,785278121889069; 1; 0; 1; 0
3095; 20; 0; 0; 0,540081598377166; 0,540081598377166; 1; 0; 1; 0
3116; 13; 0; 0; 0,999896066649196; 0,999896066649196; 1; 0; 1; 0
3121; 2; 0; 1; 0,57571988785612; 0,42428011214388; 0; 0; 0,249787733109149; 0,750212266890851
3148; 20; 0; 0; 1; 1; 1; 0; 1; 0
3152; 19; 0; 0; 0,977939524069432; 0,977939524069432; 1; 0; 1; 0
3158; 20; 0; 0; 1; 1; 1; 0; 1; 0
3160; 19; 0; 0; 0,289814976188525; 0,289814976188525; 1; 0; 1; 0
3169; 13; 0; 0; 0,996672130054081; 0,996672130054081; 1; 0; 1; 0
3185; 18; 0; 0; 0,998775170201442; 0,998775170201442; 1; 0; 1; 0
3212; 23; 0; 0; 0,999472316155024; 0,999472316155024; 1; 0; 1; 0
3214; 2; 1; 1; 0,578889913767193; 0,578889913767193; 0; 0; 0,332132797202093; 0,667867202797907
3220; 10; 0; 0; 0,990596947310023; 0,990596947310023; 1; 0; 1; 0
3229; 18; 0; 0; 0,998325163709309; 0,998325163709309; 1; 0; 1; 0
3252; 19; 0; 0; 0,998524969763484; 0,998524969763484; 1; 0; 1; 0
3321; 16; 0; 0; 0,466292011650709; 0,466292011650709; 1; 0; 1; 0
3323; 19; 0; 0; 0,208296248073188; 0,208296248073188; 1; 0; 1; 0
3325; 10; 0; 0; 0,995689674698294; 0,995689674698294; 1; 0; 1; 0
3332; 10; 0; 0; 1; 1; 1; 0; 1; 0
3336; 2; 1; 1; 0,918899113101449; 0,918899113101449; 0; 0; 0,3333415426568; 0,6666584573432
3345; 13; 0; 0; 0,999931888806135; 0,999931888806135; 1; 0; 1; 0
3347; 19; 0; 0; 0,999314319299338; 0,999314319299338; 1; 0; 1; 0
3354; 19; 0; 0; 0,999431672742842; 0,999431672742842; 1; 0; 1; 0
3369; 10; 0; 0; 0,92011484650983; 0,92011484650983; 1; 0; 1; 0
3395; 23; 0; 0; 0,903956086103067; 0,903956086103067; 1; 0; 1; 0
3402; 19; 0; 0; 0,22523930148339; 0,22523930148339; 1; 0; 1; 0
3414; 19; 0; 0; 0,999926184514576; 0,999926184514576; 1; 0; 1; 0
3420; 19; 0; 0; 0,664025413522882; 0,664025413522882; 1; 0; 1; 0
3440; 19; 0; 0; 0,573386655228913; 0,573386655228913; 1; 0; 1; 0
3465; 2; 1; 1; 0,538572714383381; 0,538572714383381; 0; 0; 0,249209571837016; 0,750790428162984
3472; 18; 0; 0; 0,989985473908583; 0,989985473908583; 1; 0; 1; 0
3477; 13; 0; 0; 1; 1; 1; 0; 1; 0
3492; 160; 0; 0; 0,911166224408365; 0,911166224408365; 1; 0; 1; 0
3539; 19; 0; 0; 0,980444148971153; 0,980444148971153; 1; 0; 1; 0
3570; 20; 0; 0; 0,998734864511585; 0,998734864511585; 1; 0; 1; 0
3573; 2; 0; 0; 0,966155045682972; 0,966155045682972; 1; 0; 1; 0
3589; 10; 0; 0; 0,943278577188417; 0,943278577188417; 1; 0; 1; 0
3594; 19; 0; 0; 0,982757600783644; 0,982757600783644; 1; 0; 1; 0
3600; 19; 0; 0; 0,986420721940145; 0,986420721940145; 1; 0; 1; 0
3676; 18; 0; 0; 0,992968399656571; 0,992968399656571; 1; 0; 1; 0
3843; 16; 0; 0; 0,999622940559955; 0,999622940559955; 1; 0; 1; 0
3846; 20; 0; 0; 0,890736343865344; 0,890736343865344; 1; 0; 1; 0
3875; 10; 0; 0; 0,999931147625208; 0,999931147625208; 1; 0; 1; 0
3902; 19; 0; 0; 0,661228283874528; 0,661228283874528; 1; 0; 1; 0
3926; 2; 0; 0; 0,999443864284277; 0,999443864284277; 1; 0; 1; 0
3954; 19; 0; 0; 0,355854107553774; 0,355854107553774; 1; 0; 1; 0
3958; 19; 0; 0; 0,259824031187679; 0,259824031187679; 1; 0; 1; 0
3968; 18; 0; 0; 0,999345024938977; 0,999345024938977; 1; 0; 1; 0
3970; 10; 0; 0; 0,840825841415213; 0,840825841415213; 1; 0; 1; 0
3972; 10; 0; 0; 0,936267731141659; 0,936267731141659; 1; 0; 1; 0
3984; 10; 0; 0; 0,993407141186476; 0,993407141186476; 1; 0; 1; 0
3997; 10; 0; 0; 0,9510133623694; 0,9510133623694; 1; 0; 1; 0
4003; 10; 0; 0; 1; 1; 1; 0; 1; 0
4013; 10; 3; 0; 0,262689935651016; 0,222580112362829; 1; 0; 1; 0
4029; 2; 0; 0; 0,999968579002862; 0,999968579002862; 1; 0; 1; 0
4034; 2; 0; 0; 0,590931362376932; 0,590931362376932; 1; 0; 1; 0
4044; 13; 0; 0; 0,911839433339494; 0,911839433339494; 1; 0; 1; 0
4049; 10; 0; 0; 0,9996295008184; 0,9996295008184; 1; 0; 1; 0
4055; 20; 0; 0; 0,999813623569274; 0,999813623569274; 1; 0; 1; 0
4069; 10; 0; 0; 1; 1; 1; 0; 1; 0
4083; 19; 0; 0; 0,942022492474127; 0,942022492474127; 1; 0; 1; 0
4106; 20; 0; 0; 0,999976335865074; 0,999976335865074; 1; 0; 1; 0
4124; 18; 0; 0; 0,986380758940742; 0,986380758940742; 1; 0; 1; 0
4125; 10; 0; 0; 0,858350984950879; 0,858350984950879; 1; 0; 1; 0
4128; 10; 0; 0; 0,952962930627149; 0,952962930627149; 1; 0; 1; 0
4129; 19; 0; 0; 0,957301958229773; 0,957301958229773; 1; 0; 1; 0
4136; 19; 0; 0; 0,734960769266176; 0,734960769266176; 1; 0; 1; 0
4144; 10; 0; 0; 1; 1; 1; 0; 1; 0
4147; 10; 0; 0; 1; 1; 1; 0; 1; 0
4166; 19; 0; 0; 0,735279133841207; 0,735279133841207; 1; 0; 1; 0
4186; 19; 0; 0; 0,932597765190811; 0,932597765190811; 1; 0; 1; 0
4193; 16; 0; 0; 0,999694615337491; 0,999694615337491; 1; 0; 1; 0
4208; 10; 0; 0; 0,999800331276801; 0,999800331276801; 1; 0; 1; 0
4214; 18; 0; 0; 0,99618841920931; 0,99618841920931; 1; 0; 1; 0
4223; 23; 0; 0; 0,635713297906439; 0,635713297906439; 1; 0; 1; 0
4225; 2; 1; 1; 0,795909366513103; 0,795909366513103; 0; 0; 0,499662038165893; 0,500337961834107
4234; 2; 0; 0; 1; 1; 1; 0; 1; 0
4238; 16; 0; 0; 0,86051265356383; 0,86051265356383; 1; 0; 1; 0
4273; 10; 0; 0; 0,958376837344426; 0,958376837344426; 1; 0; 1; 0
4278; 10; 0; 0; 0,998691210244096; 0,998691210244096; 1; 0; 1; 0
4293; 3; 1; 1; 0,806553890997394; 0,806553890997394; 0; 1; 0; 1
4311; 10; 0; 0; 0,296543164486009; 0,296543164486009; 1; 0; 1; 0
4316; 23; 0; 0; 0,995822178124523; 0,995822178124523; 1; 0; 1; 0
4317; 20; 0; 0; 0,964019582580558; 0,964019582580558; 1; 0; 1; 0
4331; 19; 0; 0; 0,962433897009419; 0,962433897009419; 1; 0; 1; 0
4335; 16; 0; 0; 0,999498039222905; 0,999498039222905; 1; 0; 1; 0
4351; 21; 0; 0; 0,19138803173659; 0,19138803173659; 1; 0; 1; 0
4354; 2; 0; 0; 1; 1; 1; 0; 1; 0
4355; 3; 2; 1; 0,35441379376981; 0,301329676910257; 0; 0; 0,499766539309253; 0,500233460690747
4392; 2; 0; 1; 0,657829459072359; 0,342170540927641; 0; 0; 0,500256624585928; 0,499743375414072
4415; 10; 3; 0; 0,26839226072671; 0,25268907834872; 1; 0; 1; 0
4427; 10; 0; 0; 0,99886512095728; 0,99886512095728; 1; 0; 1; 0
4434; 10; 0; 0; 0,318963627317233; 0,318963627317233; 1; 0; 1; 0
4436; 19; 0; 0; 0,996275474424848; 0,996275474424848; 1; 0; 1; 0
4457; 2; 0; 0; 1; 1; 1; 0; 1; 0
4486; 10; 0; 0; 0,97213457560257; 0,97213457560257; 1; 0; 1; 0
4488; 20; 0; 0; 0,999982318542372; 0,999982318542372; 1; 0; 1; 0
4510; 20; 0; 0; 0,999995531478322; 0,999995531478322; 1; 0; 1; 0
4512; 10; 0; 0; 0,99281783562079; 0,99281783562079; 1; 0; 1; 0
4543; 10; 0; 0; 0,994635336649227; 0,994635336649227; 1; 0; 1; 0
4562; 13; 0; 0; 0,999771643737354; 0,999771643737354; 1; 0; 1; 0
4577; 10; 0; 0; 0,993121382872453; 0,993121382872453; 1; 0; 1; 0
4590; 2; 1; 0; 0,749210100830639; 0,250789899169361; 1; 0; 1; 0
4592; 10; 0; 0; 0,955393535278674; 0,955393535278674; 1; 0; 1; 0
4595; 10; 0; 0; 1; 1; 1; 0; 1; 0
4598; 19; 0; 0; 0,998882384829475; 0,998882384829475; 1; 0; 1; 0
4601; 10; 0; 0; 0,994017078587175; 0,994017078587175; 1; 0; 1; 0
4621; 19; 0; 0; 0,997814579661362; 0,997814579661362; 1; 0; 1; 0
4622; 10; 0; 0; 1; 1; 1; 0; 1; 0
4627; 13; 0; 0; 0,989205324714212; 0,989205324714212; 1; 0; 1; 0
4628; 10; 0; 0; 1; 1; 1; 0; 1; 0
4666; 10; 0; 0; 0,672262419038911; 0,672262419038911; 1; 0; 1; 0
4704; 18; 0; 0; 1; 1; 1; 0; 1; 0
4706; 2; 0; 0; 1; 1; 1; 0; 1; 0
4747; 10; 0; 0; 0,972239368476089; 0,972239368476089; 1; 0; 1; 0
4755; 2; 0; 0; 0,527288587526612; 0,527288587526612; 1; 0; 1; 0
4758; 2; 1; 0; 0,686144163655432; 0,313855836344568; 1; 0; 1; 0
4783; 2; 0; 0; 1; 1; 1; 0; 1; 0
4793; 2; 0; 0; 0,99985698836738; 0,99985698836738; 1; 0; 1; 0
4812; 16; 0; 0; 1; 1; 1; 0; 1; 0
4824; 19; 0; 0; 0,939926464847314; 0,939926464847314; 1; 0; 1; 0
4859; 18; 0; 0; 0,977841182896916; 0,977841182896916; 1; 0; 1; 0
4863; 10; 0; 0; 1; 1; 1; 0; 1; 0
4881; 19; 0; 0; 0,505105118646156; 0,505105118646156; 1; 0; 1; 0
4914; 20; 0; 0; 0,998613509966411; 0,998613509966411; 1; 0; 1; 0
4916; 10; 0; 0; 0,999339725261644; 0,999339725261644; 1; 0; 1; 0
4924; 16; 0; 0; 0,707249848140588; 0,707249848140588; 1; 0; 1; 0
4927; 2; 0; 0; 0,894073318319321; 0,894073318319321; 1; 0; 1; 0
4932; 2; 0; 0; 0,991076357045822; 0,991076357045822; 1; 0; 1; 0
4936; 19; 0; 0; 1; 1; 1; 0; 1; 0
4952; 10; 0; 0; 0,991313977786163; 0,991313977786163; 1; 0; 1; 0
4968; 10; 0; 0; 0,999780415520917; 0,999780415520917; 1; 0; 1; 0
4970; 10; 0; 0; 0,909769525890257; 0,909769525890257; 1; 0; 1; 0
5018; 19; 0; 0; 1; 1; 1; 0; 1; 0
5049; 19; 0; 0; 0,570474356541969; 0,570474356541969; 1; 0; 1; 0
5067; 10; 0; 0; 0,63444703030713; 0,63444703030713; 1; 0; 1; 0
5077; 23; 0; 0; 0,959859026044018; 0,959859026044018; 1; 0; 1; 0
5140; 2; 1; 0; 0,594399197368036; 0,405600802631964; 1; 0; 1; 0
5144; 10; 0; 0; 0,961977071309398; 0,961977071309398; 1; 0; 1; 0
5157; 2; 0; 0; 0,895380640209011; 0,895380640209011; 1; 0; 1; 0
5176; 19; 0; 0; 0,982977932942315; 0,982977932942315; 1; 0; 1; 0
5192; 10; 0; 0; 0,924119610471277; 0,924119610471277; 1; 0; 1; 0
5275; 10; 0; 0; 0,929847850399227; 0,929847850399227; 1; 0; 1; 0
5277; 18; 0; 0; 0,989715287489034; 0,989715287489034; 1; 0; 1; 0
5279; 19; 0; 0; 0,522688688811167; 0,522688688811167; 1; 0; 1; 0
5281; 10; 0; 0; 0,886894009165534; 0,886894009165534; 1; 0; 1; 0
5302; 361; 0; 0; 0,589383618993975; 0,589383618993975; 1; 0; 1; 0
5306; 2; 0; 0; 0,999252565158435; 0,999252565158435; 1; 0; 1; 0
5335; 16; 0; 0; 0,95348136367382; 0,95348136367382; 1; 0; 1; 0
5344; 18; 0; 0; 0,995157992544656; 0,995157992544656; 1; 0; 1; 0
5358; 16; 0; 0; 0,987858222033725; 0,987858222033725; 1; 0; 1; 0
5359; 16; 0; 0; 0,983314366721733; 0,983314366721733; 1; 0; 1; 0
5370; 10; 0; 0; 0,990954084703204; 0,990954084703204; 1; 0; 1; 0
5375; 16; 0; 0; 0,872389380808117; 0,872389380808117; 1; 0; 1; 0
5397; 16; 0; 0; 0,851068853086716; 0,851068853086716; 1; 0; 1; 0
5402; 13; 0; 0; 1; 1; 1; 0; 1; 0
5413; 18; 0; 0; 0,974787446055919; 0,974787446055919; 1; 0; 1; 0
5440; 19; 0; 0; 1; 1; 1; 0; 1; 0
5452; 19; 0; 0; 0,872611134987881; 0,872611134987881; 1; 0; 1; 0
5464; 16; 0; 0; 0,838512906524014; 0,838512906524014; 1; 0; 1; 0
5495; 16; 0; 0; 0,841953855858519; 0,841953855858519; 1; 0; 1; 0
5518; 2; 0; 0; 0,995625821823066; 0,995625821823066; 1; 0; 1; 0
5533; 2; 1; 0; 0,52703430426295; 0,47296569573705; 1; 0; 1; 0
5548; 19; 0; 0; 0,98438617491156; 0,98438617491156; 1; 0; 1; 0
5564; 10; 0; 0; 0,998767950522636; 0,998767950522636; 1; 0; 1; 0
5569; 10; 0; 0; 0,885059875592841; 0,885059875592841; 1; 0; 1; 0
5591; 2; 1; 0; 0,964312434142165; 0,0356875658578354; 1; 0; 1; 0
5601; 19; 0; 0; 0,242490311501049; 0,242490311501049; 1; 0; 1; 0
5659; 19; 0; 0; 0,987670524045893; 0,987670524045893; 1; 0; 1; 0
5691; 13; 0; 0; 0,999662073350583; 0,999662073350583; 1; 0; 1; 0
5692; 10; 0; 0; 0,895825568355805; 0,895825568355805; 1; 0; 1; 0
5716; 16; 0; 0; 0,652603754493967; 0,652603754493967; 1; 0; 1; 0
5725; 2; 0; 0; 0,938346705969983; 0,938346705969983; 1; 0; 1; 0
5732; 10; 0; 0; 0,742572015531069; 0,742572015531069; 1; 0; 1; 0
5735; 10; 0; 0; 0,999745233464744; 0,999745233464744; 1; 0; 1; 0
5747; 342; 0; 0; 0,976021463360852; 0,976021463360852; 1; 0; 1; 0
5783; 10; 0; 0; 0,648727853666846; 0,648727853666846; 1; 0; 1; 0
5788; 20; 0; 0; 0,591279568089552; 0,591279568089552; 1; 0; 1; 0
5798; 16; 0; 0; 0,989665665452804; 0,989665665452804; 1; 0; 1; 0
5804; 2; 0; 0; 0,670623869070684; 0,670623869070684; 1; 0; 1; 0
5827; 19; 0; 0; 0,999789368597228; 0,999789368597228; 1; 0; 1; 0
5874; 3; 0; 0; 0,918533835852775; 0,918533835852775; 1; 0; 1; 0
5876; 3; 0; 0; 0,928556930656259; 0,928556930656259; 1; 0; 1; 0
5885; 16; 0; 0; 0,964195489109025; 0,964195489109025; 1; 0; 1; 0
5888; 10; 0; 0; 0,988468082176568; 0,988468082176568; 1; 0; 1; 0
5910; 19; 0; 0; 0,927857777480039; 0,927857777480039; 1; 0; 1; 0
5925; 10; 0; 0; 0,997877190293772; 0,997877190293772; 1; 0; 1; 0
5932; 18; 0; 0; 0,96894771198061; 0,96894771198061; 1; 0; 1; 0
5937; 10; 0; 0; 0,771662572878967; 0,771662572878967; 1; 0; 1; 0
5951; 10; 0; 0; 1; 1; 1; 0; 1; 0
5960; 10; 0; 0; 0,841058616467769; 0,841058616467769; 1; 0; 1; 0
5980; 18; 0; 0; 0,892034101980868; 0,892034101980868; 1; 0; 1; 0
5984; 2; 0; 1; 0,50489899322145; 0,49510100677855; 0; 0; 0,33305199406266; 0,66694800593734
6007; 10; 0; 0; 0,999963705066458; 0,999963705066458; 1; 0; 1; 0
6032; 18; 0; 0; 0,973501785520585; 0,973501785520585; 1; 0; 1; 0
6042; 19; 0; 0; 0,999954816440213; 0,999954816440213; 1; 0; 1; 0
6048; 10; 0; 0; 0,998623612929598; 0,998623612929598; 1; 0; 1; 0
6054; 10; 0; 0; 0,999903100071881; 0,999903100071881; 1; 0; 1; 0
6061; 2; 0; 0; 0,921643856943785; 0,921643856943785; 1; 0; 1; 0
6062; 19; 0; 0; 0,995499172144961; 0,995499172144961; 1; 0; 1; 0
6076; 2; 0; 1; 0,519370144546646; 0,480629855453354; 0; 1; 0; 1
6094; 2; 0; 0; 0,999914146109739; 0,999914146109739; 1; 0; 1; 0
6096; 19; 0; 0; 0,887689240872826; 0,887689240872826; 1; 0; 1; 0
6108; 10; 0; 0; 0,840591640307501; 0,840591640307501; 1; 0; 1; 0
6112; 10; 0; 0; 0,998160966932536; 0,998160966932536; 1; 0; 1; 0
6118; 10; 0; 0; 0,944931207409098; 0,944931207409098; 1; 0; 1; 0
6130; 10; 0; 0; 0,976371421728625; 0,976371421728625; 1; 0; 1; 0
6137; 20; 0; 0; 0,641721872022237; 0,641721872022237; 1; 0; 1; 0
6169; 20; 0; 0; 0,472553731230647; 0,472553731230647; 1; 0; 1; 0
6174; 19; 0; 0; 0,299931914141149; 0,299931914141149; 1; 0; 1; 0
6206; 10; 0; 0; 0,999994664925927; 0,999994664925927; 1; 0; 1; 0
6209; 19; 0; 0; 0,319819374436014; 0,319819374436014; 1; 0; 1; 0
6224; 18; 0; 0; 0,981173099635972; 0,981173099635972; 1; 0; 1; 0
6227; 13; 0; 0; 1; 1; 1; 0; 1; 0
6243; 13; 0; 0; 1; 1; 1; 0; 1; 0
6244; 19; 0; 0; 0,261333820542644; 0,261333820542644; 1; 0; 1; 0
6246; 16; 0; 0; 0,949035702388802; 0,949035702388802; 1; 0; 1; 0
6280; 10; 0; 0; 0,859826197305468; 0,859826197305468; 1; 0; 1; 0
6288; 16; 0; 0; 0,965620718911293; 0,965620718911293; 1; 0; 1; 0
6296; 16; 0; 0; 0,676864098974824; 0,676864098974824; 1; 0; 1; 0
6334; 2; 0; 0; 0,981843118804928; 0,981843118804928; 1; 0; 1; 0
6341; 10; 0; 0; 0,999794745337541; 0,999794745337541; 1; 0; 1; 0
6343; 10; 0; 0; 0,999326651640232; 0,999326651640232; 1; 0; 1; 0
6344; 13; 0; 0; 1; 1; 1; 0; 1; 0
6346; 200; 0; 0; 0,523154779671961; 0,523154779671961; 1; 0; 1; 0
6370; 2; 1; 0; 0,795772586365205; 0,204227413634795; 1; 0; 1; 0
6371; 20; 0; 0; 0,938302265146049; 0,938302265146049; 1; 0; 1; 0
6379; 2; 1; 0; 0,582660771940651; 0,417339228059349; 1; 0; 1; 0
6381; 10; 0; 0; 1; 1; 1; 0; 1; 0
6389; 2; 1; 0; 0,998659181277146; 0,00134081872285411; 1; 0; 1; 0
6398; 2; 1; 0; 0,541542409316593; 0,458457590683407; 1; 0; 1; 0
6408; 10; 0; 0; 0,998955964342688; 0,998955964342688; 1; 0; 1; 0
6444; 10; 0; 0; 0,994574018489777; 0,994574018489777; 1; 0; 1; 0
6463; 20; 0; 0; 0,967560574480267; 0,967560574480267; 1; 0; 1; 0
6503; 10; 0; 0; 0,701662887090116; 0,701662887090116; 1; 0; 1; 0
6507; 23; 0; 0; 0,994658527158327; 0,994658527158327; 1; 0; 1; 0
6534; 10; 0; 0; 1; 1; 1; 0; 1; 0
6594; 10; 0; 0; 0,992610778390282; 0,992610778390282; 1; 0; 1; 0
6644; 19; 6; 0; 0,223149653804762; 0,170486056794471; 1; 0; 1; 0
6678; 342; 0; 0; 0,856008273879521; 0,856008273879521; 1; 0; 1; 0
6718; 10; 0; 0; 0,998357805388273; 0,998357805388273; 1; 0; 1; 0
6724; 16; 2; 0; 0,239913254284251; 0,230214360912753; 1; 0; 1; 0
6727; 20; 0; 0; 0,990059508110345; 0,990059508110345; 1; 0; 1; 0
6739; 10; 0; 0; 0,836061299627856; 0,836061299627856; 1; 0; 1; 0
6749; 10; 0; 0; 0,688364400934342; 0,688364400934342; 1; 0; 1; 0
6752; 10; 0; 0; 0,802482902379623; 0,802482902379623; 1; 0; 1; 0
6774; 10; 0; 0; 0,86301810282621; 0,86301810282621; 1; 0; 1; 0
6782; 10; 0; 0; 0,681770202100553; 0,681770202100553; 1; 0; 1; 0
6804; 18; 0; 0; 0,725092825900667; 0,725092825900667; 1; 0; 1; 0
6812; 19; 0; 0; 0,93190783044546; 0,93190783044546; 1; 0; 1; 0
6826; 2; 0; 0; 0,894073318319321; 0,894073318319321; 1; 0; 1; 0
6836; 10; 0; 0; 0,929695754679755; 0,929695754679755; 1; 0; 1; 0
6837; 10; 0; 0; 0,992551997405743; 0,992551997405743; 1; 0; 1; 0
6863; 19; 0; 0; 0,977317885084799; 0,977317885084799; 1; 0; 1; 0
6877; 20; 0; 0; 0,998778562283624; 0,998778562283624; 1; 0; 1; 0
6889; 19; 0; 0; 0,662143927941601; 0,662143927941601; 1; 0; 1; 0
6900; 10; 0; 0; 0,430056776432123; 0,430056776432123; 1; 0; 1; 0
6907; 18; 0; 0; 0,962595220910969; 0,962595220910969; 1; 0; 1; 0
6909; 18; 0; 0; 0,948750610809693; 0,948750610809693; 1; 0; 1; 0
6916; 19; 5; 0; 0,289632934905958; 0,191853893324127; 1; 0; 1; 0
6923; 18; 0; 0; 0,804274518900686; 0,804274518900686; 1; 0; 1; 0
6934; 10; 0; 0; 1; 1; 1; 0; 1; 0
6956; 10; 0; 0; 0,427257488488143; 0,427257488488143; 1; 0; 1; 0
6963; 19; 0; 0; 0,884224764878932; 0,884224764878932; 1; 0; 1; 0
6966; 10; 0; 0; 0,784745117838273; 0,784745117838273; 1; 0; 1; 0
6967; 20; 0; 0; 0,749425527950002; 0,749425527950002; 1; 0; 1; 0
6976; 3; 0; 0; 0,701978708362732; 0,701978708362732; 1; 0; 1; 0
6990; 15; 0; 0; 0,892775432463378; 0,892775432463378; 1; 0; 1; 0
7040; 10; 0; 0; 0,978908427125203; 0,978908427125203; 1; 0; 1; 0
7041; 16; 0; 0; 0,76181180004378; 0,76181180004378; 1; 0; 1; 0
7046; 10; 0; 0; 0,973927416379215; 0,973927416379215; 1; 0; 1; 0
7047; 16; 0; 0; 0,761811809843216; 0,761811809843216; 1; 0; 1; 0
7049; 10; 0; 0; 0,998158312090864; 0,998158312090864; 1; 0; 1; 0
7056; 16; 0; 0; 0,763627517685891; 0,763627517685891; 1; 0; 1; 0
7059; 19; 0; 0; 0,924210471181061; 0,924210471181061; 1; 0; 1; 0
7065; 18; 0; 0; 0,657215599719652; 0,657215599719652; 1; 0; 1; 0
7090; 2; 1; 1; 0,848973787140931; 0,848973787140931; 0; 1; 0; 1
7092; 13; 0; 0; 0,992359280579987; 0,992359280579987; 1; 0; 1; 0
7095; 10; 0; 0; 0,945933915910275; 0,945933915910275; 1; 0; 1; 0
7111; 19; 0; 0; 0,822460914476678; 0,822460914476678; 1; 0; 1; 0
7114; 2; 1; 0; 0,945139756871622; 0,0548602431283777; 1; 0; 1; 0
7120; 21; 0; 0; 0,962798779061571; 0,962798779061571; 1; 0; 1; 0
7128; 16; 0; 0; 0,377781537188534; 0,377781537188534; 1; 0; 1; 0
7141; 23; 0; 0; 0,931846502124626; 0,931846502124626; 1; 0; 1; 0
7143; 16; 0; 0; 0,825624013012576; 0,825624013012576; 1; 0; 1; 0
7151; 18; 0; 0; 0,943519458616354; 0,943519458616354; 1; 0; 1; 0
7168; 16; 0; 0; 0,762268759382701; 0,762268759382701; 1; 0; 1; 0
7175; 10; 0; 0; 1; 1; 1; 0; 1; 0
7200; 10; 0; 0; 0,744552884310852; 0,744552884310852; 1; 0; 1; 0
7213; 13; 0; 0; 1; 1; 1; 0; 1; 0
7262; 10; 0; 0; 0,995650970124383; 0,995650970124383; 1; 0; 1; 0
7270; 15; 0; 0; 0,227900664615247; 0,227900664615247; 1; 0; 1; 0
7278; 18; 0; 0; 0,998726613588403; 0,998726613588403; 1; 0; 1; 0
7279; 20; 0; 0; 0,910605276516599; 0,910605276516599; 1; 0; 1; 0
7283; 3; 0; 0; 0,969048268328192; 0,969048268328192; 1; 0; 1; 0
7287; 2; 1; 0; 0,979339224499637; 0,0206607755003629; 1; 0; 1; 0
7318; 19; 3; 0; 0,253607270871475; 0,105453872814028; 1; 0; 1; 0
7332; 10; 0; 0; 1; 1; 1; 0; 1; 0
7335; 10; 0; 0; 0,709735783624106; 0,709735783624106; 1; 0; 1; 0
7345; 19; 0; 0; 0,98169086922632; 0,98169086922632; 1; 0; 1; 0
7352; 19; 0; 0; 0,935323041078645; 0,935323041078645; 1; 0; 1; 0
7366; 2; 1; 0; 0,947710846839592; 0,0522891531604082; 1; 0; 1; 0
7395; 10; 2; 0; 0,338319057822733; 0,0303858201809479; 1; 0; 1; 0
7418; 15; 0; 0; 0,618655203112752; 0,618655203112752; 1; 0; 1; 0
7437; 10; 0; 0; 0,937939034732425; 0,937939034732425; 1; 0; 1; 0
7449; 10; 0; 0; 0,930150669324359; 0,930150669324359; 1; 0; 1; 0
7450; 19; 0; 0; 0,872949513299965; 0,872949513299965; 1; 0; 1; 0
7471; 23; 0; 0; 0,941856125703444; 0,941856125703444; 1; 0; 1; 0
7475; 18; 0; 0; 0,96869951857782; 0,96869951857782; 1; 0; 1; 0
7476; 18; 0; 0; 0,380757811866593; 0,380757811866593; 1; 0; 1; 0
7492; 2; 1; 0; 0,967035815186928; 0,0329641848130723; 1; 0; 1; 0
7495; 2; 0; 0; 0,604502127632859; 0,604502127632859; 1; 0; 1; 0
7497; 19; 0; 0; 0,999332158899193; 0,999332158899193; 1; 0; 1; 0
7517; 15; 0; 0; 0,633597127281806; 0,633597127281806; 1; 0; 1; 0
7522; 16; 0; 0; 0,809957886102766; 0,809957886102766; 1; 0; 1; 0
7533; 19; 0; 0; 0,499758179424123; 0,499758179424123; 1; 0; 1; 0
7552; 10; 0; 0; 1; 1; 1; 0; 1; 0
7564; 16; 0; 0; 0,76181181798745; 0,76181181798745; 1; 0; 1; 0
7571; 18; 0; 0; 0,978982035716043; 0,978982035716043; 1; 0; 1; 0
7576; 10; 0; 0; 0,905533118793254; 0,905533118793254; 1; 0; 1; 0
7580; 10; 0; 0; 1; 1; 1; 0; 1; 0
7582; 10; 5; 0; 0,243116297059119; 0,227314544003924; 1; 0; 1; 0
7584; 2; 0; 0; 0,88856799932853; 0,88856799932853; 1; 0; 1; 0
7597; 16; 0; 0; 0,775156394274747; 0,775156394274747; 1; 0; 1; 0
7657; 13; 0; 0; 1; 1; 1; 0; 1; 0
7662; 342; 3; 0; 0,151049886828653; 0,100992384259335; 1; 0; 1; 0
7668; 20; 0; 0; 0,443805459044918; 0,443805459044918; 1; 0; 1; 0
7680; 19; 3; 0; 0,259702695023702; 0,20565230538471; 1; 0; 1; 0
7684; 18; 0; 0; 0,987938156649037; 0,987938156649037; 1; 0; 1; 0
7692; 2; 0; 0; 0,778858142941378; 0,778858142941378; 1; 0; 1; 0
7703; 16; 0; 0; 0,868077079611751; 0,868077079611751; 1; 0; 1; 0
7710; 2; 0; 1; 0,562153524575205; 0,437846475424795; 0; 0; 0,333995352560381; 0,66600464743962
7724; 10; 3; 0; 0,330466330203533; 0,310438084429972; 1; 0; 1; 0
7739; 10; 0; 0; 0,977210609428604; 0,977210609428604; 1; 0; 1; 0
7766; 10; 1; 0; 0,375011017390154; 0,305951396633118; 1; 0; 1; 0
7787; 10; 0; 0; 0,997793648973562; 0,997793648973562; 1; 0; 1; 0
7807; 16; 0; 0; 0,969085940554838; 0,969085940554838; 1; 0; 1; 0
7815; 19; 0; 0; 0,889896882500213; 0,889896882500213; 1; 0; 1; 0
7820; 19; 0; 0; 0,962954334040364; 0,962954334040364; 1; 0; 1; 0
7841; 10; 0; 0; 0,998013415623473; 0,998013415623473; 1; 0; 1; 0
7843; 2; 0; 0; 0,628677908379415; 0,628677908379415; 1; 0; 1; 0
7869; 19; 0; 0; 0,849098261657011; 0,849098261657011; 1; 0; 1; 0
7875; 19; 0; 0; 0,498918186092613; 0,498918186092613; 1; 0; 1; 0
7886; 2; 0; 0; 0,945469211496645; 0,945469211496645; 1; 0; 1; 0
7891; 10; 0; 0; 0,993840895962793; 0,993840895962793; 1; 0; 1; 0
7904; 18; 0; 0; 0,289144797748667; 0,289144797748667; 1; 0; 1; 0
7935; 19; 2; 0; 0,284887985872711; 0,0226706749535156; 1; 0; 1; 0
7937; 19; 0; 0; 0,991953079969988; 0,991953079969988; 1; 0; 1; 0
7939; 2; 1; 0; 1; 0; 1; 0; 1; 0
7983; 19; 0; 0; 0,767959339142051; 0,767959339142051; 1; 0; 1; 0
7989; 10; 0; 0; 0,39196335356591; 0,39196335356591; 1; 0; 1; 0
8005; 10; 0; 0; 0,867745139932335; 0,867745139932335; 1; 0; 1; 0
8007; 13; 0; 0; 0,960600280250632; 0,960600280250632; 1; 0; 1; 0
8040; 10; 0; 0; 0,989333040674217; 0,989333040674217; 1; 0; 1; 0
8050; 19; 0; 0; 0,986324939326862; 0,986324939326862; 1; 0; 1; 0
8072; 10; 0; 0; 0,830030226551546; 0,830030226551546; 1; 0; 1; 0
8075; 16; 0; 0; 0,841993415980454; 0,841993415980454; 1; 0; 1; 0
8084; 10; 0; 0; 1; 1; 1; 0; 1; 0
8096; 18; 0; 0; 0,449516745394333; 0,449516745394333; 1; 0; 1; 0
8197; 15; 3; 0; 0,21455457829021; 0; 1; 0; 1; 0
8214; 18; 0; 0; 0,377639452752059; 0,377639452752059; 1; 0; 1; 0
8224; 16; 0; 0; 0,917522900851439; 0,917522900851439; 1; 0; 1; 0
8227; 19; 0; 0; 0,812841602687309; 0,812841602687309; 1; 0; 1; 0
8245; 16; 0; 0; 0,334670695639322; 0,334670695639322; 1; 0; 1; 0
8263; 16; 0; 0; 0,32012318375003; 0,32012318375003; 1; 0; 1; 0
8290; 10; 0; 0; 0,997385445074551; 0,997385445074551; 1; 0; 1; 0
8296; 19; 0; 0; 0,992131960176238; 0,992131960176238; 1; 0; 1; 0
8304; 16; 0; 0; 0,487095683781366; 0,487095683781366; 1; 0; 1; 0
8309; 13; 0; 0; 0,997288190315727; 0,997288190315727; 1; 0; 1; 0
8359; 19; 0; 0; 0,999217641099588; 0,999217641099588; 1; 0; 1; 0
8361; 20; 5; 0; 0,157944696310243; 0,0961391920090545; 1; 0; 1; 0
8373; 10; 0; 0; 0,988485441015072; 0,988485441015072; 1; 0; 1; 0
8375; 10; 0; 0; 0,384196834706592; 0,384196834706592; 1; 0; 1; 0
8381; 10; 0; 0; 1; 1; 1; 0; 1; 0
8400; 2; 1; 0; 0,961317206941129; 0,0386827930588707; 1; 0; 1; 0
8403; 2; 1; 0; 0,958414752561255; 0,0415852474387454; 1; 0; 1; 0
8413; 10; 0; 0; 0,997921212205452; 0,997921212205452; 1; 0; 1; 0
8419; 2; 0; 0; 0,914085311001433; 0,914085311001433; 1; 0; 1; 0
8436; 19; 0; 0; 1; 1; 1; 0; 1; 0
8445; 20; 0; 0; 0,992747013717115; 0,992747013717115; 1; 0; 1; 0
8451; 19; 2; 0; 0,490245621979739; 0,276548696063905; 1; 0; 1; 0
8452; 2; 0; 0; 0,96719517050063; 0,96719517050063; 1; 0; 1; 0
8456; 19; 0; 0; 0,298125676822128; 0,298125676822128; 1; 0; 1; 0
8463; 2; 0; 0; 0,999997513676462; 0,999997513676462; 1; 0; 1; 0
8464; 10; 0; 0; 0,998849979552864; 0,998849979552864; 1; 0; 1; 0
8489; 10; 0; 0; 0,999753806169014; 0,999753806169014; 1; 0; 1; 0
8496; 2; 0; 0; 1; 1; 1; 0; 1; 0
8530; 19; 0; 0; 0,999716643181992; 0,999716643181992; 1; 0; 1; 0
8534; 16; 0; 0; 0,807498124475835; 0,807498124475835; 1; 0; 1; 0
8537; 10; 0; 0; 0,542058224892955; 0,542058224892955; 1; 0; 1; 0
8540; 18; 0; 0; 0,909397610750285; 0,909397610750285; 1; 0; 1; 0
8545; 10; 0; 0; 0,934313883873897; 0,934313883873897; 1; 0; 1; 0
8565; 3; 2; 2; 0,431395523481898; 0,431395523481898; 0; 0; 0,249836158183357; 0,750163841816643
8578; 19; 0; 0; 0,277084774974507; 0,277084774974507; 1; 0; 1; 0
8596; 10; 0; 0; 0,719862336958817; 0,719862336958817; 1; 0; 1; 0
8600; 10; 0; 0; 0,986480751262573; 0,986480751262573; 1; 0; 1; 0
8608; 19; 0; 0; 0,998654750847319; 0,998654750847319; 1; 0; 1; 0
8609; 10; 0; 0; 0,966334895853976; 0,966334895853976; 1; 0; 1; 0
8614; 21; 0; 0; 0,995743811094705; 0,995743811094705; 1; 0; 1; 0
8623; 10; 0; 0; 0,966660654561894; 0,966660654561894; 1; 0; 1; 0
8634; 20; 0; 0; 0,8714413707524; 0,8714413707524; 1; 0; 1; 0
8642; 15; 0; 0; 0,750533226183145; 0,750533226183145; 1; 0; 1; 0
8661; 16; 0; 0; 0,952604388297136; 0,952604388297136; 1; 0; 1; 0
8669; 16; 0; 0; 0,870397593146414; 0,870397593146414; 1; 0; 1; 0
8674; 19; 0; 0; 0,987390530141033; 0,987390530141033; 1; 0; 1; 0
8700; 21; 0; 0; 0,999777446027532; 0,999777446027532; 1; 0; 1; 0
8703; 2; 0; 0; 0,890460121470008; 0,890460121470008; 1; 0; 1; 0
8705; 16; 0; 0; 0,95345544957063; 0,95345544957063; 1; 0; 1; 0
8707; 19; 0; 0; 0,951949417568665; 0,951949417568665; 1; 0; 1; 0
8713; 2; 0; 0; 0,985461300042014; 0,985461300042014; 1; 0; 1; 0
8736; 19; 0; 0; 0,848988185333447; 0,848988185333447; 1; 0; 1; 0
8737; 18; 0; 0; 0,949679510211075; 0,949679510211075; 1; 0; 1; 0
8749; 19; 0; 0; 0,999787330420274; 0,999787330420274; 1; 0; 1; 0
8796; 15; 0; 0; 0,524513226551923; 0,524513226551923; 1; 0; 1; 0
8804; 342; 0; 0; 0,935018294583641; 0,935018294583641; 1; 0; 1; 0
8810; 10; 5; 0; 0,333700264407445; 0,257433076740722; 1; 0; 1; 0
8822; 10; 0; 0; 0,714699136677052; 0,714699136677052; 1; 0; 1; 0
8823; 10; 0; 0; 0,997845417643619; 0,997845417643619; 1; 0; 1; 0
8824; 10; 0; 0; 0,997550613143676; 0,997550613143676; 1; 0; 1; 0
8831; 18; 0; 0; 0,984228696248093; 0,984228696248093; 1; 0; 1; 0
8839; 16; 0; 0; 0,978995506862229; 0,978995506862229; 1; 0; 1; 0
8856; 13; 0; 0; 0,992760899532801; 0,992760899532801; 1; 0; 1; 0
8857; 19; 0; 0; 0,913905770527436; 0,913905770527436; 1; 0; 1; 0
8865; 160; 0; 0; 0,999794275847455; 0,999794275847455; 1; 0; 1; 0
8877; 10; 3; 0; 0,276203244108069; 0,040818949561166; 1; 0; 1; 0
8878; 19; 0; 0; 0,92437739919596; 0,92437739919596; 1; 0; 1; 0
8886; 20; 0; 0; 0,796390096018156; 0,796390096018156; 1; 0; 1; 0
8904; 42; 0; 0; 0,675726585230462; 0,675726585230462; 1; 0; 1; 0
8915; 19; 0; 0; 0,973679221894802; 0,973679221894802; 1; 0; 1; 0
8916; 20; 0; 0; 0,945700347898163; 0,945700347898163; 1; 0; 1; 0
8921; 13; 0; 0; 0,999306860652283; 0,999306860652283; 1; 0; 1; 0
8922; 18; 0; 0; 0,626597547207449; 0,626597547207449; 1; 0; 1; 0
8926; 18; 1; 0; 0,441886851382311; 0,076191245665441; 1; 0; 1; 0
8935; 23; 0; 0; 0,909890138705913; 0,909890138705913; 1; 0; 1; 0
8948; 2; 0; 0; 0,980602737417591; 0,980602737417591; 1; 0; 1; 0
8951; 10; 0; 0; 0,759481543121709; 0,759481543121709; 1; 0; 1; 0
8961; 10; 0; 0; 0,998045646832605; 0,998045646832605; 1; 0; 1; 0
8962; 10; 0; 0; 0,391678811136207; 0,391678811136207; 1; 0; 1; 0
8975; 18; 0; 0; 0,999972394241034; 0,999972394241034; 1; 0; 1; 0
8976; 2; 1; 1; 0,683916955952716; 0,683916955952716; 0; 1; 0; 1
9005; 10; 0; 0; 0,999401672565271; 0,999401672565271; 1; 0; 1; 0
9040; 16; 0; 0; 0,867042245135967; 0,867042245135967; 1; 0; 1; 0
9044; 3; 1; 0; 0,544484779611799; 0,0529807959194735; 1; 0; 1; 0
9060; 22; 0; 0; 0,934646396772836; 0,934646396772836; 1; 0; 1; 0
9089; 2; 0; 0; 0,965516685280672; 0,965516685280672; 1; 0; 1; 0
9117; 16; 0; 0; 0,798583097874773; 0,798583097874773; 1; 0; 1; 0
9123; 10; 0; 0; 0,531265622764989; 0,531265622764989; 1; 0; 1; 0
9172; 170; 3; 0; 0,212279420446091; 0,12077723524414; 1; 0; 1; 0
9173; 10; 0; 0; 0,984868594648711; 0,984868594648711; 1; 0; 1; 0
9185; 18; 0; 0; 0,999996175449864; 0,999996175449864; 1; 0; 1; 0
9201; 18; 0; 0; 0,607074942467351; 0,607074942467351; 1; 0; 1; 0
9205; 10; 0; 0; 0,999797679543088; 0,999797679543088; 1; 0; 1; 0
9212; 10; 0; 0; 0,980028693083986; 0,980028693083986; 1; 0; 1; 0
9213; 10; 0; 0; 0,999805096973279; 0,999805096973279; 1; 0; 1; 0
9220; 18; 0; 0; 0,999997356758642; 0,999997356758642; 1; 0; 1; 0
9240; 13; 0; 0; 0,985507164405361; 0,985507164405361; 1; 0; 1; 0
9253; 2; 0; 1; 0,555889667504422; 0,444110332495577; 0; 0; 0,500296553284424; 0,499703446715576
9258; 19; 0; 0; 0,999727031168616; 0,999727031168616; 1; 0; 1; 0
9260; 10; 0; 0; 0,999424096453584; 0,999424096453584; 1; 0; 1; 0
9262; 10; 0; 0; 0,939576140775455; 0,939576140775455; 1; 0; 1; 0
9285; 19; 0; 0; 0,963823018724527; 0,963823018724527; 1; 0; 1; 0
9298; 20; 0; 0; 0,991201842676863; 0,991201842676863; 1; 0; 1; 0
9313; 13; 0; 0; 0,986579049950084; 0,986579049950084; 1; 0; 1; 0
9314; 2; 0; 0; 0,895032017315281; 0,895032017315281; 1; 0; 1; 0
9331; 20; 0; 0; 0,999977534446802; 0,999977534446802; 1; 0; 1; 0
9355; 10; 0; 0; 0,999938374083327; 0,999938374083327; 1; 0; 1; 0
9364; 2; 0; 0; 0,53811961501599; 0,53811961501599; 1; 0; 1; 0
9381; 10; 0; 0; 0,999304026928694; 0,999304026928694; 1; 0; 1; 0
9403; 13; 0; 0; 0,796799273044018; 0,796799273044018; 1; 0; 1; 0
9421; 20; 0; 0; 0,999988394465423; 0,999988394465423; 1; 0; 1; 0
9423; 2; 0; 0; 0,748807337767818; 0,748807337767818; 1; 0; 1; 0
9432; 16; 0; 0; 0,906121157067269; 0,906121157067269; 1; 0; 1; 0
9436; 20; 0; 0; 0,960844367564385; 0,960844367564385; 1; 0; 1; 0
9448; 10; 0; 0; 0,999980363389168; 0,999980363389168; 1; 0; 1; 0
9456; 13; 0; 0; 0,857370403229728; 0,857370403229728; 1; 0; 1; 0
9460; 22; 0; 0; 0,970867075177347; 0,970867075177347; 1; 0; 1; 0
9462; 16; 0; 0; 0,919986661978251; 0,919986661978251; 1; 0; 1; 0
9464; 2; 1; 0; 0,989012959213382; 0,0109870407866179; 1; 0; 1; 0
9468; 10; 0; 0; 0,755576881760748; 0,755576881760748; 1; 0; 1; 0
9509; 10; 0; 0; 1; 1; 1; 0; 1; 0
9519; 10; 0; 0; 0,999961920452804; 0,999961920452804; 1; 0; 1; 0
9523; 10; 0; 0; 0,981287722592076; 0,981287722592076; 1; 0; 1; 0
9526; 10; 0; 0; 0,917129686926096; 0,917129686926096; 1; 0; 1; 0
9536; 23; 0; 0; 0,928194043315137; 0,928194043315137; 1; 0; 1; 0
9560; 18; 0; 0; 0,976143982729911; 0,976143982729911; 1; 0; 1; 0
9569; 19; 0; 0; 0,580918392078623; 0,580918392078623; 1; 0; 1; 0
9588; 13; 0; 0; 0,539783479262583; 0,539783479262583; 1; 0; 1; 0
9594; 20; 0; 0; 0,99997523741323; 0,99997523741323; 1; 0; 1; 0
9619; 13; 0; 0; 0,884341959645543; 0,884341959645543; 1; 0; 1; 0
9620; 10; 0; 0; 0,869608868985879; 0,869608868985879; 1; 0; 1; 0
9630; 17; 4; 0; 0,217563275589756; 0; 1; 0; 1; 0
9632; 10; 0; 0; 0,999996046253996; 0,999996046253996; 1; 0; 1; 0
9633; 20; 0; 0; 0,957715733940113; 0,957715733940113; 1; 0; 1; 0
9638; 10; 0; 0; 0,999997712463559; 0,999997712463559; 1; 0; 1; 0
9664; 20; 0; 0; 0,992155978578208; 0,992155978578208; 1; 0; 1; 0
9671; 2; 1; 0; 0,541990744444235; 0,458009255555765; 1; 0; 1; 0
9705; 16; 0; 0; 0,779361438632434; 0,779361438632434; 1; 0; 1; 0
9726; 18; 0; 0; 0,999999076973127; 0,999999076973127; 1; 0; 1; 0
9752; 10; 0; 0; 0,985812813576489; 0,985812813576489; 1; 0; 1; 0
9756; 16; 0; 0; 0,568669658397944; 0,568669658397944; 1; 0; 1; 0
9773; 18; 0; 0; 0,988589451821968; 0,988589451821968; 1; 0; 1; 0
9798; 2; 1; 0; 0,669327876513355; 0,330672123486645; 1; 0; 1; 0
9802; 18; 0; 0; 0,999998784818332; 0,999998784818332; 1; 0; 1; 0
9808; 16; 0; 0; 0,929638389394515; 0,929638389394515; 1; 0; 1; 0
9819; 10; 0; 0; 0,976532097727419; 0,976532097727419; 1; 0; 1; 0
9834; 16; 0; 0; 0,931249185212392; 0,931249185212392; 1; 0; 1; 0
9841; 2; 0; 0; 0,944822779384479; 0,944822779384479; 1; 0; 1; 0
9842; 16; 0; 0; 0,936680728037517; 0,936680728037517; 1; 0; 1; 0
9846; 2; 1; 1; 0,960080671026128; 0,960080671026128; 0; 0; 0,331599996738756; 0,668400003261244
9848; 2; 1; 0; 0,535818287266367; 0,464181712733632; 1; 0; 1; 0
9881; 10; 0; 0; 0,997981384561249; 0,997981384561249; 1; 0; 1; 0
9882; 13; 0; 0; 0,984174974730068; 0,984174974730068; 1; 0; 1; 0
9918; 2; 0; 0; 1; 1; 1; 0; 1; 0
9923; 13; 0; 0; 0,763653338458096; 0,763653338458096; 1; 0; 1; 0
9932; 16; 0; 0; 0,991073600302502; 0,991073600302502; 1; 0; 1; 0
9948; 2; 0; 0; 0,858281707835723; 0,858281707835723; 1; 0; 1; 0
9953; 19; 0; 0; 0,377318829217398; 0,377318829217398; 1; 0; 1; 0
9976; 19; 0; 0; 0,791940920467275; 0,791940920467275; 1; 0; 1; 0
9987; 19; 0; 0; 0,998474392391516; 0,998474392391516; 1; 0; 1; 0
10012; 10; 0; 0; 0,544012496994985; 0,544012496994985; 1; 0; 1; 0
10038; 19; 0; 0; 0,998618965598169; 0,998618965598169; 1; 0; 1; 0
10057; 20; 0; 0; 0,887734309122614; 0,887734309122614; 1; 0; 1; 0
10084; 2; 0; 0; 0,963976305271023; 0,963976305271023; 1; 0; 1; 0
10091; 19; 0; 0; 0,947992932779312; 0,947992932779312; 1; 0; 1; 0
10094; 16; 0; 0; 0,614880424917001; 0,614880424917001; 1; 0; 1; 0
10119; 13; 0; 0; 0,99011464002222; 0,99011464002222; 1; 0; 1; 0
10124; 21; 0; 0; 0,999877823668824; 0,999877823668824; 1; 0; 1; 0
10133; 2; 0; 0; 0,992607712931577; 0,992607712931577; 1; 0; 1; 0
10157; 10; 0; 0; 0,547800726240914; 0,547800726240914; 1; 0; 1; 0
10163; 2; 0; 0; 0,801694916451459; 0,801694916451459; 1; 0; 1; 0
10169; 22; 0; 0; 0,698290341383755; 0,698290341383755; 1; 0; 1; 0
10192; 20; 0; 0; 0,999170399545351; 0,999170399545351; 1; 0; 1; 0
10193; 13; 0; 0; 0,985240910807909; 0,985240910807909; 1; 0; 1; 0
10200; 10; 0; 0; 0,857624235670312; 0,857624235670312; 1; 0; 1; 0
10209; 18; 0; 0; 1; 1; 1; 0; 1; 0
10216; 19; 0; 0; 0,995474593223562; 0,995474593223562; 1; 0; 1; 0
10223; 16; 0; 0; 0,842328178266027; 0,842328178266027; 1; 0; 1; 0
10227; 2; 0; 0; 0,96483461618065; 0,96483461618065; 1; 0; 1; 0
10233; 2; 0; 0; 0,999913494135554; 0,999913494135554; 1; 0; 1; 0
10240; 20; 0; 0; 0,967424092942427; 0,967424092942427; 1; 0; 1; 0
10241; 10; 0; 0; 0,529849234268744; 0,529849234268744; 1; 0; 1; 0
10248; 18; 0; 0; 0,996612577867258; 0,996612577867258; 1; 0; 1; 0
10249; 20; 0; 0; 0,523307337333329; 0,523307337333329; 1; 0; 1; 0
10276; 20; 0; 0; 0,999990886395539; 0,999990886395539; 1; 0; 1; 0
10286; 19; 0; 0; 0,951769650078376; 0,951769650078376; 1; 0; 1; 0
10301; 10; 0; 0; 0,979047087367359; 0,979047087367359; 1; 0; 1; 0
10309; 18; 0; 0; 0,989797267350498; 0,989797267350498; 1; 0; 1; 0
10312; 342; 0; 0; 0,898273694130142; 0,898273694130142; 1; 0; 1; 0
10313; 19; 0; 0; 0,994724938049976; 0,994724938049976; 1; 0; 1; 0
10329; 16; 4; 0; 0,341124107382475; 0,246470088475634; 1; 0; 1; 0
10330; 16; 0; 0; 0,917588472104367; 0,917588472104367; 1; 0; 1; 0
10333; 18; 0; 0; 0,850638600683295; 0,850638600683295; 1; 0; 1; 0
10361; 10; 0; 0; 0,960329480931595; 0,960329480931595; 1; 0; 1; 0
10370; 10; 0; 0; 0,999735204650703; 0,999735204650703; 1; 0; 1; 0
10371; 20; 0; 0; 0,995075319840316; 0,995075319840316; 1; 0; 1; 0
10378; 2; 0; 1; 0,546226049736212; 0,453773950263788; 0; 0; 0,33447680444538; 0,66552319555462
10384; 19; 0; 0; 0,94956258543231; 0,94956258543231; 1; 0; 1; 0
10385; 10; 0; 0; 0,985248100760965; 0,985248100760965; 1; 0; 1; 0
10408; 19; 0; 0; 0,992484794714633; 0,992484794714633; 1; 0; 1; 0
10411; 18; 0; 0; 1; 1; 1; 0; 1; 0
10414; 2; 1; 0; 0,657668084294593; 0,342331915705407; 1; 0; 1; 0
10431; 10; 0; 0; 0,957073851090156; 0,957073851090156; 1; 0; 1; 0
10437; 13; 0; 0; 0,998153865727872; 0,998153865727872; 1; 0; 1; 0
10453; 21; 0; 0; 0,998017087543024; 0,998017087543024; 1; 0; 1; 0
10454; 19; 0; 0; 0,672765360096243; 0,672765360096243; 1; 0; 1; 0
10466; 18; 0; 0; 0,999058342252719; 0,999058342252719; 1; 0; 1; 0
10468; 10; 0; 0; 0,994310305137362; 0,994310305137362; 1; 0; 1; 0
10478; 19; 0; 0; 0,999644786044636; 0,999644786044636; 1; 0; 1; 0
10494; 19; 0; 0; 0,93778244743926; 0,93778244743926; 1; 0; 1; 0
10526; 20; 0; 0; 0,384095571525759; 0,384095571525759; 1; 0; 1; 0
10527; 10; 0; 0; 0,995602786358237; 0,995602786358237; 1; 0; 1; 0
10557; 20; 0; 0; 0,490894571285135; 0,490894571285135; 1; 0; 1; 0
10575; 19; 0; 0; 0,999734671659111; 0,999734671659111; 1; 0; 1; 0
10618; 19; 0; 0; 0,970368248390806; 0,970368248390806; 1; 0; 1; 0
10620; 13; 0; 0; 0,964810775755919; 0,964810775755919; 1; 0; 1; 0
10652; 19; 0; 0; 0,996526151323417; 0,996526151323417; 1; 0; 1; 0
10662; 2; 0; 0; 1; 1; 1; 0; 1; 0
10678; 10; 0; 0; 0,307483809326364; 0,307483809326364; 1; 0; 1; 0
10687; 18; 0; 0; 0,997322748653075; 0,997322748653075; 1; 0; 1; 0
10706; 18; 0; 0; 0,773772696046695; 0,773772696046695; 1; 0; 1; 0
10709; 10; 0; 0; 0,875138496156948; 0,875138496156948; 1; 0; 1; 0
10757; 20; 0; 0; 0,828507326600912; 0,828507326600912; 1; 0; 1; 0
10758; 10; 0; 0; 0,994837522038304; 0,994837522038304; 1; 0; 1; 0
10760; 20; 0; 0; 0,708735286206142; 0,708735286206142; 1; 0; 1; 0
10767; 10; 0; 0; 0,994528381277; 0,994528381277; 1; 0; 1; 0
10777; 2; 1; 0; 0,877508638790448; 0,122491361209552; 1; 0; 1; 0
10788; 17; 0; 0; 0,758438187544563; 0,758438187544563; 1; 0; 1; 0
10852; 19; 0; 0; 0,986638321814005; 0,986638321814005; 1; 0; 1; 0
10863; 20; 0; 0; 0,690431305335452; 0,690431305335452; 1; 0; 1; 0
10868; 19; 1; 0; 0,198597894013114; 0,161404389662135; 1; 0; 1; 0
10876; 19; 0; 0; 0,978057070820388; 0,978057070820388; 1; 0; 1; 0
10896; 19; 1; 0; 0,205866760443681; 0,123958701606621; 1; 0; 1; 0
10934; 10; 0; 0; 0,983985722355972; 0,983985722355972; 1; 0; 1; 0
10953; 10; 0; 0; 0,999917652830182; 0,999917652830182; 1; 0; 1; 0
10960; 16; 0; 0; 0,673580322982783; 0,673580322982783; 1; 0; 1; 0
10975; 10; 0; 0; 0,988520319962837; 0,988520319962837; 1; 0; 1; 0
10984; 19; 0; 0; 0,343216342864792; 0,343216342864792; 1; 0; 1; 0
11001; 21; 0; 0; 0,951968794201713; 0,951968794201713; 1; 0; 1; 0
11005; 19; 0; 0; 0,35152066010337; 0,35152066010337; 1; 0; 1; 0
11020; 19; 0; 0; 0,998602787855452; 0,998602787855452; 1; 0; 1; 0
11032; 18; 0; 0; 0,998964664311734; 0,998964664311734; 1; 0; 1; 0
11036; 2; 0; 0; 0,660026087897248; 0,660026087897248; 1; 0; 1; 0
11046; 21; 0; 0; 0,999948677305405; 0,999948677305405; 1; 0; 1; 0
11047; 18; 0; 0; 0,776411756144843; 0,776411756144843; 1; 0; 1; 0
11090; 10; 0; 0; 0,995478544062986; 0,995478544062986; 1; 0; 1; 0
11111; 18; 0; 0; 0,992665805682136; 0,992665805682136; 1; 0; 1; 0
11119; 19; 0; 0; 0,926754378467214; 0,926754378467214; 1; 0; 1; 0
11133; 10; 0; 0; 0,999384331635514; 0,999384331635514; 1; 0; 1; 0
11158; 2; 0; 0; 0,99706742254232; 0,99706742254232; 1; 0; 1; 0
11164; 10; 0; 0; 0,992185861379823; 0,992185861379823; 1; 0; 1; 0
11188; 20; 0; 0; 0,485269692225868; 0,485269692225868; 1; 0; 1; 0
11199; 19; 0; 0; 0,997562200169712; 0,997562200169712; 1; 0; 1; 0
11208; 13; 0; 0; 0,975646328002987; 0,975646328002987; 1; 0; 1; 0
11215; 19; 0; 0; 0,949144262086449; 0,949144262086449; 1; 0; 1; 0
11229; 19; 0; 0; 0,981558061693292; 0,981558061693292; 1; 0; 1; 0
11251; 10; 0; 0; 0,999602932990348; 0,999602932990348; 1; 0; 1; 0
11255; 10; 0; 0; 0,999900816899071; 0,999900816899071; 1; 0; 1; 0
11260; 10; 0; 0; 0,634631327418068; 0,634631327418068; 1; 0; 1; 0
11286; 10; 0; 0; 0,751809027508208; 0,751809027508208; 1; 0; 1; 0
11295; 20; 0; 0; 0,859322391893019; 0,859322391893019; 1; 0; 1; 0
11307; 16; 0; 0; 0,540916801097107; 0,540916801097107; 1; 0; 1; 0
11309; 18; 0; 0; 0,663956988436671; 0,663956988436671; 1; 0; 1; 0
11313; 21; 0; 0; 0,999947719030864; 0,999947719030864; 1; 0; 1; 0
11315; 10; 0; 0; 0,261426592841242; 0,261426592841242; 1; 0; 1; 0
11317; 2; 1; 0; 1; 0; 1; 0; 1; 0
11319; 16; 0; 0; 0,953517869537252; 0,953517869537252; 1; 0; 1; 0
11323; 23; 0; 0; 0,971272598173647; 0,971272598173647; 1; 0; 1; 0
11329; 19; 0; 0; 0,998133260453871; 0,998133260453871; 1; 0; 1; 0
11352; 19; 0; 0; 0,754549043734351; 0,754549043734351; 1; 0; 1; 0
11366; 2; 1; 1; 0,593960410149602; 0,593960410149602; 0; 1; 0; 1
11373; 22; 0; 0; 0,190753154413566; 0,190753154413566; 1; 0; 1; 0
11379; 10; 0; 0; 0,999994454440258; 0,999994454440258; 1; 0; 1; 0
11396; 2; 0; 1; 0,518637469104717; 0,481362530895283; 0; 0; 0,49981868512858; 0,50018131487142
11406; 19; 0; 0; 0,985613779013447; 0,985613779013447; 1; 0; 1; 0
11412; 2; 0; 0; 0,993239934113266; 0,993239934113266; 1; 0; 1; 0
11414; 18; 0; 0; 0,868525530631841; 0,868525530631841; 1; 0; 1; 0
11453; 19; 0; 0; 0,998807021498031; 0,998807021498031; 1; 0; 1; 0
11475; 16; 0; 0; 0,617161512266584; 0,617161512266584; 1; 0; 1; 0
11477; 18; 0; 0; 0,739022299622462; 0,739022299622462; 1; 0; 1; 0
11479; 10; 0; 0; 0,99943280192651; 0,99943280192651; 1; 0; 1; 0
11500; 2; 1; 1; 0,627395422647766; 0,627395422647766; 0; 1; 0; 1
11506; 20; 0; 0; 0,954089882665432; 0,954089882665432; 1; 0; 1; 0
11522; 19; 0; 0; 0,621788425351032; 0,621788425351032; 1; 0; 1; 0
11536; 19; 0; 0; 0,500307029782001; 0,500307029782001; 1; 0; 1; 0
11543; 21; 0; 0; 0,97617218826313; 0,97617218826313; 1; 0; 1; 0
11547; 13; 0; 0; 0,987091467221741; 0,987091467221741; 1; 0; 1; 0
11555; 19; 0; 0; 0,981992866585938; 0,981992866585938; 1; 0; 1; 0
11573; 2; 0; 1; 0,602441749351411; 0,397558250648589; 0; 0; 0,248693709895991; 0,751306290104009
11583; 13; 0; 0; 0,979091837538678; 0,979091837538678; 1; 0; 1; 0
11597; 19; 0; 0; 0,993585456244504; 0,993585456244504; 1; 0; 1; 0
11600; 160; 0; 0; 0,469723575477152; 0,469723575477152; 1; 0; 1; 0
11604; 10; 5; 0; 0,20680480935678; 0,114557984766921; 1; 0; 1; 0
11608; 21; 0; 0; 0,95836242223202; 0,95836242223202; 1; 0; 1; 0
11613; 2; 0; 1; 0,65284083162429; 0,34715916837571; 0; 0; 0,500337961834107; 0,499662038165893
11621; 10; 0; 0; 0,999714510460337; 0,999714510460337; 1; 0; 1; 0
11633; 10; 0; 0; 0,969954738975491; 0,969954738975491; 1; 0; 1; 0
11638; 19; 0; 0; 0,981493360599443; 0,981493360599443; 1; 0; 1; 0
11650; 13; 0; 0; 0,770452300890785; 0,770452300890785; 1; 0; 1; 0
11685; 16; 0; 0; 0,90724075120198; 0,90724075120198; 1; 0; 1; 0
11697; 18; 0; 0; 0,871277125284972; 0,871277125284972; 1; 0; 1; 0
11723; 19; 0; 0; 0,967763910980808; 0,967763910980808; 1; 0; 1; 0
11724; 19; 0; 0; 0,998843127611559; 0,998843127611559; 1; 0; 1; 0
11725; 16; 0; 0; 0,873925957678441; 0,873925957678441; 1; 0; 1; 0
11749; 10; 0; 0; 0,989283472164936; 0,989283472164936; 1; 0; 1; 0
11767; 10; 0; 0; 0,972618210670832; 0,972618210670832; 1; 0; 1; 0
11810; 13; 0; 0; 0,603006465241634; 0,603006465241634; 1; 0; 1; 0
11816; 13; 6; 0; 0,181352414886398; 0,139205025586998; 1; 0; 1; 0
11837; 2; 0; 0; 1; 1; 1; 0; 1; 0
11841; 10; 0; 0; 0,320092176263526; 0,320092176263526; 1; 0; 1; 0
11848; 16; 4; 0; 0,220074812032415; 0,110156810631129; 1; 0; 1; 0
11886; 13; 0; 0; 0,218411471758269; 0,218411471758269; 1; 0; 1; 0
11888; 10; 0; 0; 0,989892005696482; 0,989892005696482; 1; 0; 1; 0
11897; 2; 0; 0; 1; 1; 1; 0; 1; 0
11929; 10; 0; 0; 1; 1; 1; 0; 1; 0
11942; 2; 0; 0; 0,999879509377587; 0,999879509377587; 1; 0; 1; 0
11953; 2; 1; 0; 0,533444941915747; 0,466555058084253; 1; 0; 1; 0
11968; 10; 0; 0; 0,755176034513171; 0,755176034513171; 1; 0; 1; 0
11987; 2; 0; 0; 1; 1; 1; 0; 1; 0
12014; 2; 0; 0; 0,994819809750909; 0,994819809750909; 1; 0; 1; 0
12020; 19; 0; 0; 0,988595149678414; 0,988595149678414; 1; 0; 1; 0
12097; 2; 1; 0; 0,667185566121337; 0,332814433878663; 1; 0; 1; 0
12146; 19; 0; 0; 0,985175955789655; 0,985175955789655; 1; 0; 1; 0
12160; 22; 0; 0; 0,982962630390608; 0,982962630390608; 1; 0; 1; 0
12162; 20; 0; 0; 0,978381203220803; 0,978381203220803; 1; 0; 1; 0
12175; 21; 0; 0; 0,251129197065142; 0,251129197065142; 1; 0; 1; 0
12181; 150; 0; 0; 0,359373436615183; 0,359373436615183; 1; 0; 1; 0
12195; 10; 0; 0; 0,999728419366527; 0,999728419366527; 1; 0; 1; 0
12220; 10; 0; 0; 0,776716070408112; 0,776716070408112; 1; 0; 1; 0
12255; 10; 0; 0; 0,99998742691088; 0,99998742691088; 1; 0; 1; 0
12273; 2; 0; 0; 0,996970707738362; 0,996970707738362; 1; 0; 1; 0
12274; 16; 4; 0; 0,234610083645304; 0,00107196197637743; 1; 0; 1; 0
12292; 2; 1; 0; 0,726780849894278; 0,273219150105722; 1; 0; 1; 0
12305; 21; 0; 0; 0,958300393793269; 0,958300393793269; 1; 0; 1; 0
12345; 3; 2; 2; 1; 1; 0; 0; 0,249836158183357; 0,750163841816643
12348; 19; 1; 0; 0,190592556371612; 0,165763686856055; 1; 0; 1; 0
12365; 18; 0; 0; 0,994906566342278; 0,994906566342278; 1; 0; 1; 0
12370; 20; 0; 0; 0,994833062217113; 0,994833062217113; 1; 0; 1; 0
12372; 19; 2; 0; 0,473754094797595; 0,319312944804925; 1; 0; 1; 0
12373; 20; 0; 0; 0,997263556404125; 0,997263556404125; 1; 0; 1; 0
12383; 23; 16; 0; 0,193954906898003; 0,168298603095279; 1; 0; 1; 0
12393; 19; 0; 0; 1; 1; 1; 0; 1; 0
12400; 16; 0; 0; 0,998951660454787; 0,998951660454787; 1; 0; 1; 0
12407; 10; 0; 0; 0,642603052876174; 0,642603052876174; 1; 0; 1; 0
12431; 19; 0; 0; 0,500384510043465; 0,500384510043465; 1; 0; 1; 0
12434; 23; 0; 0; 0,990639844940589; 0,990639844940589; 1; 0; 1; 0
12435; 10; 0; 0; 0,992832130638454; 0,992832130638454; 1; 0; 1; 0
12437; 10; 0; 0; 0,999758111042447; 0,999758111042447; 1; 0; 1; 0
12464; 23; 16; 0; 0,197806204744512; 0,118231981584157; 1; 0; 1; 0
12489; 10; 0; 0; 0,800259638048963; 0,800259638048963; 1; 0; 1; 0
12497; 17; 4; 0; 0,234449106198221; 0,0173496351658354; 1; 0; 1; 0
12512; 20; 0; 0; 0,999982517919235; 0,999982517919235; 1; 0; 1; 0
12521; 19; 0; 0; 0,288694054746656; 0,288694054746656; 1; 0; 1; 0
12535; 16; 0; 0; 0,999848079904912; 0,999848079904912; 1; 0; 1; 0
12540; 18; 0; 0; 0,475578594513683; 0,475578594513683; 1; 0; 1; 0
12551; 16; 0; 0; 0,974792264213745; 0,974792264213745; 1; 0; 1; 0
12556; 16; 0; 0; 0,985078494615306; 0,985078494615306; 1; 0; 1; 0
12568; 2; 0; 0; 0,998328213925963; 0,998328213925963; 1; 0; 1; 0
12574; 304; 0; 0; 0,739631360412512; 0,739631360412512; 1; 0; 1; 0
12593; 10; 0; 0; 0,990470070849208; 0,990470070849208; 1; 0; 1; 0
12616; 2; 0; 1; 0,538155409129384; 0,461844590870616; 0; 1; 0; 1
12618; 10; 0; 0; 0,988400701466993; 0,988400701466993; 1; 0; 1; 0
12633; 18; 0; 0; 0,998544506586793; 0,998544506586793; 1; 0; 1; 0
12639; 19; 0; 0; 0,909584789329023; 0,909584789329023; 1; 0; 1; 0
12641; 17; 4; 0; 0,230843061450814; 0,0336165659758105; 1; 0; 1; 0
12670; 10; 7; 0; 0,356567896245531; 0,0666251116343334; 1; 0; 1; 0
12677; 19; 0; 0; 0,986116871927535; 0,986116871927535; 1; 0; 1; 0
12700; 10; 0; 0; 0,873216142358051; 0,873216142358051; 1; 0; 1; 0
12726; 19; 0; 0; 0,914461705604386; 0,914461705604386; 1; 0; 1; 0
12745; 19; 0; 0; 0,982540498961863; 0,982540498961863; 1; 0; 1; 0
12780; 342; 0; 0; 0,700538578598896; 0,700538578598896; 1; 0; 1; 0
12791; 19; 0; 0; 0,587759502037891; 0,587759502037891; 1; 0; 1; 0
12794; 10; 0; 0; 0,826440130304457; 0,826440130304457; 1; 0; 1; 0
12809; 10; 0; 0; 0,980994217239095; 0,980994217239095; 1; 0; 1; 0
12829; 18; 0; 0; 0,324471759429365; 0,324471759429365; 1; 0; 1; 0
12840; 13; 0; 0; 0,589948882314006; 0,589948882314006; 1; 0; 1; 0
12846; 10; 0; 0; 0,999801687837797; 0,999801687837797; 1; 0; 1; 0
12896; 16; 0; 0; 0,995408174618676; 0,995408174618676; 1; 0; 1; 0
12957; 3; 0; 0; 0,940846163431033; 0,940846163431033; 1; 0; 1; 0
12963; 2; 0; 0; 0,616266946351297; 0,616266946351297; 1; 0; 1; 0
13018; 19; 0; 0; 0,92990411796628; 0,92990411796628; 1; 0; 1; 0
13062; 19; 1; 0; 0,22532068809212; 0,0494616930666694; 1; 0; 1; 0
13097; 19; 0; 0; 0,966018250702925; 0,966018250702925; 1; 0; 1; 0
13098; 10; 0; 0; 0,990628224694583; 0,990628224694583; 1; 0; 1; 0
13108; 16; 0; 0; 0,898452218942998; 0,898452218942998; 1; 0; 1; 0
13112; 18; 0; 0; 0,833218555925606; 0,833218555925606; 1; 0; 1; 0
13121; 19; 0; 0; 0,990667919268706; 0,990667919268706; 1; 0; 1; 0
13151; 13; 0; 0; 0,614246008989283; 0,614246008989283; 1; 0; 1; 0
13179; 10; 0; 0; 0,956386515801838; 0,956386515801838; 1; 0; 1; 0
13205; 21; 0; 0; 0,55438239156632; 0,55438239156632; 1; 0; 1; 0
13216; 2; 0; 0; 0,833138314571464; 0,833138314571464; 1; 0; 1; 0
13218; 18; 0; 0; 1; 1; 1; 0; 1; 0
13235; 19; 0; 0; 0,995253779696946; 0,995253779696946; 1; 0; 1; 0
13298; 23; 0; 0; 0,995205672209028; 0,995205672209028; 1; 0; 1; 0
13316; 13; 0; 0; 0,650839453628704; 0,650839453628704; 1; 0; 1; 0
13325; 21; 0; 0; 0,799139112701819; 0,799139112701819; 1; 0; 1; 0
13326; 19; 0; 0; 1; 1; 1; 0; 1; 0
13334; 16; 0; 0; 0,991203254266877; 0,991203254266877; 1; 0; 1; 0
13350; 10; 0; 0; 0,999998033206541; 0,999998033206541; 1; 0; 1; 0
13357; 20; 0; 0; 0,50064172655769; 0,50064172655769; 1; 0; 1; 0
13360; 18; 0; 0; 0,998099426513961; 0,998099426513961; 1; 0; 1; 0
13378; 13; 0; 0; 0,651293673521783; 0,651293673521783; 1; 0; 1; 0
13395; 10; 0; 0; 0,993842504774442; 0,993842504774442; 1; 0; 1; 0
13405; 19; 0; 0; 0,406593531665876; 0,406593531665876; 1; 0; 1; 0
13445; 13; 0; 0; 0,665312509352375; 0,665312509352375; 1; 0; 1; 0
13464; 19; 4; 0; 0,203910280944562; 0; 1; 0; 1; 0
13486; 19; 0; 0; 0,938015548857964; 0,938015548857964; 1; 0; 1; 0
13490; 21; 0; 0; 0,280486986412577; 0,280486986412577; 1; 0; 1; 0
13497; 20; 0; 0; 0,322319229038763; 0,322319229038763; 1; 0; 1; 0
13503; 2; 1; 1; 0,856906373641816; 0,856906373641816; 0; 0; 0,249822203064474; 0,750177796935526
13510; 13; 0; 0; 0,616287936677349; 0,616287936677349; 1; 0; 1; 0
13514; 19; 3; 0; 0,187524590256138; 0; 1; 0; 1; 0
13515; 160; 4; 0; 0,330663117152091; 0; 1; 0; 1; 0
13532; 2; 0; 0; 0,999984042460774; 0,999984042460774; 1; 0; 1; 0
13586; 19; 0; 0; 0,881762410814147; 0,881762410814147; 1; 0; 1; 0
13614; 2; 0; 0; 0,985508995941692; 0,985508995941692; 1; 0; 1; 0
13619; 21; 0; 0; 0,275159592068571; 0,275159592068571; 1; 0; 1; 0
13633; 2; 0; 0; 0,985508995941692; 0,985508995941692; 1; 0; 1; 0
13637; 19; 0; 0; 0,853971687646813; 0,853971687646813; 1; 0; 1; 0
13644; 19; 1; 0; 0,346101527391891; 0,00168727701780082; 1; 0; 1; 0
13660; 19; 0; 0; 0,868116625604625; 0,868116625604625; 1; 0; 1; 0
13684; 18; 0; 0; 0,745769930861154; 0,745769930861154; 1; 0; 1; 0
13685; 10; 0; 0; 0,999962214403501; 0,999962214403501; 1; 0; 1; 0
13689; 20; 0; 0; 0,567276473301456; 0,567276473301456; 1; 0; 1; 0
13693; 2; 0; 0; 0,841171400834815; 0,841171400834815; 1; 0; 1; 0
13717; 18; 0; 0; 1; 1; 1; 0; 1; 0
13720; 19; 0; 0; 0,998119152303713; 0,998119152303713; 1; 0; 1; 0
13737; 10; 0; 0; 0,995799942295554; 0,995799942295554; 1; 0; 1; 0
13746; 18; 0; 0; 0,961801277812555; 0,961801277812555; 1; 0; 1; 0
13747; 18; 0; 0; 0,998835198742335; 0,998835198742335; 1; 0; 1; 0
13762; 10; 0; 0; 0,996395979649155; 0,996395979649155; 1; 0; 1; 0
13766; 19; 0; 0; 0,885669169813904; 0,885669169813904; 1; 0; 1; 0
13803; 10; 0; 0; 0,980036858212446; 0,980036858212446; 1; 0; 1; 0
13846; 2; 0; 0; 1; 1; 1; 0; 1; 0
13848; 19; 0; 0; 0,977769849623979; 0,977769849623979; 1; 0; 1; 0
13880; 19; 0; 0; 0,889537256246468; 0,889537256246468; 1; 0; 1; 0
13897; 18; 0; 0; 0,804837619939035; 0,804837619939035; 1; 0; 1; 0
13927; 19; 0; 0; 0,980218261541692; 0,980218261541692; 1; 0; 1; 0
13944; 10; 0; 0; 0,999890201122663; 0,999890201122663; 1; 0; 1; 0
13947; 19; 0; 0; 0,803731833274653; 0,803731833274653; 1; 0; 1; 0
13951; 19; 2; 0; 0,275763710580701; 0,173066971009564; 1; 0; 1; 0
13954; 10; 0; 0; 0,991078920210399; 0,991078920210399; 1; 0; 1; 0
13970; 13; 0; 0; 0,841034890173858; 0,841034890173858; 1; 0; 1; 0
13984; 18; 0; 0; 0,941548839023094; 0,941548839023094; 1; 0; 1; 0
13985; 10; 0; 0; 0,999988730996708; 0,999988730996708; 1; 0; 1; 0
14020; 10; 0; 0; 0,867430514776341; 0,867430514776341; 1; 0; 1; 0
14022; 19; 0; 0; 0,874682695493217; 0,874682695493217; 1; 0; 1; 0
14029; 10; 3; 0; 0,247642811028019; 0; 1; 0; 1; 0
14032; 10; 0; 0; 0,951052838671757; 0,951052838671757; 1; 0; 1; 0
14059; 10; 0; 0; 0,999532308136932; 0,999532308136932; 1; 0; 1; 0
14073; 2; 0; 0; 0,804249369443668; 0,804249369443668; 1; 0; 1; 0
14080; 10; 0; 0; 0,959252818258407; 0,959252818258407; 1; 0; 1; 0
14119; 19; 0; 0; 0,955585371597232; 0,955585371597232; 1; 0; 1; 0
14143; 20; 2; 0; 0,259260076378286; 0; 1; 0; 1; 0
14185; 3; 0; 0; 0,984178919459325; 0,984178919459325; 1; 0; 1; 0
14195; 10; 0; 0; 0,998724827125938; 0,998724827125938; 1; 0; 1; 0
14201; 16; 0; 0; 0,968387575369267; 0,968387575369267; 1; 0; 1; 0
14219; 19; 0; 0; 0,999528327934995; 0,999528327934995; 1; 0; 1; 0
14224; 10; 0; 0; 0,999881537923465; 0,999881537923465; 1; 0; 1; 0
14225; 20; 0; 0; 0,442787326390248; 0,442787326390248; 1; 0; 1; 0
14231; 20; 2; 0; 0,265842150355055; 0,00223130778052021; 1; 0; 1; 0
14247; 10; 0; 0; 0,997948800355519; 0,997948800355519; 1; 0; 1; 0
14269; 3; 0; 0; 0,670162461919994; 0,670162461919994; 1; 0; 1; 0
14287; 10; 0; 0; 0,989039789125126; 0,989039789125126; 1; 0; 1; 0
14330; 10; 0; 0; 0,993874913523639; 0,993874913523639; 1; 0; 1; 0
14332; 16; 0; 0; 0,993911204537732; 0,993911204537732; 1; 0; 1; 0
14333; 16; 0; 0; 0,575842557817387; 0,575842557817387; 1; 0; 1; 0
14347; 16; 0; 0; 0,554137609466601; 0,554137609466601; 1; 0; 1; 0
14357; 10; 0; 0; 0,968627128644946; 0,968627128644946; 1; 0; 1; 0
14370; 19; 0; 0; 0,928050293806842; 0,928050293806842; 1; 0; 1; 0
14371; 11; 0; 0; 0,693559400120986; 0,693559400120986; 1; 0; 1; 0
14383; 19; 0; 0; 0,896381471991004; 0,896381471991004; 1; 0; 1; 0
14385; 18; 0; 0; 0,968959546172729; 0,968959546172729; 1; 0; 1; 0
14390; 20; 0; 0; 0,998619810042509; 0,998619810042509; 1; 0; 1; 0
14391; 2; 0; 0; 0,999832402730377; 0,999832402730377; 1; 0; 1; 0
14399; 10; 0; 0; 0,943433275717823; 0,943433275717823; 1; 0; 1; 0
14427; 10; 0; 0; 0,993292347589893; 0,993292347589893; 1; 0; 1; 0
14431; 10; 0; 0; 0,995774700716356; 0,995774700716356; 1; 0; 1; 0
14444; 19; 0; 0; 0,997387664290781; 0,997387664290781; 1; 0; 1; 0
14451; 10; 0; 0; 0,99738886590368; 0,99738886590368; 1; 0; 1; 0
14457; 19; 0; 0; 0,999999965640816; 0,999999965640816; 1; 0; 1; 0
14461; 10; 0; 0; 0,931799898268191; 0,931799898268191; 1; 0; 1; 0
14463; 20; 0; 0; 0,999628555471391; 0,999628555471391; 1; 0; 1; 0
14468; 3; 1; 1; 0,461764495002796; 0,461764495002796; 0; 0; 0,499766539309253; 0,500233460690747
14491; 16; 0; 0; 0,988579434441677; 0,988579434441677; 1; 0; 1; 0
14508; 10; 0; 0; 0,980460574579846; 0,980460574579846; 1; 0; 1; 0
14524; 19; 0; 0; 0,998045841828255; 0,998045841828255; 1; 0; 1; 0
14535; 20; 0; 0; 0,81902493287823; 0,81902493287823; 1; 0; 1; 0
14539; 19; 0; 0; 0,999875037107652; 0,999875037107652; 1; 0; 1; 0
14548; 13; 0; 0; 0,998016221089099; 0,998016221089099; 1; 0; 1; 0
14556; 10; 0; 0; 0,983684433226614; 0,983684433226614; 1; 0; 1; 0
14570; 22; 0; 0; 0,998388424157581; 0,998388424157581; 1; 0; 1; 0
14576; 2; 0; 1; 0,770038913924203; 0,229961086075797; 0; 0; 0,599693655468387; 0,400306344531613
14591; 2; 0; 0; 0,999955682210923; 0,999955682210923; 1; 0; 1; 0
14618; 16; 0; 0; 0,998955515283138; 0,998955515283138; 1; 0; 1; 0
14625; 10; 0; 0; 0,930429165816368; 0,930429165816368; 1; 0; 1; 0
14632; 19; 0; 0; 1; 1; 1; 0; 1; 0
14642; 20; 0; 0; 0,999749004390023; 0,999749004390023; 1; 0; 1; 0
14649; 10; 0; 0; 0,999910625731428; 0,999910625731428; 1; 0; 1; 0
14650; 2; 0; 0; 1; 1; 1; 0; 1; 0
14664; 10; 0; 0; 0,996390024349564; 0,996390024349564; 1; 0; 1; 0
14666; 10; 0; 0; 0,995763990851888; 0,995763990851888; 1; 0; 1; 0
14674; 10; 0; 0; 0,999814858931978; 0,999814858931978; 1; 0; 1; 0
14677; 20; 0; 0; 0,975822737072341; 0,975822737072341; 1; 0; 1; 0
14682; 20; 0; 0; 0,99843356309864; 0,99843356309864; 1; 0; 1; 0
14712; 2; 0; 0; 0,791956534938646; 0,791956534938646; 1; 0; 1; 0
14719; 19; 0; 0; 0,640738809333386; 0,640738809333386; 1; 0; 1; 0
14721; 19; 0; 0; 0,992494025734741; 0,992494025734741; 1; 0; 1; 0
14724; 160; 0; 0; 0,999290582542006; 0,999290582542006; 1; 0; 1; 0
14762; 2; 0; 0; 0,996909577518329; 0,996909577518329; 1; 0; 1; 0
14783; 16; 0; 0; 0,999999998525984; 0,999999998525984; 1; 0; 1; 0
14795; 2; 0; 0; 0,794252688972616; 0,794252688972616; 1; 0; 1; 0
14811; 2; 0; 0; 0,999991577168676; 0,999991577168676; 1; 0; 1; 0
14827; 16; 0; 0; 0,999605663609892; 0,999605663609892; 1; 0; 1; 0
14838; 10; 0; 0; 0,62039861365961; 0,62039861365961; 1; 0; 1; 0
14845; 10; 0; 0; 0,849735148528725; 0,849735148528725; 1; 0; 1; 0
14852; 2; 0; 0; 0,997147577306151; 0,997147577306151; 1; 0; 1; 0
14854; 22; 0; 0; 0,990565888719995; 0,990565888719995; 1; 0; 1; 0
14858; 23; 0; 0; 0,910691332386567; 0,910691332386567; 1; 0; 1; 0
14867; 2; 0; 0; 0,735649605793259; 0,735649605793259; 1; 0; 1; 0
14872; 16; 0; 0; 0,994508632204576; 0,994508632204576; 1; 0; 1; 0
14958; 16; 0; 0; 0,291472004565811; 0,291472004565811; 1; 0; 1; 0
14971; 23; 0; 0; 0,570178188267387; 0,570178188267387; 1; 0; 1; 0
14972; 16; 0; 0; 0,351946920821296; 0,351946920821296; 1; 0; 1; 0
14979; 16; 0; 0; 0,999454923836961; 0,999454923836961; 1; 0; 1; 0
14998; 16; 0; 0; 0,996495356942738; 0,996495356942738; 1; 0; 1; 0
15004; 10; 0; 0; 0,963087155489957; 0,963087155489957; 1; 0; 1; 0
15019; 2; 0; 0; 1; 1; 1; 0; 1; 0
15037; 2; 0; 0; 0,998319167166015; 0,998319167166015; 1; 0; 1; 0
15050; 16; 0; 0; 0,999744438056937; 0,999744438056937; 1; 0; 1; 0
15057; 20; 0; 0; 0,96738505215763; 0,96738505215763; 1; 0; 1; 0
15060; 2; 0; 0; 0,99963496261696; 0,99963496261696; 1; 0; 1; 0
15067; 13; 0; 0; 0,780052977538957; 0,780052977538957; 1; 0; 1; 0
15083; 16; 0; 0; 0,998529896458003; 0,998529896458003; 1; 0; 1; 0
15086; 10; 0; 0; 0,759297334890846; 0,759297334890846; 1; 0; 1; 0
15095; 23; 0; 0; 0,917830112019754; 0,917830112019754; 1; 0; 1; 0
15111; 19; 0; 0; 0,999995126519574; 0,999995126519574; 1; 0; 1; 0
15115; 16; 0; 0; 0,268235479637443; 0,268235479637443; 1; 0; 1; 0
15148; 10; 0; 0; 0,99964982414347; 0,99964982414347; 1; 0; 1; 0
15165; 10; 0; 0; 0,999944136544207; 0,999944136544207; 1; 0; 1; 0
15182; 21; 0; 0; 0,34598311320655; 0,34598311320655; 1; 0; 1; 0
15185; 10; 0; 0; 0,999667131806473; 0,999667131806473; 1; 0; 1; 0
15204; 10; 0; 0; 0,999946860849733; 0,999946860849733; 1; 0; 1; 0
15216; 10; 0; 0; 0,9996714280852; 0,9996714280852; 1; 0; 1; 0
15236; 18; 0; 0; 0,999855574785792; 0,999855574785792; 1; 0; 1; 0
15239; 10; 0; 0; 0,812745100321745; 0,812745100321745; 1; 0; 1; 0
15242; 19; 0; 0; 0,700376412021118; 0,700376412021118; 1; 0; 1; 0
15254; 2; 0; 0; 1; 1; 1; 0; 1; 0
15261; 10; 0; 0; 0,999571725108761; 0,999571725108761; 1; 0; 1; 0
15267; 16; 0; 0; 0,999372429671418; 0,999372429671418; 1; 0; 1; 0
15271; 2; 1; 0; 0,820446229274519; 0,179553770725481; 1; 0; 1; 0
15272; 19; 0; 0; 0,805226423894673; 0,805226423894673; 1; 0; 1; 0
15284; 23; 0; 0; 0,997881634810509; 0,997881634810509; 1; 0; 1; 0
15286; 16; 0; 0; 0,999923429822837; 0,999923429822837; 1; 0; 1; 0
15295; 20; 0; 0; 0,995974809685255; 0,995974809685255; 1; 0; 1; 0
15299; 23; 0; 0; 0,919188472819307; 0,919188472819307; 1; 0; 1; 0
15302; 32; 0; 0; 0,560280743746947; 0,560280743746947; 1; 0; 1; 0
15311; 19; 0; 0; 0,997181368780448; 0,997181368780448; 1; 0; 1; 0
15325; 2; 1; 0; 0,938169521795641; 0,0618304782043587; 1; 0; 1; 0
15339; 10; 0; 0; 0,999335324322823; 0,999335324322823; 1; 0; 1; 0
15374; 10; 0; 0; 0,836652041429673; 0,836652041429673; 1; 0; 1; 0
15385; 16; 0; 0; 0,999346769734638; 0,999346769734638; 1; 0; 1; 0
15393; 10; 0; 0; 0,592092059287433; 0,592092059287433; 1; 0; 1; 0
15400; 19; 0; 0; 1; 1; 1; 0; 1; 0
15419; 20; 0; 0; 0,996065469389044; 0,996065469389044; 1; 0; 1; 0
15436; 2; 1; 0; 0,940894452805621; 0,0591055471943786; 1; 0; 1; 0
15456; 19; 0; 0; 0,958946049837812; 0,958946049837812; 1; 0; 1; 0
15458; 10; 0; 0; 0,999836532160654; 0,999836532160654; 1; 0; 1; 0
15466; 16; 0; 0; 0,996948067572168; 0,996948067572168; 1; 0; 1; 0
15468; 16; 0; 0; 0,998186191583959; 0,998186191583959; 1; 0; 1; 0
15472; 19; 0; 0; 0,355640597102858; 0,355640597102858; 1; 0; 1; 0
15485; 23; 0; 0; 0,960502136839811; 0,960502136839811; 1; 0; 1; 0
15507; 19; 0; 0; 0,36505060058043; 0,36505060058043; 1; 0; 1; 0
15511; 10; 0; 0; 0,611020445051947; 0,611020445051947; 1; 0; 1; 0
15514; 10; 0; 0; 0,719619387386127; 0,719619387386127; 1; 0; 1; 0
15522; 2; 0; 0; 1; 1; 1; 0; 1; 0
15523; 2; 1; 1; 0,953641226277232; 0,953641226277232; 0; 1; 0; 1
15530; 16; 0; 0; 0,999906462290779; 0,999906462290779; 1; 0; 1; 0
15531; 19; 0; 0; 0,997183026559964; 0,997183026559964; 1; 0; 1; 0
15546; 10; 0; 0; 0,999719860400404; 0,999719860400404; 1; 0; 1; 0
15562; 23; 0; 0; 0,913372666305809; 0,913372666305809; 1; 0; 1; 0
15587; 10; 0; 0; 0,731449929659358; 0,731449929659358; 1; 0; 1; 0
15608; 10; 0; 0; 0,881452338335886; 0,881452338335886; 1; 0; 1; 0
15620; 20; 0; 0; 0,996955284330326; 0,996955284330326; 1; 0; 1; 0
15622; 20; 0; 0; 0,881161925064518; 0,881161925064518; 1; 0; 1; 0
15630; 2; 0; 0; 0,564577645036954; 0,564577645036954; 1; 0; 1; 0
15641; 16; 0; 0; 0,999970310814457; 0,999970310814457; 1; 0; 1; 0
15650; 10; 0; 0; 0,65241638052954; 0,65241638052954; 1; 0; 1; 0
15686; 10; 0; 0; 0,999941256601454; 0,999941256601454; 1; 0; 1; 0
15707; 10; 0; 0; 0,871835245453065; 0,871835245453065; 1; 0; 1; 0
15709; 10; 0; 0; 1; 1; 1; 0; 1; 0
15725; 2; 0; 0; 0,566782733743392; 0,566782733743392; 1; 0; 1; 0
15726; 19; 0; 0; 0,906526325127113; 0,906526325127113; 1; 0; 1; 0
15740; 16; 0; 0; 0,999929671715897; 0,999929671715897; 1; 0; 1; 0
15754; 10; 0; 0; 0,997642657264231; 0,997642657264231; 1; 0; 1; 0
15772; 19; 0; 0; 0,512840884183791; 0,512840884183791; 1; 0; 1; 0
15775; 160; 0; 0; 0,999454671911207; 0,999454671911207; 1; 0; 1; 0
15776; 19; 0; 0; 0,311576240163451; 0,311576240163451; 1; 0; 1; 0
15798; 2; 0; 0; 1; 1; 1; 0; 1; 0
15804; 19; 0; 0; 1; 1; 1; 0; 1; 0
15810; 16; 0; 0; 0,997399664591814; 0,997399664591814; 1; 0; 1; 0
15829; 16; 0; 0; 0,996989416826032; 0,996989416826032; 1; 0; 1; 0
15830; 10; 0; 0; 1; 1; 1; 0; 1; 0
15831; 19; 0; 0; 0,985848668009044; 0,985848668009044; 1; 0; 1; 0
15837; 10; 0; 0; 0,973951972988036; 0,973951972988036; 1; 0; 1; 0
15863; 18; 0; 0; 0,913817485202973; 0,913817485202973; 1; 0; 1; 0
15865; 19; 0; 0; 0,997420663972971; 0,997420663972971; 1; 0; 1; 0
15866; 16; 0; 0; 0,999814102687301; 0,999814102687301; 1; 0; 1; 0
15875; 16; 0; 0; 0,300885514093833; 0,300885514093833; 1; 0; 1; 0
15912; 19; 0; 0; 0,997506186821191; 0,997506186821191; 1; 0; 1; 0
