MAC; alternativas; MasProb; Elección; MaxProb; ElecProb; %linkOK; %linkNO; %DistOK; %DistNO
21; 2; 0; 0; 1; 1; 1; 0; 1; 0
32; 10; 0; 0; 0,9998882854139; 0,9998882854139; 1; 0; 1; 0
54; 20; 0; 0; 0,981599403232946; 0,981599403232946; 1; 0; 1; 0
68; 3; 0; 0; 1; 1; 1; 0; 1; 0
69; 2; 0; 0; 1; 1; 1; 0; 1; 0
77; 16; 0; 0; 1; 1; 1; 0; 1; 0
89; 11; 0; 0; 1; 1; 1; 0; 1; 0
92; 10; 0; 0; 1; 1; 1; 0; 1; 0
108; 10; 0; 0; 1; 1; 1; 0; 1; 0
113; 10; 0; 0; 0,999935580880435; 0,999935580880435; 1; 0; 1; 0
148; 10; 0; 0; 1; 1; 1; 0; 1; 0
158; 10; 0; 0; 1; 1; 1; 0; 1; 0
164; 10; 0; 0; 1; 1; 1; 0; 1; 0
172; 2; 0; 0; 0,999910702997158; 0,999910702997158; 1; 0; 1; 0
191; 10; 0; 0; 0,88597357016347; 0,88597357016347; 1; 0; 1; 0
199; 11; 0; 0; 1; 1; 1; 0; 1; 0
207; 10; 0; 0; 1; 1; 1; 0; 1; 0
230; 10; 0; 0; 1; 1; 1; 0; 1; 0
231; 20; 0; 0; 0,947229899641089; 0,947229899641089; 1; 0; 1; 0
235; 16; 0; 0; 1; 1; 1; 0; 1; 0
244; 40; 0; 0; 0,998275523685588; 0,998275523685588; 1; 0; 1; 0
257; 2; 0; 0; 1; 1; 1; 0; 1; 0
302; 3; 0; 0; 1; 1; 1; 0; 1; 0
321; 10; 0; 0; 0,99971865649481; 0,99971865649481; 1; 0; 1; 0
329; 20; 0; 0; 0,999793649045391; 0,999793649045391; 1; 0; 1; 0
333; 3; 0; 0; 1; 1; 1; 0; 1; 0
363; 3; 0; 0; 1; 1; 1; 0; 1; 0
368; 16; 0; 0; 1; 1; 1; 0; 1; 0
372; 10; 0; 0; 1; 1; 1; 0; 1; 0
377; 2; 0; 0; 1; 1; 1; 0; 1; 0
379; 8; 0; 0; 1; 1; 1; 0; 1; 0
386; 10; 2; 0; 0,882415143076356; 0,117584856923644; 1; 0; 1; 0
400; 2; 0; 0; 1; 1; 1; 0; 1; 0
402; 26; 0; 1; 0,789559097182844; 0,210440902817156; 0; 0; 0,499830914844845; 0,500169085155155
416; 2; 0; 0; 1; 1; 1; 0; 1; 0
428; 16; 0; 0; 1; 1; 1; 0; 1; 0
429; 3; 0; 0; 1; 1; 1; 0; 1; 0
434; 10; 0; 0; 1; 1; 1; 0; 1; 0
468; 2; 0; 0; 1; 1; 1; 0; 1; 0
473; 4; 0; 0; 1; 1; 1; 0; 1; 0
482; 4; 0; 0; 1; 1; 1; 0; 1; 0
493; 2; 0; 0; 1; 1; 1; 0; 1; 0
528; 2; 0; 0; 1; 1; 1; 0; 1; 0
543; 20; 0; 0; 0,998712803954236; 0,998712803954236; 1; 0; 1; 0
546; 10; 0; 0; 1; 1; 1; 0; 1; 0
565; 2; 0; 0; 1; 1; 1; 0; 1; 0
570; 16; 0; 0; 1; 1; 1; 0; 1; 0
574; 2; 1; 0; 0,930609217328745; 0,069390782671255; 1; 0; 1; 0
583; 10; 0; 0; 1; 1; 1; 0; 1; 0
620; 22; 0; 0; 0,956855297391539; 0,956855297391539; 1; 0; 1; 0
630; 10; 0; 0; 0,998520748574156; 0,998520748574156; 1; 0; 1; 0
651; 2; 0; 0; 1; 1; 1; 0; 1; 0
673; 10; 0; 0; 1; 1; 1; 0; 1; 0
684; 18; 2; 1; 0,552597845075206; 0; 0; 1; 0; 1
718; 2; 0; 0; 1; 1; 1; 0; 1; 0
787; 20; 0; 0; 0,993775245828268; 0,993775245828268; 1; 0; 1; 0
817; 20; 0; 0; 0,998348779426279; 0,998348779426279; 1; 0; 1; 0
818; 3; 0; 0; 1; 1; 1; 0; 1; 0
825; 11; 0; 0; 1; 1; 1; 0; 1; 0
826; 16; 0; 0; 1; 1; 1; 0; 1; 0
827; 10; 0; 0; 1; 1; 1; 0; 1; 0
828; 16; 0; 0; 0,432037831952696; 0,432037831952696; 1; 0; 1; 0
875; 16; 0; 0; 0,424953496912037; 0,424953496912037; 1; 0; 1; 0
881; 22; 0; 0; 0,957272542967315; 0,957272542967315; 1; 0; 1; 0
886; 64; 0; 0; 1; 1; 1; 0; 1; 0
919; 64; 0; 0; 1; 1; 1; 0; 1; 0
928; 11; 0; 0; 1; 1; 1; 0; 1; 0
935; 2; 0; 0; 0,985104115951504; 0,985104115951504; 1; 0; 1; 0
960; 10; 0; 0; 1; 1; 1; 0; 1; 0
969; 10; 0; 0; 1; 1; 1; 0; 1; 0
991; 3; 0; 0; 1; 1; 1; 0; 1; 0
1051; 2; 0; 0; 1; 1; 1; 0; 1; 0
1054; 4; 0; 0; 1; 1; 1; 0; 1; 0
1061; 10; 0; 0; 1; 1; 1; 0; 1; 0
1063; 10; 0; 0; 1; 1; 1; 0; 1; 0
1070; 16; 0; 0; 1; 1; 1; 0; 1; 0
1093; 2; 0; 0; 1; 1; 1; 0; 1; 0
1097; 2; 0; 0; 1; 1; 1; 0; 1; 0
1098; 10; 0; 0; 0,999887794522253; 0,999887794522253; 1; 0; 1; 0
1102; 2; 0; 0; 1; 1; 1; 0; 1; 0
1127; 2; 0; 0; 1; 1; 1; 0; 1; 0
1145; 10; 0; 0; 1; 1; 1; 0; 1; 0
1208; 16; 0; 0; 1; 1; 1; 0; 1; 0
1209; 3; 2; 0; 0,707126129114684; 0,102805318519348; 1; 0; 1; 0
1211; 10; 0; 0; 0,886434920250804; 0,886434920250804; 1; 0; 1; 0
1236; 10; 0; 0; 0,999995812973076; 0,999995812973076; 1; 0; 1; 0
1244; 2; 0; 0; 1; 1; 1; 0; 1; 0
1249; 10; 0; 0; 1; 1; 1; 0; 1; 0
1250; 3; 0; 0; 1; 1; 1; 0; 1; 0
1271; 2; 0; 0; 1; 1; 1; 0; 1; 0
1273; 3; 0; 0; 1; 1; 1; 0; 1; 0
1315; 3; 0; 0; 1; 1; 1; 0; 1; 0
1331; 20; 0; 0; 1; 1; 1; 0; 1; 0
1342; 2; 0; 1; 0,862074989897111; 0,137925010102888; 0; 0; 0,499871699868275; 0,500128300131725
1347; 10; 0; 0; 1; 1; 1; 0; 1; 0
1364; 16; 0; 0; 1; 1; 1; 0; 1; 0
1370; 2; 0; 0; 1; 1; 1; 0; 1; 0
1376; 2; 0; 0; 1; 1; 1; 0; 1; 0
1384; 2; 0; 0; 1; 1; 1; 0; 1; 0
1395; 2; 0; 0; 1; 1; 1; 0; 1; 0
1415; 2; 0; 0; 1; 1; 1; 0; 1; 0
1437; 11; 0; 0; 1; 1; 1; 0; 1; 0
1471; 2; 0; 0; 1; 1; 1; 0; 1; 0
1478; 3; 2; 0; 0,595638173323998; 0,329283610817982; 1; 0; 1; 0
1484; 3; 0; 0; 1; 1; 1; 0; 1; 0
1504; 26; 0; 1; 0,866685838855169; 0,13331416114483; 0; 0; 0,499830914844845; 0,500169085155155
1540; 3; 0; 0; 1; 1; 1; 0; 1; 0
1553; 22; 0; 0; 0,812868770174914; 0,812868770174914; 1; 0; 1; 0
1587; 2; 0; 0; 1; 1; 1; 0; 1; 0
1588; 2; 0; 0; 0,997598013142401; 0,997598013142401; 1; 0; 1; 0
1620; 2; 0; 1; 0,850633360302475; 0,149366639697526; 0; 0; 0,500599967389935; 0,499400032610065
1649; 22; 0; 0; 0,84350910945268; 0,84350910945268; 1; 0; 1; 0
1675; 2; 0; 0; 0,542541326311132; 0,542541326311132; 1; 0; 1; 0
1684; 2; 0; 0; 1; 1; 1; 0; 1; 0
1687; 2; 0; 0; 1; 1; 1; 0; 1; 0
1691; 48; 0; 0; 1; 1; 1; 0; 1; 0
1692; 2; 1; 0; 0,983021381432384; 0,0169786185676161; 1; 0; 1; 0
1703; 10; 0; 2; 0,443511689742123; 0,171820823223349; 0; 0; 0,248741993199409; 0,751258006800591
1716; 22; 0; 0; 0,879913922180408; 0,879913922180408; 1; 0; 1; 0
1742; 2; 0; 0; 1; 1; 1; 0; 1; 0
1753; 3; 0; 0; 1; 1; 1; 0; 1; 0
1771; 4; 0; 0; 1; 1; 1; 0; 1; 0
1776; 11; 0; 0; 1; 1; 1; 0; 1; 0
1808; 22; 0; 0; 0,957069932568977; 0,957069932568977; 1; 0; 1; 0
1809; 48; 0; 0; 1; 1; 1; 0; 1; 0
1810; 10; 0; 0; 1; 1; 1; 0; 1; 0
1811; 22; 0; 0; 0,95795017765758; 0,95795017765758; 1; 0; 1; 0
1812; 2; 0; 0; 1; 1; 1; 0; 1; 0
1842; 2; 1; 0; 1; 0; 1; 0; 1; 0
1884; 10; 0; 0; 1; 1; 1; 0; 1; 0
1898; 10; 0; 0; 1; 1; 1; 0; 1; 0
1944; 2; 0; 0; 1; 1; 1; 0; 1; 0
1946; 16; 0; 0; 1; 1; 1; 0; 1; 0
1956; 2; 0; 0; 1; 1; 1; 0; 1; 0
1974; 20; 0; 0; 0,995159467190267; 0,995159467190267; 1; 0; 1; 0
1980; 2; 0; 0; 1; 1; 1; 0; 1; 0
1984; 2; 0; 0; 1; 1; 1; 0; 1; 0
1996; 2; 0; 1; 0,902619324776049; 0,0973806752239511; 0; 0; 0,199321718519391; 0,800678281480609
2008; 22; 0; 0; 0,99361112644232; 0,99361112644232; 1; 0; 1; 0
2031; 10; 0; 0; 1; 1; 1; 0; 1; 0
2058; 4; 0; 0; 1; 1; 1; 0; 1; 0
2075; 16; 2; 0; 0,2628459332674; 0,161905596360922; 1; 0; 1; 0
2126; 16; 0; 0; 1; 1; 1; 0; 1; 0
2133; 3; 0; 0; 1; 1; 1; 0; 1; 0
2175; 20; 0; 0; 0,955837560204568; 0,955837560204568; 1; 0; 1; 0
2177; 20; 0; 0; 0,952956807844607; 0,952956807844607; 1; 0; 1; 0
2230; 16; 0; 0; 1; 1; 1; 0; 1; 0
2246; 10; 0; 0; 1; 1; 1; 0; 1; 0
2248; 11; 0; 0; 1; 1; 1; 0; 1; 0
2264; 3; 0; 0; 1; 1; 1; 0; 1; 0
2278; 4; 0; 0; 1; 1; 1; 0; 1; 0
2281; 36; 0; 0; 1; 1; 1; 0; 1; 0
2283; 4; 0; 0; 1; 1; 1; 0; 1; 0
2299; 64; 0; 0; 1; 1; 1; 0; 1; 0
2316; 10; 0; 0; 1; 1; 1; 0; 1; 0
2329; 22; 0; 0; 0,785879081003132; 0,785879081003132; 1; 0; 1; 0
2350; 16; 0; 0; 0,974180265180338; 0,974180265180338; 1; 0; 1; 0
2364; 2; 0; 0; 1; 1; 1; 0; 1; 0
2378; 2; 0; 0; 1; 1; 1; 0; 1; 0
2413; 2; 0; 0; 1; 1; 1; 0; 1; 0
2417; 16; 0; 0; 0,999364720442033; 0,999364720442033; 1; 0; 1; 0
2421; 2; 0; 0; 1; 1; 1; 0; 1; 0
2423; 10; 0; 0; 0,76701898490681; 0,76701898490681; 1; 0; 1; 0
2426; 16; 0; 0; 1; 1; 1; 0; 1; 0
2440; 3; 0; 0; 0,801027709400951; 0,801027709400951; 1; 0; 1; 0
2458; 2; 0; 0; 1; 1; 1; 0; 1; 0
2459; 2; 0; 0; 1; 1; 1; 0; 1; 0
2478; 2; 1; 1; 1; 1; 0; 0; 0,167385047325938; 0,832614952674062
2496; 16; 0; 0; 1; 1; 1; 0; 1; 0
2499; 16; 0; 0; 1; 1; 1; 0; 1; 0
2514; 16; 0; 0; 1; 1; 1; 0; 1; 0
2525; 2; 0; 0; 1; 1; 1; 0; 1; 0
2531; 16; 0; 0; 1; 1; 1; 0; 1; 0
2532; 20; 0; 0; 1; 1; 1; 0; 1; 0
2542; 2; 1; 0; 0,655297592835558; 0,344702407164442; 1; 0; 1; 0
2553; 2; 0; 0; 0,936014156883774; 0,936014156883774; 1; 0; 1; 0
2554; 2; 0; 0; 1; 1; 1; 0; 1; 0
2560; 2; 0; 0; 1; 1; 1; 0; 1; 0
2567; 2; 0; 0; 1; 1; 1; 0; 1; 0
2571; 3; 0; 0; 0,835248852002225; 0,835248852002225; 1; 0; 1; 0
2616; 22; 0; 0; 0,813243501680501; 0,813243501680501; 1; 0; 1; 0
2636; 16; 0; 0; 1; 1; 1; 0; 1; 0
2666; 3; 0; 0; 0,840788940781152; 0,840788940781152; 1; 0; 1; 0
2691; 10; 0; 0; 1; 1; 1; 0; 1; 0
2695; 10; 0; 0; 1; 1; 1; 0; 1; 0
2702; 2; 0; 0; 1; 1; 1; 0; 1; 0
2717; 11; 0; 0; 1; 1; 1; 0; 1; 0
2723; 3; 0; 0; 1; 1; 1; 0; 1; 0
2748; 16; 0; 0; 0,99999659721493; 0,99999659721493; 1; 0; 1; 0
2750; 10; 0; 0; 1; 1; 1; 0; 1; 0
2766; 20; 0; 0; 1; 1; 1; 0; 1; 0
2776; 2; 0; 0; 1; 1; 1; 0; 1; 0
2807; 11; 0; 0; 1; 1; 1; 0; 1; 0
2810; 16; 1; 0; 1; 0; 1; 0; 1; 0
2814; 10; 0; 0; 1; 1; 1; 0; 1; 0
2822; 2; 0; 0; 1; 1; 1; 0; 1; 0
2824; 10; 0; 0; 0,868826222070919; 0,868826222070919; 1; 0; 1; 0
2845; 2; 0; 0; 1; 1; 1; 0; 1; 0
2856; 2; 0; 0; 1; 1; 1; 0; 1; 0
2858; 4; 0; 0; 1; 1; 1; 0; 1; 0
2875; 3; 0; 0; 1; 1; 1; 0; 1; 0
2877; 10; 0; 0; 0,734471694639994; 0,734471694639994; 1; 0; 1; 0
2883; 3; 0; 0; 1; 1; 1; 0; 1; 0
2898; 3; 0; 0; 0,795718386154049; 0,795718386154049; 1; 0; 1; 0
2901; 11; 0; 0; 1; 1; 1; 0; 1; 0
2903; 3; 0; 0; 1; 1; 1; 0; 1; 0
2936; 40; 0; 0; 1; 1; 1; 0; 1; 0
2940; 13; 0; 0; 1; 1; 1; 0; 1; 0
2957; 2; 0; 0; 1; 1; 1; 0; 1; 0
2963; 3; 0; 0; 1; 1; 1; 0; 1; 0
3011; 2; 0; 0; 1; 1; 1; 0; 1; 0
3060; 2; 0; 0; 1; 1; 1; 0; 1; 0
3066; 3; 0; 1; 0,723862514180764; 0; 0; 0; 0,124270025085709; 0,875729974914291
3082; 3; 0; 0; 0,718474877393652; 0,718474877393652; 1; 0; 1; 0
3095; 3; 0; 0; 1; 1; 1; 0; 1; 0
3143; 2; 0; 0; 1; 1; 1; 0; 1; 0
3148; 2; 0; 0; 1; 1; 1; 0; 1; 0
3152; 3; 0; 0; 0,847691157312783; 0,847691157312783; 1; 0; 1; 0
3158; 2; 0; 0; 1; 1; 1; 0; 1; 0
3160; 2; 1; 0; 1; 0; 1; 0; 1; 0
3185; 10; 0; 0; 1; 1; 1; 0; 1; 0
3212; 22; 0; 0; 0,999416848189138; 0,999416848189138; 1; 0; 1; 0
3214; 3; 0; 0; 1; 1; 1; 0; 1; 0
3220; 11; 0; 0; 0,996661257583739; 0,996661257583739; 1; 0; 1; 0
3229; 10; 0; 0; 1; 1; 1; 0; 1; 0
3312; 3; 0; 0; 1; 1; 1; 0; 1; 0
3321; 16; 0; 0; 1; 1; 1; 0; 1; 0
3323; 10; 0; 0; 1; 1; 1; 0; 1; 0
3332; 16; 0; 0; 0,999995889062061; 0,999995889062061; 1; 0; 1; 0
3336; 3; 0; 0; 1; 1; 1; 0; 1; 0
3345; 18; 2; 1; 0,663079181070037; 0,129637810658859; 0; 1; 0; 1
3347; 2; 1; 1; 1; 1; 0; 0; 0,167385047325938; 0,832614952674062
3369; 10; 0; 0; 0,862713803207607; 0,862713803207607; 1; 0; 1; 0
3395; 48; 0; 0; 1; 1; 1; 0; 1; 0
3402; 2; 1; 0; 1; 0; 1; 0; 1; 0
3420; 2; 1; 0; 0,62288932237034; 0,37711067762966; 1; 0; 1; 0
3435; 10; 0; 0; 1; 1; 1; 0; 1; 0
3454; 11; 0; 0; 1; 1; 1; 0; 1; 0
3465; 2; 1; 1; 0,619785894943777; 0,619785894943777; 0; 1; 0; 1
3472; 10; 0; 0; 1; 1; 1; 0; 1; 0
3477; 10; 0; 0; 1; 1; 1; 0; 1; 0
3492; 2; 0; 0; 1; 1; 1; 0; 1; 0
3539; 3; 0; 0; 0,845703184999089; 0,845703184999089; 1; 0; 1; 0
3555; 11; 0; 0; 1; 1; 1; 0; 1; 0
3570; 3; 0; 0; 1; 1; 1; 0; 1; 0
3573; 2; 0; 0; 1; 1; 1; 0; 1; 0
3589; 10; 0; 0; 0,886486459319044; 0,886486459319044; 1; 0; 1; 0
3594; 3; 0; 0; 0,845703184999089; 0,845703184999089; 1; 0; 1; 0
3600; 3; 0; 0; 0,838011247653398; 0,838011247653398; 1; 0; 1; 0
3676; 10; 0; 0; 1; 1; 1; 0; 1; 0
3701; 3; 2; 0; 0,7493829004728; 0,128730434892928; 1; 0; 1; 0
3714; 3; 2; 0; 0,746498506991634; 0,135683557619513; 1; 0; 1; 0
3740; 4; 0; 0; 1; 1; 1; 0; 1; 0
3843; 16; 0; 0; 1; 1; 1; 0; 1; 0
3846; 2; 0; 0; 0,94909977137334; 0,94909977137334; 1; 0; 1; 0
3875; 10; 0; 0; 1; 1; 1; 0; 1; 0
3892; 3; 0; 0; 1; 1; 1; 0; 1; 0
3902; 10; 1; 0; 0,555627547476189; 0,444372452523811; 1; 0; 1; 0
3926; 2; 0; 0; 0,749831294561038; 0,749831294561038; 1; 0; 1; 0
3958; 2; 1; 0; 1; 0; 1; 0; 1; 0
3968; 10; 0; 0; 1; 1; 1; 0; 1; 0
3972; 16; 0; 0; 0,951372952590504; 0,951372952590504; 1; 0; 1; 0
3984; 20; 0; 0; 1; 1; 1; 0; 1; 0
4029; 4; 0; 0; 1; 1; 1; 0; 1; 0
4034; 2; 1; 0; 1; 0; 1; 0; 1; 0
4055; 3; 0; 0; 1; 1; 1; 0; 1; 0
4069; 10; 0; 0; 0,999999243622891; 0,999999243622891; 1; 0; 1; 0
4083; 10; 0; 0; 1; 1; 1; 0; 1; 0
4106; 3; 0; 0; 1; 1; 1; 0; 1; 0
4124; 10; 0; 0; 1; 1; 1; 0; 1; 0
4125; 16; 0; 0; 1; 1; 1; 0; 1; 0
4129; 10; 0; 0; 1; 1; 1; 0; 1; 0
4147; 16; 0; 0; 1; 1; 1; 0; 1; 0
4193; 2; 0; 0; 1; 1; 1; 0; 1; 0
4208; 13; 0; 0; 1; 1; 1; 0; 1; 0
4214; 10; 0; 0; 1; 1; 1; 0; 1; 0
4223; 48; 0; 0; 1; 1; 1; 0; 1; 0
4225; 10; 0; 0; 1; 1; 1; 0; 1; 0
4234; 2; 0; 0; 0,926439253375807; 0,926439253375807; 1; 0; 1; 0
4238; 2; 0; 0; 1; 1; 1; 0; 1; 0
4258; 10; 0; 0; 0,997288247209086; 0,997288247209086; 1; 0; 1; 0
4273; 16; 0; 0; 1; 1; 1; 0; 1; 0
4278; 20; 0; 0; 1; 1; 1; 0; 1; 0
4293; 32; 1; 0; 0,944916167698807; 0,0550838323011926; 1; 0; 1; 0
4316; 22; 0; 0; 0,994915851065227; 0,994915851065227; 1; 0; 1; 0
4317; 3; 0; 0; 1; 1; 1; 0; 1; 0
4331; 10; 0; 0; 1; 1; 1; 0; 1; 0
4354; 2; 0; 0; 0,946828714626286; 0,946828714626286; 1; 0; 1; 0
4355; 10; 0; 0; 0,975801194718825; 0,975801194718825; 1; 0; 1; 0
4392; 2; 0; 1; 0,78910063466233; 0,21089936533767; 0; 0; 0,500256624585928; 0,499743375414072
4436; 2; 0; 0; 1; 1; 1; 0; 1; 0
4457; 2; 0; 0; 0,944239824214652; 0,944239824214652; 1; 0; 1; 0
4486; 20; 0; 0; 1; 1; 1; 0; 1; 0
4503; 2; 0; 0; 1; 1; 1; 0; 1; 0
4512; 20; 0; 0; 1; 1; 1; 0; 1; 0
4543; 20; 0; 0; 1; 1; 1; 0; 1; 0
4565; 3; 0; 0; 1; 1; 1; 0; 1; 0
4592; 16; 0; 0; 1; 1; 1; 0; 1; 0
4598; 2; 0; 0; 1; 1; 1; 0; 1; 0
4637; 3; 0; 0; 1; 1; 1; 0; 1; 0
4645; 8; 0; 0; 1; 1; 1; 0; 1; 0
4704; 10; 0; 0; 1; 1; 1; 0; 1; 0
4706; 2; 0; 0; 1; 1; 1; 0; 1; 0
4734; 4; 0; 0; 1; 1; 1; 0; 1; 0
4747; 16; 0; 0; 1; 1; 1; 0; 1; 0
4755; 10; 0; 0; 1; 1; 1; 0; 1; 0
4779; 4; 0; 0; 1; 1; 1; 0; 1; 0
4783; 2; 0; 0; 1; 1; 1; 0; 1; 0
4793; 4; 0; 0; 1; 1; 1; 0; 1; 0
4812; 16; 0; 0; 1; 1; 1; 0; 1; 0
4844; 4; 0; 0; 1; 1; 1; 0; 1; 0
4848; 18; 0; 1; 0,621094743220101; 0; 0; 1; 0; 1
4859; 10; 0; 0; 1; 1; 1; 0; 1; 0
4863; 10; 0; 0; 0,952728349148549; 0,952728349148549; 1; 0; 1; 0
4914; 3; 0; 0; 1; 1; 1; 0; 1; 0
4924; 2; 0; 1; 0,84666951837075; 0,15333048162925; 0; 0; 0,33314918551223; 0,66685081448777
4927; 2; 0; 0; 1; 1; 1; 0; 1; 0
4932; 2; 0; 0; 0,994455055250659; 0,994455055250659; 1; 0; 1; 0
4952; 20; 0; 0; 0,999996592739561; 0,999996592739561; 1; 0; 1; 0
4965; 11; 0; 0; 1; 1; 1; 0; 1; 0
4968; 13; 0; 0; 1; 1; 1; 0; 1; 0
5018; 2; 0; 0; 0,982407667622485; 0,982407667622485; 1; 0; 1; 0
5067; 16; 0; 0; 1; 1; 1; 0; 1; 0
5073; 10; 0; 0; 1; 1; 1; 0; 1; 0
5077; 22; 0; 0; 1; 1; 1; 0; 1; 0
5140; 2; 0; 0; 1; 1; 1; 0; 1; 0
5142; 11; 0; 0; 1; 1; 1; 0; 1; 0
5144; 16; 0; 0; 1; 1; 1; 0; 1; 0
5157; 2; 0; 0; 1; 1; 1; 0; 1; 0
5197; 11; 0; 0; 1; 1; 1; 0; 1; 0
5277; 10; 0; 0; 1; 1; 1; 0; 1; 0
5281; 10; 0; 0; 1; 1; 1; 0; 1; 0
5290; 2; 0; 0; 1; 1; 1; 0; 1; 0
5298; 2; 0; 0; 1; 1; 1; 0; 1; 0
5302; 3; 0; 0; 0,958832613338488; 0,958832613338488; 1; 0; 1; 0
5306; 2; 0; 0; 1; 1; 1; 0; 1; 0
5344; 10; 0; 0; 1; 1; 1; 0; 1; 0
5357; 11; 0; 0; 1; 1; 1; 0; 1; 0
5358; 2; 0; 0; 1; 1; 1; 0; 1; 0
5359; 2; 0; 0; 1; 1; 1; 0; 1; 0
5370; 13; 0; 0; 1; 1; 1; 0; 1; 0
5402; 10; 0; 0; 1; 1; 1; 0; 1; 0
5413; 10; 0; 0; 1; 1; 1; 0; 1; 0
5436; 2; 0; 0; 1; 1; 1; 0; 1; 0
5440; 10; 0; 0; 0,999982266142123; 0,999982266142123; 1; 0; 1; 0
5458; 2; 1; 1; 0,594547920034689; 0,594547920034689; 0; 0; 0,331599996738756; 0,668400003261244
5491; 4; 0; 0; 1; 1; 1; 0; 1; 0
5508; 2; 0; 0; 1; 1; 1; 0; 1; 0
5518; 2; 0; 0; 1; 1; 1; 0; 1; 0
5524; 10; 0; 0; 1; 1; 1; 0; 1; 0
5526; 10; 0; 0; 1; 1; 1; 0; 1; 0
5548; 3; 0; 0; 0,949926212575445; 0,949926212575445; 1; 0; 1; 0
5564; 10; 0; 0; 0,952263049646959; 0,952263049646959; 1; 0; 1; 0
5575; 10; 0; 0; 1; 1; 1; 0; 1; 0
5591; 2; 0; 0; 1; 1; 1; 0; 1; 0
5636; 2; 0; 0; 1; 1; 1; 0; 1; 0
5653; 2; 0; 0; 1; 1; 1; 0; 1; 0
5659; 3; 0; 0; 0,957252288882399; 0,957252288882399; 1; 0; 1; 0
5662; 10; 0; 0; 0,997003928931975; 0,997003928931975; 1; 0; 1; 0
5692; 3; 0; 0; 1; 1; 1; 0; 1; 0
5696; 3; 0; 0; 1; 1; 1; 0; 1; 0
5712; 2; 0; 1; 0,754558675456082; 0,245441324543918; 0; 0; 0,199321718519391; 0,800678281480609
5725; 2; 0; 0; 1; 1; 1; 0; 1; 0
5735; 13; 0; 0; 1; 1; 1; 0; 1; 0
5747; 100; 0; 0; 0,991445845112715; 0,991445845112715; 1; 0; 1; 0
5783; 10; 2; 0; 0,586755467887714; 0,263447215266462; 1; 0; 1; 0
5795; 11; 0; 0; 1; 1; 1; 0; 1; 0
5798; 2; 0; 0; 1; 1; 1; 0; 1; 0
5804; 2; 0; 0; 1; 1; 1; 0; 1; 0
5805; 4; 0; 0; 1; 1; 1; 0; 1; 0
5874; 3; 0; 0; 1; 1; 1; 0; 1; 0
5876; 3; 0; 0; 1; 1; 1; 0; 1; 0
5888; 3; 0; 2; 0,42278083398961; 0,256320942949347; 0; 0; 0,428139817652065; 0,571860182347935
5889; 10; 0; 0; 1; 1; 1; 0; 1; 0
5910; 2; 0; 0; 0,546111103982476; 0,546111103982476; 1; 0; 1; 0
5932; 10; 0; 0; 1; 1; 1; 0; 1; 0
5937; 16; 0; 0; 1; 1; 1; 0; 1; 0
5951; 16; 0; 0; 1; 1; 1; 0; 1; 0
5960; 10; 0; 0; 0,496286559752778; 0,496286559752778; 1; 0; 1; 0
5980; 10; 0; 0; 1; 1; 1; 0; 1; 0
6007; 13; 0; 0; 1; 1; 1; 0; 1; 0
6032; 2; 0; 0; 1; 1; 1; 0; 1; 0
6038; 2; 0; 1; 0,767060595646458; 0,232939404353542; 0; 0; 0,199321718519391; 0,800678281480609
6042; 2; 0; 0; 1; 1; 1; 0; 1; 0
6048; 16; 0; 0; 1; 1; 1; 0; 1; 0
6054; 13; 0; 0; 1; 1; 1; 0; 1; 0
6060; 2; 0; 0; 1; 1; 1; 0; 1; 0
6061; 2; 0; 0; 1; 1; 1; 0; 1; 0
6062; 3; 0; 0; 0,961272165277185; 0,961272165277185; 1; 0; 1; 0
6076; 2; 1; 1; 0,75025722708038; 0,75025722708038; 0; 1; 0; 1
6094; 4; 0; 0; 1; 1; 1; 0; 1; 0
6112; 16; 0; 0; 1; 1; 1; 0; 1; 0
6130; 16; 0; 0; 1; 1; 1; 0; 1; 0
6139; 3; 0; 0; 1; 1; 1; 0; 1; 0
6194; 10; 0; 0; 0,951550565551025; 0,951550565551025; 1; 0; 1; 0
6206; 64; 0; 0; 1; 1; 1; 0; 1; 0
6209; 2; 1; 0; 0,671200248168748; 0,328799751831252; 1; 0; 1; 0
6224; 10; 0; 0; 1; 1; 1; 0; 1; 0
6231; 11; 0; 0; 1; 1; 1; 0; 1; 0
6236; 8; 0; 0; 1; 1; 1; 0; 1; 0
6245; 10; 0; 0; 1; 1; 1; 0; 1; 0
6247; 18; 0; 1; 0,621707320857954; 0,000147370151613849; 0; 1; 0; 1
6257; 10; 0; 0; 0,998025206073784; 0,998025206073784; 1; 0; 1; 0
6280; 16; 0; 0; 1; 1; 1; 0; 1; 0
6283; 4; 0; 0; 1; 1; 1; 0; 1; 0
6296; 2; 0; 0; 1; 1; 1; 0; 1; 0
6334; 2; 0; 0; 1; 1; 1; 0; 1; 0
6341; 10; 0; 0; 1; 1; 1; 0; 1; 0
6343; 10; 0; 0; 1; 1; 1; 0; 1; 0
6344; 10; 0; 0; 1; 1; 1; 0; 1; 0
6346; 10; 0; 0; 0,952444319372843; 0,952444319372843; 1; 0; 1; 0
6370; 2; 0; 0; 1; 1; 1; 0; 1; 0
6381; 10; 0; 0; 0,89320065954017; 0,89320065954017; 1; 0; 1; 0
6389; 20; 0; 0; 0,957696468768929; 0,957696468768929; 1; 0; 1; 0
6408; 13; 0; 0; 1; 1; 1; 0; 1; 0
6503; 10; 0; 0; 1; 1; 1; 0; 1; 0
6507; 22; 0; 0; 1; 1; 1; 0; 1; 0
6511; 11; 0; 0; 1; 1; 1; 0; 1; 0
6527; 2; 0; 0; 1; 1; 1; 0; 1; 0
6534; 10; 0; 0; 0,928676741023742; 0,928676741023742; 1; 0; 1; 0
6678; 100; 0; 0; 0,973989970213789; 0,973989970213789; 1; 0; 1; 0
6718; 13; 0; 0; 1; 1; 1; 0; 1; 0
6722; 10; 0; 0; 1; 1; 1; 0; 1; 0
6724; 2; 0; 0; 1; 1; 1; 0; 1; 0
6727; 3; 0; 0; 1; 1; 1; 0; 1; 0
6747; 10; 0; 0; 1; 1; 1; 0; 1; 0
6767; 11; 0; 0; 1; 1; 1; 0; 1; 0
6826; 2; 0; 0; 1; 1; 1; 0; 1; 0
6836; 20; 0; 0; 0,996198719656933; 0,996198719656933; 1; 0; 1; 0
6837; 2; 1; 0; 0,579926904157904; 0,420073095842096; 1; 0; 1; 0
6863; 2; 0; 0; 0,860997401995707; 0,860997401995707; 1; 0; 1; 0
6878; 10; 0; 0; 1; 1; 1; 0; 1; 0
6900; 10; 2; 0; 0,726380297814489; 0,0281526705681311; 1; 0; 1; 0
6907; 10; 0; 0; 1; 1; 1; 0; 1; 0
6909; 2; 0; 0; 1; 1; 1; 0; 1; 0
6912; 10; 0; 0; 1; 1; 1; 0; 1; 0
6923; 10; 0; 0; 1; 1; 1; 0; 1; 0
6936; 18; 0; 1; 0,61487970997115; 0,000238535843850415; 0; 1; 0; 1
6947; 10; 0; 0; 1; 1; 1; 0; 1; 0
6963; 3; 0; 0; 0,934910378599539; 0,934910378599539; 1; 0; 1; 0
6967; 3; 0; 0; 1; 1; 1; 0; 1; 0
6976; 4; 0; 0; 1; 1; 1; 0; 1; 0
6990; 10; 0; 0; 1; 1; 1; 0; 1; 0
7019; 10; 0; 0; 1; 1; 1; 0; 1; 0
7039; 10; 0; 0; 1; 1; 1; 0; 1; 0
7040; 16; 0; 0; 1; 1; 1; 0; 1; 0
7046; 20; 0; 0; 0,999708045417968; 0,999708045417968; 1; 0; 1; 0
7049; 16; 0; 0; 1; 1; 1; 0; 1; 0
7059; 3; 0; 0; 0,93566074458117; 0,93566074458117; 1; 0; 1; 0
7092; 10; 0; 0; 1; 1; 1; 0; 1; 0
7111; 10; 0; 0; 0,663868126132419; 0,663868126132419; 1; 0; 1; 0
7114; 2; 0; 0; 1; 1; 1; 0; 1; 0
7130; 11; 0; 0; 1; 1; 1; 0; 1; 0
7141; 22; 0; 0; 1; 1; 1; 0; 1; 0
7143; 16; 0; 0; 1; 1; 1; 0; 1; 0
7151; 18; 0; 0; 1; 1; 1; 0; 1; 0
7175; 16; 0; 0; 1; 1; 1; 0; 1; 0
7200; 16; 0; 0; 1; 1; 1; 0; 1; 0
7262; 10; 0; 0; 0,94030275985887; 0,94030275985887; 1; 0; 1; 0
7270; 2; 0; 0; 1; 1; 1; 0; 1; 0
7278; 10; 0; 0; 1; 1; 1; 0; 1; 0
7283; 4; 0; 0; 1; 1; 1; 0; 1; 0
7287; 2; 0; 0; 1; 1; 1; 0; 1; 0
7303; 10; 0; 0; 0,99661266827601; 0,99661266827601; 1; 0; 1; 0
7332; 10; 0; 0; 0,923933565640722; 0,923933565640722; 1; 0; 1; 0
7335; 220; 0; 0; 0,960174508594326; 0,960174508594326; 1; 0; 1; 0
7344; 2; 0; 0; 1; 1; 1; 0; 1; 0
7345; 3; 0; 0; 0,950482733047874; 0,950482733047874; 1; 0; 1; 0
7352; 3; 0; 0; 0,935774563563844; 0,935774563563844; 1; 0; 1; 0
7359; 8; 0; 0; 1; 1; 1; 0; 1; 0
7366; 2; 0; 0; 1; 1; 1; 0; 1; 0
7371; 10; 0; 0; 1; 1; 1; 0; 1; 0
7418; 2; 0; 0; 1; 1; 1; 0; 1; 0
7437; 10; 0; 0; 0,607597514703154; 0,607597514703154; 1; 0; 1; 0
7442; 10; 0; 0; 1; 1; 1; 0; 1; 0
7449; 16; 0; 0; 1; 1; 1; 0; 1; 0
7471; 22; 0; 0; 1; 1; 1; 0; 1; 0
7475; 10; 0; 0; 1; 1; 1; 0; 1; 0
7476; 10; 0; 0; 1; 1; 1; 0; 1; 0
7488; 11; 0; 0; 1; 1; 1; 0; 1; 0
7492; 2; 0; 0; 1; 1; 1; 0; 1; 0
7497; 3; 0; 0; 0,926867850864913; 0,926867850864913; 1; 0; 1; 0
7517; 2; 0; 0; 1; 1; 1; 0; 1; 0
7522; 16; 0; 0; 1; 1; 1; 0; 1; 0
7533; 10; 1; 0; 0,441575324516854; 0,387252324520406; 1; 0; 1; 0
7552; 16; 0; 0; 1; 1; 1; 0; 1; 0
7571; 10; 0; 0; 1; 1; 1; 0; 1; 0
7578; 2; 0; 0; 1; 1; 1; 0; 1; 0
7580; 16; 0; 0; 1; 1; 1; 0; 1; 0
7584; 2; 0; 0; 1; 1; 1; 0; 1; 0
7646; 10; 0; 0; 1; 1; 1; 0; 1; 0
7662; 10; 0; 0; 1; 1; 1; 0; 1; 0
7668; 3; 0; 0; 1; 1; 1; 0; 1; 0
7684; 2; 0; 0; 1; 1; 1; 0; 1; 0
7692; 10; 0; 0; 1; 1; 1; 0; 1; 0
7701; 10; 0; 0; 1; 1; 1; 0; 1; 0
7703; 16; 0; 0; 1; 1; 1; 0; 1; 0
7724; 16; 0; 0; 1; 1; 1; 0; 1; 0
7738; 10; 0; 0; 0,998277750219685; 0,998277750219685; 1; 0; 1; 0
7739; 10; 0; 0; 0,905591540709459; 0,905591540709459; 1; 0; 1; 0
7766; 2; 0; 0; 1; 1; 1; 0; 1; 0
7790; 10; 0; 0; 1; 1; 1; 0; 1; 0
7807; 2; 0; 0; 1; 1; 1; 0; 1; 0
7820; 3; 0; 0; 0,943659698627666; 0,943659698627666; 1; 0; 1; 0
7841; 176; 0; 0; 1; 1; 1; 0; 1; 0
7843; 2; 0; 0; 0,732191541450539; 0,732191541450539; 1; 0; 1; 0
7861; 10; 0; 0; 0,947009591165154; 0,947009591165154; 1; 0; 1; 0
7869; 2; 0; 0; 1; 1; 1; 0; 1; 0
7886; 2; 0; 0; 1; 1; 1; 0; 1; 0
7904; 10; 0; 0; 1; 1; 1; 0; 1; 0
7935; 10; 1; 0; 0,49084007616577; 0,0286721902817922; 1; 0; 1; 0
7937; 3; 0; 0; 0,957127556410835; 0,957127556410835; 1; 0; 1; 0
7939; 2; 0; 0; 1; 1; 1; 0; 1; 0
7970; 3; 0; 0; 1; 1; 1; 0; 1; 0
7983; 10; 0; 0; 0,626633404668892; 0,626633404668892; 1; 0; 1; 0
7989; 10; 2; 0; 0,726380297814489; 0,0281526705681311; 1; 0; 1; 0
8040; 16; 0; 0; 1; 1; 1; 0; 1; 0
8041; 10; 0; 0; 1; 1; 1; 0; 1; 0
8050; 3; 0; 0; 0,853944180260922; 0,853944180260922; 1; 0; 1; 0
8072; 18; 1; 1; 1; 1; 0; 0; 0,250781242289067; 0,749218757710933
8084; 3; 0; 0; 1; 1; 1; 0; 1; 0
8096; 10; 0; 0; 1; 1; 1; 0; 1; 0
8130; 10; 0; 0; 1; 1; 1; 0; 1; 0
8136; 10; 0; 0; 0,998055982919359; 0,998055982919359; 1; 0; 1; 0
8163; 11; 0; 0; 1; 1; 1; 0; 1; 0
8197; 10; 2; 0; 0,220487864900045; 0; 1; 0; 1; 0
8214; 10; 0; 0; 1; 1; 1; 0; 1; 0
8215; 10; 0; 0; 1; 1; 1; 0; 1; 0
8224; 16; 0; 0; 1; 1; 1; 0; 1; 0
8245; 2; 0; 0; 1; 1; 1; 0; 1; 0
8249; 2; 0; 0; 1; 1; 1; 0; 1; 0
8263; 2; 0; 0; 1; 1; 1; 0; 1; 0
8290; 10; 0; 0; 0,951909794831132; 0,951909794831132; 1; 0; 1; 0
8291; 2; 0; 0; 1; 1; 1; 0; 1; 0
8304; 2; 0; 0; 1; 1; 1; 0; 1; 0
8359; 3; 0; 0; 0,946457114323849; 0,946457114323849; 1; 0; 1; 0
8373; 3; 0; 0; 1; 1; 1; 0; 1; 0
8375; 10; 0; 0; 1; 1; 1; 0; 1; 0
8381; 16; 0; 0; 1; 1; 1; 0; 1; 0
8389; 2; 0; 0; 1; 1; 1; 0; 1; 0
8400; 2; 0; 0; 1; 1; 1; 0; 1; 0
8403; 2; 0; 0; 1; 1; 1; 0; 1; 0
8413; 16; 0; 0; 1; 1; 1; 0; 1; 0
8419; 2; 0; 0; 1; 1; 1; 0; 1; 0
8431; 3; 0; 0; 1; 1; 1; 0; 1; 0
8436; 2; 0; 0; 0,896251860948395; 0,896251860948395; 1; 0; 1; 0
8445; 3; 0; 0; 1; 1; 1; 0; 1; 0
8451; 10; 1; 0; 0,760353166807756; 0,239646833192244; 1; 0; 1; 0
8452; 2; 0; 0; 1; 1; 1; 0; 1; 0
8462; 2; 1; 1; 0,886263514331806; 0,886263514331806; 0; 0; 0,500599967389935; 0,499400032610065
8463; 2; 0; 0; 1; 1; 1; 0; 1; 0
8464; 3; 0; 0; 1; 1; 1; 0; 1; 0
8489; 16; 0; 0; 1; 1; 1; 0; 1; 0
8496; 2; 0; 0; 1; 1; 1; 0; 1; 0
8519; 2; 0; 0; 1; 1; 1; 0; 1; 0
8530; 3; 0; 0; 0,933676205300785; 0,933676205300785; 1; 0; 1; 0
8533; 2; 0; 0; 1; 1; 1; 0; 1; 0
8537; 3; 0; 0; 1; 1; 1; 0; 1; 0
8540; 10; 0; 0; 1; 1; 1; 0; 1; 0
8545; 3; 0; 0; 1; 1; 1; 0; 1; 0
8565; 10; 1; 2; 0,400142494761121; 0,212707152125528; 0; 0; 0,249836158183357; 0,750163841816643
8600; 10; 0; 0; 0,924813244972562; 0,924813244972562; 1; 0; 1; 0
8608; 2; 0; 0; 0,898182618191405; 0,898182618191405; 1; 0; 1; 0
8609; 3; 0; 0; 1; 1; 1; 0; 1; 0
8614; 10; 0; 0; 0,999767331853515; 0,999767331853515; 1; 0; 1; 0
8623; 3; 0; 0; 1; 1; 1; 0; 1; 0
8627; 2; 0; 0; 1; 1; 1; 0; 1; 0
8642; 2; 0; 0; 1; 1; 1; 0; 1; 0
8650; 2; 0; 0; 1; 1; 1; 0; 1; 0
8655; 4; 3; 0; 0,354688946618222; 0; 1; 0; 1; 0
8661; 2; 0; 0; 1; 1; 1; 0; 1; 0
8674; 3; 0; 0; 0,828275049439688; 0,828275049439688; 1; 0; 1; 0
8691; 10; 0; 0; 1; 1; 1; 0; 1; 0
8703; 2; 0; 0; 1; 1; 1; 0; 1; 0
8705; 2; 0; 0; 1; 1; 1; 0; 1; 0
8707; 10; 0; 0; 0,746813427969631; 0,746813427969631; 1; 0; 1; 0
8713; 2; 0; 0; 1; 1; 1; 0; 1; 0
8724; 2; 0; 0; 1; 1; 1; 0; 1; 0
8737; 10; 0; 0; 1; 1; 1; 0; 1; 0
8796; 10; 0; 0; 1; 1; 1; 0; 1; 0
8804; 100; 0; 0; 1; 1; 1; 0; 1; 0
8810; 16; 0; 0; 1; 1; 1; 0; 1; 0
8815; 10; 0; 0; 0,998120857288897; 0,998120857288897; 1; 0; 1; 0
8823; 16; 0; 0; 1; 1; 1; 0; 1; 0
8824; 10; 0; 0; 1; 1; 1; 0; 1; 0
8831; 10; 0; 0; 1; 1; 1; 0; 1; 0
8839; 2; 0; 0; 1; 1; 1; 0; 1; 0
8865; 3; 1; 2; 1; 0; 0; 0; 0,499830914844845; 0,500169085155155
8886; 2; 0; 0; 1; 1; 1; 0; 1; 0
8904; 20; 0; 0; 1; 1; 1; 0; 1; 0
8909; 2; 0; 0; 1; 1; 1; 0; 1; 0
8916; 3; 0; 0; 1; 1; 1; 0; 1; 0
8922; 10; 0; 0; 1; 1; 1; 0; 1; 0
8926; 10; 0; 0; 1; 1; 1; 0; 1; 0
8935; 22; 0; 0; 1; 1; 1; 0; 1; 0
8936; 11; 0; 0; 1; 1; 1; 0; 1; 0
8948; 2; 0; 0; 1; 1; 1; 0; 1; 0
8951; 3; 0; 0; 1; 1; 1; 0; 1; 0
8961; 16; 0; 0; 1; 1; 1; 0; 1; 0
8962; 11; 0; 0; 1; 1; 1; 0; 1; 0
8975; 10; 0; 0; 1; 1; 1; 0; 1; 0
8976; 10; 0; 0; 1; 1; 1; 0; 1; 0
8978; 2; 0; 0; 1; 1; 1; 0; 1; 0
8982; 18; 2; 1; 0,834626635006187; 0; 0; 0; 0,248243774845419; 0,751756225154581
9005; 13; 0; 0; 1; 1; 1; 0; 1; 0
9040; 16; 0; 0; 1; 1; 1; 0; 1; 0
9044; 3; 0; 0; 1; 1; 1; 0; 1; 0
9060; 16; 0; 0; 1; 1; 1; 0; 1; 0
9089; 2; 0; 0; 1; 1; 1; 0; 1; 0
9123; 3; 0; 0; 1; 1; 1; 0; 1; 0
9133; 10; 0; 0; 0,997864959892815; 0,997864959892815; 1; 0; 1; 0
9172; 16; 0; 0; 1; 1; 1; 0; 1; 0
9178; 2; 0; 0; 1; 1; 1; 0; 1; 0
9185; 10; 0; 0; 1; 1; 1; 0; 1; 0
9203; 10; 0; 0; 1; 1; 1; 0; 1; 0
9205; 20; 0; 0; 1; 1; 1; 0; 1; 0
9212; 18; 1; 1; 1; 1; 0; 1; 0; 1
9213; 20; 0; 0; 1; 1; 1; 0; 1; 0
9220; 2; 0; 0; 1; 1; 1; 0; 1; 0
9229; 11; 0; 0; 1; 1; 1; 0; 1; 0
9253; 2; 0; 1; 0,905040908665459; 0,094959091334541; 0; 0; 0,500296553284424; 0,499703446715576
9258; 3; 0; 0; 0,916791841172026; 0,916791841172026; 1; 0; 1; 0
9260; 16; 0; 0; 1; 1; 1; 0; 1; 0
9262; 13; 0; 0; 1; 1; 1; 0; 1; 0
9279; 3; 0; 0; 1; 1; 1; 0; 1; 0
9280; 10; 0; 0; 1; 1; 1; 0; 1; 0
9285; 2; 0; 0; 1; 1; 1; 0; 1; 0
9298; 3; 0; 0; 1; 1; 1; 0; 1; 0
9314; 2; 0; 0; 1; 1; 1; 0; 1; 0
9331; 3; 0; 0; 1; 1; 1; 0; 1; 0
9345; 2; 1; 1; 0,70228306436695; 0,70228306436695; 0; 0; 0,33314918551223; 0,66685081448777
9355; 13; 0; 0; 1; 1; 1; 0; 1; 0
9364; 22; 1; 0; 0,647506486336363; 0,352493513663637; 1; 0; 1; 0
9378; 2; 1; 1; 0,628904949715296; 0,628904949715296; 0; 0; 0,50057903542205; 0,49942096457795
9381; 10; 0; 0; 0,954227313955688; 0,954227313955688; 1; 0; 1; 0
9421; 3; 0; 0; 1; 1; 1; 0; 1; 0
9423; 2; 0; 0; 1; 1; 1; 0; 1; 0
9456; 18; 2; 1; 0,683473124628654; 0,0188421132902336; 0; 1; 0; 1
9460; 16; 0; 0; 1; 1; 1; 0; 1; 0
9462; 16; 0; 0; 1; 1; 1; 0; 1; 0
9464; 2; 0; 0; 1; 1; 1; 0; 1; 0
9468; 2; 0; 0; 1; 1; 1; 0; 1; 0
9477; 2; 0; 1; 0,960511302878351; 0,0394886971216489; 0; 0; 0,167385047325938; 0,832614952674062
9509; 13; 0; 0; 1; 1; 1; 0; 1; 0
9519; 16; 0; 0; 1; 1; 1; 0; 1; 0
9523; 18; 1; 1; 1; 1; 0; 0; 0,250781242289067; 0,749218757710933
9536; 48; 0; 0; 1; 1; 1; 0; 1; 0
9554; 2; 1; 1; 0,764649142921913; 0,764649142921913; 0; 0; 0,33314918551223; 0,66685081448777
9560; 10; 0; 0; 1; 1; 1; 0; 1; 0
9569; 10; 0; 0; 0,524243374377926; 0,524243374377926; 1; 0; 1; 0
9594; 3; 0; 0; 1; 1; 1; 0; 1; 0
9620; 16; 0; 0; 1; 1; 1; 0; 1; 0
9632; 16; 0; 0; 1; 1; 1; 0; 1; 0
9633; 3; 0; 0; 1; 1; 1; 0; 1; 0
9671; 20; 0; 0; 1; 1; 1; 0; 1; 0
9726; 2; 0; 0; 1; 1; 1; 0; 1; 0
9752; 16; 0; 0; 1; 1; 1; 0; 1; 0
9756; 2; 0; 0; 1; 1; 1; 0; 1; 0
9773; 10; 0; 0; 1; 1; 1; 0; 1; 0
9787; 10; 0; 0; 0,998243101371533; 0,998243101371533; 1; 0; 1; 0
9798; 2; 1; 0; 0,526966879639833; 0,473033120360167; 1; 0; 1; 0
9802; 10; 0; 0; 1; 1; 1; 0; 1; 0
9808; 2; 1; 1; 0,757974589127016; 0,757974589127016; 0; 0; 0,499830914844845; 0,500169085155155
9826; 10; 0; 0; 0,998289585148059; 0,998289585148059; 1; 0; 1; 0
9834; 2; 1; 1; 0,74107247555343; 0,74107247555343; 0; 0; 0,499871699868275; 0,500128300131725
9842; 2; 1; 1; 0,751004518988648; 0,751004518988648; 0; 0; 0,499871699868275; 0,500128300131725
9881; 13; 0; 0; 1; 1; 1; 0; 1; 0
9913; 10; 0; 0; 1; 1; 1; 0; 1; 0
9918; 11; 0; 0; 1; 1; 1; 0; 1; 0
9923; 18; 2; 1; 0,613067393851542; 0,0429251573800543; 0; 1; 0; 1
9932; 2; 0; 0; 1; 1; 1; 0; 1; 0
9948; 2; 0; 0; 1; 1; 1; 0; 1; 0
9953; 2; 0; 0; 1; 1; 1; 0; 1; 0
9976; 10; 0; 0; 1; 1; 1; 0; 1; 0
10012; 11; 0; 0; 1; 1; 1; 0; 1; 0
10038; 2; 0; 0; 0,86489621993859; 0,86489621993859; 1; 0; 1; 0
10084; 2; 0; 0; 1; 1; 1; 0; 1; 0
10091; 3; 0; 0; 0,827283612406586; 0,827283612406586; 1; 0; 1; 0
10094; 2; 0; 0; 1; 1; 1; 0; 1; 0
10109; 2; 0; 1; 1; 0; 0; 0; 0,429117560232381; 0,570882439767619
10133; 2; 0; 0; 1; 1; 1; 0; 1; 0
10163; 2; 1; 0; 1; 0; 1; 0; 1; 0
10169; 16; 0; 0; 1; 1; 1; 0; 1; 0
10199; 2; 0; 0; 1; 1; 1; 0; 1; 0
10200; 10; 0; 0; 0,851232207005063; 0,851232207005063; 1; 0; 1; 0
10209; 10; 0; 0; 1; 1; 1; 0; 1; 0
10216; 3; 0; 0; 0,887415635202445; 0,887415635202445; 1; 0; 1; 0
10227; 2; 1; 0; 1; 0; 1; 0; 1; 0
10233; 2; 0; 0; 1; 1; 1; 0; 1; 0
10242; 2; 1; 1; 0,58968715369093; 0,58968715369093; 0; 0; 0,50057903542205; 0,49942096457795
10248; 10; 0; 0; 1; 1; 1; 0; 1; 0
10249; 3; 0; 0; 1; 1; 1; 0; 1; 0
10254; 2; 0; 0; 1; 1; 1; 0; 1; 0
10309; 10; 0; 0; 1; 1; 1; 0; 1; 0
10312; 100; 0; 0; 1; 1; 1; 0; 1; 0
10313; 3; 0; 0; 0,883906312518317; 0,883906312518317; 1; 0; 1; 0
10329; 16; 0; 0; 1; 1; 1; 0; 1; 0
10330; 2; 1; 1; 0,68992322600461; 0,68992322600461; 0; 0; 0,50057903542205; 0,49942096457795
10363; 10; 0; 0; 0,999793727841102; 0,999793727841102; 1; 0; 1; 0
10370; 13; 0; 0; 1; 1; 1; 0; 1; 0
10371; 2; 0; 0; 1; 1; 1; 0; 1; 0
10374; 11; 0; 0; 1; 1; 1; 0; 1; 0
10378; 100; 0; 0; 0,997963957488391; 0,997963957488391; 1; 0; 1; 0
10384; 3; 0; 0; 0,829799049518216; 0,829799049518216; 1; 0; 1; 0
10385; 18; 1; 1; 1; 1; 0; 0; 0,250781242289067; 0,749218757710933
10411; 10; 0; 0; 1; 1; 1; 0; 1; 0
10414; 2; 1; 0; 0,646477335021646; 0,353522664978354; 1; 0; 1; 0
10431; 16; 0; 0; 1; 1; 1; 0; 1; 0
10432; 2; 0; 0; 1; 1; 1; 0; 1; 0
10453; 10; 0; 0; 0,999832158507501; 0,999832158507501; 1; 0; 1; 0
10456; 10; 0; 0; 1; 1; 1; 0; 1; 0
10457; 2; 0; 0; 1; 1; 1; 0; 1; 0
10466; 10; 0; 0; 1; 1; 1; 0; 1; 0
10468; 16; 0; 0; 1; 1; 1; 0; 1; 0
10478; 2; 0; 0; 0,785318020699853; 0,785318020699853; 1; 0; 1; 0
10494; 10; 0; 0; 0,696107134168373; 0,696107134168373; 1; 0; 1; 0
10518; 11; 0; 0; 1; 1; 1; 0; 1; 0
10526; 3; 0; 0; 1; 1; 1; 0; 1; 0
10527; 10; 0; 0; 0,942466386441955; 0,942466386441955; 1; 0; 1; 0
10528; 2; 0; 0; 1; 1; 1; 0; 1; 0
10556; 11; 0; 0; 1; 1; 1; 0; 1; 0
10557; 3; 0; 0; 1; 1; 1; 0; 1; 0
10575; 3; 0; 0; 0,93139006755456; 0,93139006755456; 1; 0; 1; 0
10586; 10; 0; 0; 1; 1; 1; 0; 1; 0
10618; 3; 0; 0; 0,853080573240417; 0,853080573240417; 1; 0; 1; 0
10621; 2; 0; 0; 1; 1; 1; 0; 1; 0
10628; 10; 0; 0; 1; 1; 1; 0; 1; 0
10638; 2; 0; 0; 1; 1; 1; 0; 1; 0
10652; 2; 0; 0; 1; 1; 1; 0; 1; 0
10654; 10; 0; 0; 1; 1; 1; 0; 1; 0
10661; 2; 0; 0; 1; 1; 1; 0; 1; 0
10662; 4; 0; 0; 1; 1; 1; 0; 1; 0
10664; 2; 0; 0; 1; 1; 1; 0; 1; 0
10678; 160; 0; 0; 1; 1; 1; 0; 1; 0
10687; 10; 0; 0; 1; 1; 1; 0; 1; 0
10734; 2; 0; 0; 1; 1; 1; 0; 1; 0
10736; 10; 0; 0; 1; 1; 1; 0; 1; 0
10757; 3; 0; 0; 1; 1; 1; 0; 1; 0
10758; 10; 0; 0; 0,923335689404843; 0,923335689404843; 1; 0; 1; 0
10760; 3; 0; 0; 1; 1; 1; 0; 1; 0
10767; 10; 0; 0; 0,943173161028182; 0,943173161028182; 1; 0; 1; 0
10777; 2; 0; 0; 1; 1; 1; 0; 1; 0
10791; 4; 0; 0; 1; 1; 1; 0; 1; 0
10803; 10; 0; 0; 0,999615505375697; 0,999615505375697; 1; 0; 1; 0
10849; 3; 0; 0; 1; 1; 1; 0; 1; 0
10852; 3; 0; 0; 0,826616557497699; 0,826616557497699; 1; 0; 1; 0
10858; 10; 0; 0; 1; 1; 1; 0; 1; 0
10868; 2; 1; 0; 1; 0; 1; 0; 1; 0
10872; 10; 0; 0; 1; 1; 1; 0; 1; 0
10876; 10; 0; 0; 0,766826668382007; 0,766826668382007; 1; 0; 1; 0
10934; 16; 0; 0; 1; 1; 1; 0; 1; 0
10953; 13; 0; 0; 1; 1; 1; 0; 1; 0
10975; 10; 2; 0; 0,844636732080529; 0; 1; 0; 1; 0
10976; 10; 0; 0; 1; 1; 1; 0; 1; 0
10984; 2; 1; 0; 1; 0; 1; 0; 1; 0
11001; 10; 0; 0; 0,99813424812345; 0,99813424812345; 1; 0; 1; 0
11020; 10; 0; 0; 0,928069353057703; 0,928069353057703; 1; 0; 1; 0
11032; 2; 0; 0; 1; 1; 1; 0; 1; 0
11036; 2; 0; 0; 0,669967457664698; 0,669967457664698; 1; 0; 1; 0
11046; 10; 0; 0; 0,999974959474918; 0,999974959474918; 1; 0; 1; 0
11093; 10; 0; 0; 1; 1; 1; 0; 1; 0
11111; 10; 0; 0; 1; 1; 1; 0; 1; 0
11138; 10; 0; 0; 1; 1; 1; 0; 1; 0
11149; 11; 0; 0; 1; 1; 1; 0; 1; 0
11158; 2; 0; 0; 1; 1; 1; 0; 1; 0
11229; 13; 0; 0; 1; 1; 1; 0; 1; 0
11251; 10; 0; 0; 1; 1; 1; 0; 1; 0
11255; 13; 0; 0; 1; 1; 1; 0; 1; 0
11295; 3; 0; 0; 1; 1; 1; 0; 1; 0
11306; 2; 0; 0; 1; 1; 1; 0; 1; 0
11307; 2; 0; 0; 1; 1; 1; 0; 1; 0
11313; 10; 0; 0; 0,999980361489572; 0,999980361489572; 1; 0; 1; 0
11317; 2; 1; 0; 1; 0; 1; 0; 1; 0
11319; 16; 0; 0; 1; 1; 1; 0; 1; 0
11323; 22; 0; 0; 1; 1; 1; 0; 1; 0
11329; 3; 0; 0; 0,894619541787261; 0,894619541787261; 1; 0; 1; 0
11352; 10; 0; 0; 0,616117911331876; 0,616117911331876; 1; 0; 1; 0
11366; 10; 0; 0; 0,999521552966363; 0,999521552966363; 1; 0; 1; 0
11373; 16; 0; 0; 1; 1; 1; 0; 1; 0
11379; 16; 0; 0; 1; 1; 1; 0; 1; 0
11396; 3; 0; 0; 1; 1; 1; 0; 1; 0
11406; 3; 0; 0; 0,833350640427237; 0,833350640427237; 1; 0; 1; 0
11412; 2; 0; 0; 1; 1; 1; 0; 1; 0
11414; 2; 1; 0; 0,766901623525091; 0,233098376474909; 1; 0; 1; 0
11453; 3; 0; 0; 0,925581934653837; 0,925581934653837; 1; 0; 1; 0
11479; 13; 0; 0; 1; 1; 1; 0; 1; 0
11522; 2; 1; 0; 0,700323024863411; 0,299676975136589; 1; 0; 1; 0
11534; 18; 2; 1; 0,748623644729136; 0,00213628918991132; 0; 1; 0; 1
11536; 2; 1; 0; 0,721810999728014; 0,278189000271986; 1; 0; 1; 0
11552; 11; 0; 0; 1; 1; 1; 0; 1; 0
11591; 11; 0; 0; 1; 1; 1; 0; 1; 0
11597; 2; 0; 0; 0,563817995226554; 0,563817995226554; 1; 0; 1; 0
11600; 16; 0; 0; 1; 1; 1; 0; 1; 0
11604; 160; 0; 0; 1; 1; 1; 0; 1; 0
11613; 14; 3; 10; 0,474868462705347; 0; 0; 1; 0; 1
11621; 16; 0; 0; 1; 1; 1; 0; 1; 0
11633; 20; 0; 0; 0,998871484374737; 0,998871484374737; 1; 0; 1; 0
11634; 2; 0; 0; 1; 1; 1; 0; 1; 0
11672; 2; 0; 0; 1; 1; 1; 0; 1; 0
11685; 16; 0; 0; 1; 1; 1; 0; 1; 0
11697; 2; 1; 0; 0,769498234483801; 0,230501765516199; 1; 0; 1; 0
11703; 2; 0; 0; 1; 1; 1; 0; 1; 0
11712; 2; 0; 0; 1; 1; 1; 0; 1; 0
11723; 2; 0; 0; 1; 1; 1; 0; 1; 0
11724; 2; 0; 0; 0,822560179081378; 0,822560179081378; 1; 0; 1; 0
11725; 16; 0; 0; 1; 1; 1; 0; 1; 0
11749; 20; 0; 0; 0,999636336452482; 0,999636336452482; 1; 0; 1; 0
11767; 16; 0; 0; 1; 1; 1; 0; 1; 0
11806; 10; 0; 0; 1; 1; 1; 0; 1; 0
11820; 4; 0; 0; 1; 1; 1; 0; 1; 0
11837; 2; 0; 0; 1; 1; 1; 0; 1; 0
11841; 16; 0; 0; 1; 1; 1; 0; 1; 0
11856; 2; 0; 0; 1; 1; 1; 0; 1; 0
11879; 2; 0; 0; 1; 1; 1; 0; 1; 0
11888; 16; 0; 0; 1; 1; 1; 0; 1; 0
11897; 11; 0; 0; 1; 1; 1; 0; 1; 0
11910; 2; 0; 0; 1; 1; 1; 0; 1; 0
11929; 16; 0; 0; 1; 1; 1; 0; 1; 0
11942; 2; 0; 0; 1; 1; 1; 0; 1; 0
11953; 2; 1; 0; 1; 0; 1; 0; 1; 0
11967; 2; 0; 0; 1; 1; 1; 0; 1; 0
11980; 2; 0; 0; 1; 1; 1; 0; 1; 0
11987; 4; 0; 0; 1; 1; 1; 0; 1; 0
12014; 2; 0; 0; 1; 1; 1; 0; 1; 0
12097; 2; 1; 0; 0,65614327215312; 0,34385672784688; 1; 0; 1; 0
12160; 16; 0; 0; 1; 1; 1; 0; 1; 0
12181; 10; 0; 0; 1; 1; 1; 0; 1; 0
12195; 10; 0; 0; 1; 1; 1; 0; 1; 0
12220; 13; 0; 0; 1; 1; 1; 0; 1; 0
12226; 11; 0; 0; 1; 1; 1; 0; 1; 0
12228; 2; 0; 0; 1; 1; 1; 0; 1; 0
12236; 8; 0; 0; 1; 1; 1; 0; 1; 0
12242; 10; 0; 0; 1; 1; 1; 0; 1; 0
12248; 3; 0; 0; 1; 1; 1; 0; 1; 0
12251; 2; 0; 0; 1; 1; 1; 0; 1; 0
12255; 16; 0; 0; 1; 1; 1; 0; 1; 0
12273; 2; 0; 0; 1; 1; 1; 0; 1; 0
12274; 2; 0; 0; 1; 1; 1; 0; 1; 0
12292; 2; 1; 0; 0,63936362684974; 0,36063637315026; 1; 0; 1; 0
12345; 32; 1; 1; 1; 1; 0; 0; 0,500984484812199; 0,499015515187801
12360; 2; 0; 0; 1; 1; 1; 0; 1; 0
12365; 10; 0; 0; 1; 1; 1; 0; 1; 0
12372; 10; 1; 0; 0,736937834649715; 0,263062165350285; 1; 0; 1; 0
12383; 48; 0; 0; 0,957966658543406; 0,957966658543406; 1; 0; 1; 0
12393; 2; 0; 0; 1; 1; 1; 0; 1; 0
12400; 8; 0; 0; 1; 1; 1; 0; 1; 0
12407; 16; 0; 0; 1; 1; 1; 0; 1; 0
12431; 10; 0; 0; 1; 1; 1; 0; 1; 0
12434; 22; 0; 0; 0,985045936868538; 0,985045936868538; 1; 0; 1; 0
12435; 10; 0; 0; 1; 1; 1; 0; 1; 0
12437; 16; 0; 0; 1; 1; 1; 0; 1; 0
12464; 48; 2; 0; 0,655309712856707; 0,344690287143293; 1; 0; 1; 0
12489; 10; 0; 0; 1; 1; 1; 0; 1; 0
12535; 16; 0; 0; 1; 1; 1; 0; 1; 0
12544; 2; 0; 0; 1; 1; 1; 0; 1; 0
12568; 2; 0; 0; 1; 1; 1; 0; 1; 0
12574; 16; 0; 0; 1; 1; 1; 0; 1; 0
12583; 11; 0; 0; 1; 1; 1; 0; 1; 0
12593; 16; 0; 0; 1; 1; 1; 0; 1; 0
12616; 16; 0; 0; 1; 1; 1; 0; 1; 0
12618; 10; 0; 0; 1; 1; 1; 0; 1; 0
12629; 4; 0; 0; 1; 1; 1; 0; 1; 0
12633; 10; 0; 0; 1; 1; 1; 0; 1; 0
12636; 10; 0; 0; 0,707718418406821; 0,707718418406821; 1; 0; 1; 0
12639; 13; 0; 0; 1; 1; 1; 0; 1; 0
12670; 10; 0; 0; 1; 1; 1; 0; 1; 0
12726; 2; 1; 0; 1; 0; 1; 0; 1; 0
12745; 3; 0; 0; 0,910040020561149; 0,910040020561149; 1; 0; 1; 0
12762; 2; 1; 1; 0,968714721210865; 0,968714721210865; 0; 0; 0,429117560232381; 0,570882439767619
12780; 100; 0; 0; 1; 1; 1; 0; 1; 0
12793; 10; 0; 0; 1; 1; 1; 0; 1; 0
12794; 11; 0; 0; 1; 1; 1; 0; 1; 0
12809; 18; 1; 1; 1; 1; 0; 1; 0; 1
12846; 10; 2; 0; 0,820136513249232; 0,0722887572993945; 1; 0; 1; 0
12867; 2; 0; 0; 1; 1; 1; 0; 1; 0
12896; 4; 0; 0; 1; 1; 1; 0; 1; 0
12901; 11; 0; 0; 1; 1; 1; 0; 1; 0
12916; 2; 0; 1; 1; 0; 0; 0; 0,167385047325938; 0,832614952674062
12950; 2; 0; 0; 1; 1; 1; 0; 1; 0
12953; 3; 0; 0; 1; 1; 1; 0; 1; 0
12957; 3; 0; 0; 1; 1; 1; 0; 1; 0
12963; 20; 0; 0; 1; 1; 1; 0; 1; 0
12991; 10; 0; 0; 1; 1; 1; 0; 1; 0
12993; 2; 1; 1; 0,999527820021929; 0,999527820021929; 0; 0; 0,499954889917529; 0,500045110082471
13018; 10; 0; 0; 0,687955315395118; 0,687955315395118; 1; 0; 1; 0
13055; 2; 0; 0; 1; 1; 1; 0; 1; 0
13058; 2; 0; 0; 1; 1; 1; 0; 1; 0
13070; 2; 0; 0; 1; 1; 1; 0; 1; 0
13097; 10; 0; 0; 0,728115678013194; 0,728115678013194; 1; 0; 1; 0
13098; 10; 0; 0; 0,741515323397352; 0,741515323397352; 1; 0; 1; 0
13108; 16; 0; 0; 1; 1; 1; 0; 1; 0
13112; 18; 0; 0; 1; 1; 1; 0; 1; 0
13121; 3; 0; 0; 0,910079337227239; 0,910079337227239; 1; 0; 1; 0
13154; 8; 0; 0; 1; 1; 1; 0; 1; 0
13167; 2; 0; 0; 1; 1; 1; 0; 1; 0
13179; 3; 0; 0; 0,958434287377146; 0,958434287377146; 1; 0; 1; 0
13216; 2; 1; 0; 1; 0; 1; 0; 1; 0
13218; 10; 0; 0; 1; 1; 1; 0; 1; 0
13221; 4; 0; 0; 1; 1; 1; 0; 1; 0
13237; 10; 0; 0; 1; 1; 1; 0; 1; 0
13298; 22; 0; 0; 0,992330338616361; 0,992330338616361; 1; 0; 1; 0
13312; 3; 0; 0; 1; 1; 1; 0; 1; 0
13325; 10; 0; 0; 0,96261354769514; 0,96261354769514; 1; 0; 1; 0
13326; 2; 0; 0; 1; 1; 1; 0; 1; 0
13334; 4; 0; 0; 1; 1; 1; 0; 1; 0
13360; 10; 0; 0; 1; 1; 1; 0; 1; 0
13395; 10; 0; 0; 1; 1; 1; 0; 1; 0
13405; 2; 1; 0; 1; 0; 1; 0; 1; 0
13422; 3; 0; 0; 1; 1; 1; 0; 1; 0
13464; 10; 4; 0; 0,999613987079577; 0; 1; 0; 1; 0
13503; 16; 0; 0; 1; 1; 1; 0; 1; 0
13513; 11; 0; 0; 1; 1; 1; 0; 1; 0
13514; 10; 9; 0; 0,189985588226799; 0; 1; 0; 1; 0
13515; 16; 2; 0; 0,31254429488513; 0; 1; 0; 1; 0
13532; 2; 0; 0; 1; 1; 1; 0; 1; 0
13540; 10; 0; 0; 1; 1; 1; 0; 1; 0
13571; 4; 0; 0; 1; 1; 1; 0; 1; 0
13572; 2; 0; 0; 1; 1; 1; 0; 1; 0
13586; 2; 0; 0; 0,774679018427187; 0,774679018427187; 1; 0; 1; 0
13588; 10; 0; 0; 1; 1; 1; 0; 1; 0
13603; 10; 0; 0; 1; 1; 1; 0; 1; 0
13614; 2; 0; 0; 1; 1; 1; 0; 1; 0
13625; 2; 0; 0; 1; 1; 1; 0; 1; 0
13633; 2; 0; 0; 1; 1; 1; 0; 1; 0
13644; 2; 1; 0; 1; 0; 1; 0; 1; 0
13684; 18; 0; 0; 1; 1; 1; 0; 1; 0
13685; 13; 0; 0; 1; 1; 1; 0; 1; 0
13689; 2; 0; 0; 1; 1; 1; 0; 1; 0
13693; 2; 0; 0; 1; 1; 1; 0; 1; 0
13707; 2; 0; 0; 1; 1; 1; 0; 1; 0
13717; 10; 0; 0; 1; 1; 1; 0; 1; 0
13720; 3; 0; 0; 0,910330690163625; 0,910330690163625; 1; 0; 1; 0
13723; 4; 0; 0; 1; 1; 1; 0; 1; 0
13728; 4; 0; 0; 1; 1; 1; 0; 1; 0
13737; 20; 0; 0; 0,988373442968802; 0,988373442968802; 1; 0; 1; 0
13746; 18; 0; 0; 1; 1; 1; 0; 1; 0
13747; 2; 0; 0; 1; 1; 1; 0; 1; 0
13762; 20; 0; 0; 0,995937763920096; 0,995937763920096; 1; 0; 1; 0
13797; 2; 1; 1; 0,992391379225328; 0,992391379225328; 0; 0; 0,33314918551223; 0,66685081448777
13803; 3; 0; 0; 0,963632444013247; 0,963632444013247; 1; 0; 1; 0
13846; 11; 0; 0; 1; 1; 1; 0; 1; 0
13848; 3; 0; 0; 0,904178631774361; 0,904178631774361; 1; 0; 1; 0
13894; 2; 0; 0; 1; 1; 1; 0; 1; 0
13927; 3; 0; 0; 0,906726919693963; 0,906726919693963; 1; 0; 1; 0
13947; 3; 0; 0; 0,811048029847191; 0,811048029847191; 1; 0; 1; 0
13951; 10; 0; 0; 1; 1; 1; 0; 1; 0
13984; 10; 0; 0; 1; 1; 1; 0; 1; 0
13985; 16; 0; 0; 0,999652073017095; 0,999652073017095; 1; 0; 1; 0
14022; 2; 0; 0; 1; 1; 1; 0; 1; 0
14032; 10; 2; 0; 0,445326541948998; 0,384002270741908; 1; 0; 1; 0
14059; 16; 0; 0; 0,997484424317536; 0,997484424317536; 1; 0; 1; 0
14073; 19; 0; 0; 0,912244635728471; 0,912244635728471; 1; 0; 1; 0
14110; 2; 0; 0; 1; 1; 1; 0; 1; 0
14143; 3; 0; 0; 0,984260574372949; 0,984260574372949; 1; 0; 1; 0
14185; 3; 0; 0; 1; 1; 1; 0; 1; 0
14201; 2; 0; 1; 0,711658966154724; 0,288341033845276; 0; 0; 0,499871699868275; 0,500128300131725
14219; 2; 0; 0; 1; 1; 1; 0; 1; 0
14222; 3; 0; 0; 1; 1; 1; 0; 1; 0
14225; 3; 0; 0; 0,899518987745363; 0,899518987745363; 1; 0; 1; 0
14231; 3; 0; 0; 0,901268757359866; 0,901268757359866; 1; 0; 1; 0
14269; 2; 0; 0; 1; 1; 1; 0; 1; 0
14287; 20; 0; 0; 0,991543590322295; 0,991543590322295; 1; 0; 1; 0
14330; 20; 0; 0; 0,992576123395438; 0,992576123395438; 1; 0; 1; 0
14332; 16; 0; 0; 1; 1; 1; 0; 1; 0
14333; 2; 0; 1; 0,913213585631897; 0,086786414368103; 0; 0; 0,50057903542205; 0,49942096457795
14357; 16; 3; 0; 1; 0; 1; 0; 1; 0
14370; 2; 0; 0; 1; 1; 1; 0; 1; 0
14371; 13; 0; 0; 0,768151480052027; 0,768151480052027; 1; 0; 1; 0
14379; 11; 0; 0; 1; 1; 1; 0; 1; 0
14385; 10; 0; 0; 1; 1; 1; 0; 1; 0
14391; 2; 0; 0; 1; 1; 1; 0; 1; 0
14427; 16; 0; 0; 1; 1; 1; 0; 1; 0
14428; 2; 0; 0; 1; 1; 1; 0; 1; 0
14431; 16; 0; 0; 0,990424399120442; 0,990424399120442; 1; 0; 1; 0
14444; 3; 0; 0; 0,868826229557381; 0,868826229557381; 1; 0; 1; 0
14457; 2; 0; 0; 1; 1; 1; 0; 1; 0
14461; 10; 2; 0; 0,458645668940072; 0,36182213534043; 1; 0; 1; 0
14468; 10; 0; 0; 0,996600172528682; 0,996600172528682; 1; 0; 1; 0
14501; 2; 0; 1; 0,802827861174759; 0,197172138825241; 0; 0; 0,499204896857961; 0,500795103142039
14524; 3; 0; 0; 0,882220693363051; 0,882220693363051; 1; 0; 1; 0
14545; 2; 0; 0; 1; 1; 1; 0; 1; 0
14570; 16; 0; 0; 1; 1; 1; 0; 1; 0
14571; 10; 0; 0; 0,999821765399666; 0,999821765399666; 1; 0; 1; 0
14576; 10; 0; 0; 1; 1; 1; 0; 1; 0
14586; 10; 0; 0; 1; 1; 1; 0; 1; 0
14591; 4; 0; 0; 1; 1; 1; 0; 1; 0
14625; 10; 0; 0; 0,472424797189153; 0,472424797189153; 1; 0; 1; 0
14649; 16; 0; 0; 1; 1; 1; 0; 1; 0
14650; 2; 0; 0; 1; 1; 1; 0; 1; 0
14665; 2; 0; 0; 1; 1; 1; 0; 1; 0
14674; 16; 0; 0; 0,998413575455108; 0,998413575455108; 1; 0; 1; 0
14677; 2; 0; 0; 1; 1; 1; 0; 1; 0
14682; 3; 0; 0; 0,98230611159608; 0,98230611159608; 1; 0; 1; 0
14702; 2; 0; 1; 0,803041097704191; 0,19695890229581; 0; 0; 0,499204896857961; 0,500795103142039
14719; 2; 0; 0; 1; 1; 1; 0; 1; 0
14724; 40; 0; 0; 1; 1; 1; 0; 1; 0
14762; 4; 2; 2; 0,822868324229197; 0,822868324229197; 0; 0; 0,25018242581366; 0,74981757418634
14783; 2; 0; 0; 1; 1; 1; 0; 1; 0
14795; 10; 0; 0; 1; 1; 1; 0; 1; 0
14811; 6; 0; 0; 1; 1; 1; 0; 1; 0
14827; 16; 0; 0; 1; 1; 1; 0; 1; 0
14829; 4; 0; 0; 1; 1; 1; 0; 1; 0
14838; 16; 0; 0; 0,805633597727622; 0,805633597727622; 1; 0; 1; 0
14845; 16; 0; 0; 0,927139235982724; 0,927139235982724; 1; 0; 1; 0
14852; 20; 0; 0; 0,786218346273787; 0,786218346273787; 1; 0; 1; 0
14854; 16; 0; 0; 1; 1; 1; 0; 1; 0
14858; 22; 0; 0; 0,928371205491284; 0,928371205491284; 1; 0; 1; 0
14862; 4; 0; 0; 1; 1; 1; 0; 1; 0
14867; 2; 0; 0; 1; 1; 1; 0; 1; 0
14872; 2; 0; 0; 1; 1; 1; 0; 1; 0
14921; 2; 0; 0; 1; 1; 1; 0; 1; 0
14971; 22; 0; 0; 0,532199189851523; 0,532199189851523; 1; 0; 1; 0
14972; 16; 0; 0; 1; 1; 1; 0; 1; 0
14973; 4; 0; 0; 1; 1; 1; 0; 1; 0
14998; 2; 0; 0; 1; 1; 1; 0; 1; 0
15004; 10; 0; 0; 1; 1; 1; 0; 1; 0
15019; 2; 0; 0; 1; 1; 1; 0; 1; 0
15037; 2; 0; 0; 0,524095349632571; 0,524095349632571; 1; 0; 1; 0
15050; 2; 0; 1; 1; 0; 0; 0; 0,500599967389935; 0,499400032610065
15057; 3; 0; 0; 1; 1; 1; 0; 1; 0
15060; 2; 0; 0; 0,530682990858707; 0,530682990858707; 1; 0; 1; 0
15083; 2; 0; 0; 1; 1; 1; 0; 1; 0
15086; 11; 0; 0; 0,820923890682945; 0,820923890682945; 1; 0; 1; 0
15095; 22; 0; 0; 0,930350334415406; 0,930350334415406; 1; 0; 1; 0
15107; 11; 0; 0; 1; 1; 1; 0; 1; 0
15111; 2; 0; 0; 1; 1; 1; 0; 1; 0
15148; 3; 0; 2; 1; 0; 0; 0; 0,428139817652065; 0,571860182347935
15165; 10; 0; 0; 1; 1; 1; 0; 1; 0
15185; 16; 0; 0; 1; 1; 1; 0; 1; 0
15213; 3; 2; 0; 0,767610939816216; 0; 1; 0; 1; 0
15216; 16; 0; 0; 1; 1; 1; 0; 1; 0
15236; 10; 0; 0; 1; 1; 1; 0; 1; 0
15254; 2; 0; 0; 1; 1; 1; 0; 1; 0
15261; 11; 0; 0; 0,998116321703502; 0,998116321703502; 1; 0; 1; 0
15267; 16; 0; 0; 1; 1; 1; 0; 1; 0
15271; 3; 1; 0; 0,643241805099344; 0; 1; 0; 1; 0
15272; 3; 0; 0; 0,643206864014182; 0,643206864014182; 1; 0; 1; 0
15283; 11; 0; 0; 1; 1; 1; 0; 1; 0
15284; 22; 0; 0; 0,998213759447207; 0,998213759447207; 1; 0; 1; 0
15286; 2; 0; 1; 1; 0; 0; 0; 0,499871699868275; 0,500128300131725
15295; 3; 0; 0; 1; 1; 1; 0; 1; 0
15299; 22; 0; 0; 0,937538993758711; 0,937538993758711; 1; 0; 1; 0
15301; 2; 0; 0; 1; 1; 1; 0; 1; 0
15302; 16; 0; 0; 1; 1; 1; 0; 1; 0
15311; 2; 0; 0; 1; 1; 1; 0; 1; 0
15325; 19; 11; 0; 0,200578743167021; 0; 1; 0; 1; 0
15339; 13; 0; 0; 1; 1; 1; 0; 1; 0
15374; 16; 0; 0; 0,921557162163166; 0,921557162163166; 1; 0; 1; 0
15393; 10; 1; 0; 0,768349836861666; 0,231650163138334; 1; 0; 1; 0
15406; 2; 0; 0; 1; 1; 1; 0; 1; 0
15419; 3; 0; 0; 1; 1; 1; 0; 1; 0
15436; 19; 5; 0; 0,205955453702081; 0; 1; 0; 1; 0
15458; 40; 0; 0; 1; 1; 1; 0; 1; 0
15462; 4; 0; 0; 1; 1; 1; 0; 1; 0
15466; 2; 0; 0; 1; 1; 1; 0; 1; 0
15468; 2; 0; 0; 1; 1; 1; 0; 1; 0
15472; 2; 0; 0; 1; 1; 1; 0; 1; 0
15484; 2; 1; 1; 0,599716270704453; 0,599716270704453; 0; 0; 0,429117560232381; 0,570882439767619
15485; 22; 0; 0; 0,969284339004816; 0,969284339004816; 1; 0; 1; 0
15507; 3; 0; 0; 1; 1; 1; 0; 1; 0
15522; 2; 0; 0; 1; 1; 1; 0; 1; 0
15523; 3; 0; 0; 1; 1; 1; 0; 1; 0
15530; 2; 0; 1; 1; 0; 0; 0; 0,334321691806297; 0,665678308193703
15531; 2; 0; 0; 1; 1; 1; 0; 1; 0
15546; 16; 0; 0; 1; 1; 1; 0; 1; 0
15549; 2; 0; 1; 1; 0; 0; 0; 0,200412394553236; 0,799587605446764
15562; 22; 0; 0; 0,928314582077752; 0,928314582077752; 1; 0; 1; 0
15587; 10; 1; 0; 0,679274085094448; 0,320725914905551; 1; 0; 1; 0
15620; 3; 0; 0; 1; 1; 1; 0; 1; 0
15622; 2; 0; 0; 0,941306892356467; 0,941306892356467; 1; 0; 1; 0
15627; 11; 0; 0; 1; 1; 1; 0; 1; 0
15630; 2; 0; 0; 0,588853224989072; 0,588853224989072; 1; 0; 1; 0
15641; 2; 0; 1; 1; 0; 0; 0; 0,334321691806297; 0,665678308193703
15650; 13; 0; 0; 1; 1; 1; 0; 1; 0
15656; 11; 0; 0; 1; 1; 1; 0; 1; 0
15703; 2; 0; 0; 1; 1; 1; 0; 1; 0
15709; 10; 0; 0; 0,935042629360938; 0,935042629360938; 1; 0; 1; 0
15725; 2; 0; 0; 0,832451605376726; 0,832451605376726; 1; 0; 1; 0
15726; 10; 0; 0; 0,92893697011028; 0,92893697011028; 1; 0; 1; 0
15740; 2; 0; 1; 1; 0; 0; 0; 0,499871699868275; 0,500128300131725
15750; 10; 0; 0; 1; 1; 1; 0; 1; 0
15754; 13; 0; 0; 1; 1; 1; 0; 1; 0
15775; 26; 0; 1; 1; 0; 0; 0; 0,499830914844845; 0,500169085155155
15798; 2; 0; 0; 1; 1; 1; 0; 1; 0
15810; 2; 0; 0; 1; 1; 1; 0; 1; 0
15818; 3; 2; 0; 0,594764278879376; 0,309914894097298; 1; 0; 1; 0
15830; 10; 0; 0; 1; 1; 1; 0; 1; 0
15834; 2; 0; 0; 1; 1; 1; 0; 1; 0
15863; 10; 0; 0; 1; 1; 1; 0; 1; 0
15875; 16; 0; 0; 1; 1; 1; 0; 1; 0
15900; 4; 0; 0; 1; 1; 1; 0; 1; 0
15912; 2; 0; 0; 1; 1; 1; 0; 1; 0
15961; 2; 0; 0; 1; 1; 1; 0; 1; 0
