MAC; alternativas; MasProb; Elección; MaxProb; ElecProb; velocidad
21; 2; 1; 0; 0,586530506999222; 0,413469493000778; 14,0261431922664
32; 10; 0; 0; 1; 1; 11,2809050151125
46; 10; 0; 0; 1; 1; 11,2665342791721
54; 10; 0; 0; 0,99992990247133; 0,99992990247133; 6,27811334125051
68; 19; 0; 0; 1; 1; 9,42637634920573
70; 16; 0; 0; 1; 1; 14,0990981810611
77; 16; 0; 0; 0,981138032334484; 0,981138032334484; 5,63963927242444
98; 2; 0; 0; 1; 1; 4,01983843503138
113; 10; 0; 0; 1; 1; 8,0577892965089
158; 2; 1; 0; 0,794473717657268; 0,205526282342732; 8,42020344544312
176; 10; 2; 0; 0,597729306214135; 0,0880831637667212; 8,44782127273656
191; 10; 2; 0; 0,778869283156772; 0,0449485813434637; 9,35516627376719
213; 2; 0; 0; 0,716941584001791; 0,716941584001791; 4,68981150753662
231; 10; 0; 0; 0,988159041253463; 0,988159041253463; 5,13663818829587
244; 10; 0; 0; 1; 1; 9,41717001187576
273; 19; 0; 0; 0,990463743192778; 0,990463743192778; 5,65582580952344
281; 11; 1; 0; 0,373525133849015; 0,350018101634713; 4,00941393917601
302; 3; 1; 0; 1; 0; 9,38527357450115
321; 17; 0; 0; 0,998712426988723; 0,998712426988723; 6,24496312394683
321; 10; 0; 0; 1; 1; 11,2809050151125
340; 19; 0; 0; 1; 1; 11,2763014683212
352; 10; 1; 0; 0,406660344106949; 0,245975487821882; 6,03928241616025
358; 2; 1; 0; 0,763092870787489; 0,236907129212511; 7,65473040494829
362; 2; 0; 0; 1; 1; 8,02733356117959
363; 20; 10; 0; 0,0507429000082171; 0,0358848998438746; 14,0886266508131
365; 21; 0; 0; 1; 1; 7,98998492008638
379; 16; 0; 0; 1; 1; 11,2128235288417
379; 2; 1; 0; 0,664343060597795; 0,335656939402205; 7,03006814715048
402; 16; 0; 0; 1; 1; 18,7775571319412
412; 16; 0; 0; 1; 1; 11,2128235288417
468; 2; 1; 0; 0,772753765068445; 0,227246234931555; 4,69017331851084
498; 2; 0; 0; 0,600789819096152; 0,600789819096152; 9,37962301507323
503; 2; 1; 0; 0,784372030384403; 0,215627969615597; 4,01366678058979
510; 18; 0; 0; 0,999999707472609; 0,999999707472609; 7,03173696477135
528; 20; 0; 0; 0,999969751521397; 0,999969751521397; 7,05156359990031
543; 10; 0; 0; 1; 1; 8,07186001017923
546; 18; 0; 0; 0,999969668612969; 0,999969668612969; 6,98856855717409
555; 2; 0; 0; 0,963993325450964; 0,963993325450964; 4,00180962368914
615; 2; 0; 0; 1; 1; 11,2209145538131
620; 3; 1; 0; 0,674663611188739; 0,146739563436461; 8,66056665018511
630; 16; 0; 0; 1; 1; 11,2128235288417
630; 10; 0; 0; 1; 1; 11,2809050151125
647; 2; 0; 0; 1; 1; 8,02733356117959
671; 2; 0; 0; 0,661654498098793; 0,661654498098793; 6,24253821842544
673; 11; 2; 0; 0,941093598826562; 0,0434671629431787; 10,524711590337
679; 16; 0; 0; 1; 1; 8,00915966345835
679; 2; 0; 0; 1; 1; 4,32619578286184
692; 19; 1; 0; 0,522845134807539; 0,113165166624052; 7,02512183115526
718; 2; 0; 0; 1; 1; 11,2763014685775
730; 10; 0; 0; 0,999989979670591; 0,999989979670591; 7,0515635999003
794; 11; 2; 0; 0,60154853098412; 0,178987091285991; 6,47674559405356
825; 19; 0; 0; 1; 1; 9,35392291611798
827; 10; 3; 0; 0,105253661856762; 0,0527170432891406; 14,1031271998006
828; 22; 10; 0; 0,0520831913506653; 0,0208090579821423; 12,0024392296373
830; 16; 0; 0; 1; 1; 9,34401960736808
844; 19; 0; 0; 1; 1; 9,34951999585899
881; 3; 1; 0; 0,737974770096749; 0,108837556563402; 9,38228053770054
882; 2; 0; 0; 0,705145466969331; 0,705145466969331; 6,24356899160744
919; 10; 0; 0; 1; 1; 8,0577892965089
923; 2; 0; 0; 0,541845409927086; 0,541845409927086; 5,61346896362875
935; 2; 0; 0; 1; 1; 8,05450104898394
987; 11; 2; 0; 0,483896782460508; 0,218482581006975; 6,01412090876402
991; 19; 0; 0; 1; 1; 8,07975115646205
1007; 20; 0; 0; 1; 1; 9,39241776720872
1015; 13; 0; 0; 1; 1; 11,3116516190217
1018; 3; 0; 0; 0,999141354483233; 0,999141354483233; 5,6206046436487
1051; 2; 1; 0; 0,794756987987639; 0,205243012012361; 4,69017331851084
1092; 2; 0; 0; 0,535253757847886; 0,535253757847886; 6,22503719240532
1093; 16; 0; 0; 1; 1; 11,2202161850407
1098; 10; 0; 0; 1; 1; 11,2809050151125
1102; 16; 0; 0; 1; 1; 9,35018015420054
1111; 10; 1; 0; 0,400361266282829; 0,255382481486939; 5,63666358841623
1127; 16; 0; 0; 1; 1; 9,35018015420054
1138; 10; 1; 0; 0,46577064423037; 0,358549386750136; 5,60981746005197
1155; 2; 1; 0; 0,718255860497377; 0,281744139502623; 6,47707957341778
1183; 2; 0; 0; 0,658085673613727; 0,658085673613727; 6,24800874209192
1224; 2; 1; 0; 0,514169225642952; 0,485830774357048; 14,0705199555325
1250; 20; 0; 0; 1; 1; 11,2709013206505
1267; 20; 0; 0; 1; 1; 8,07334044259562
1271; 2; 0; 0; 1; 1; 11,2689070200935
1273; 19; 0; 0; 0,999968258284939; 0,999968258284939; 7,06978226190429
1281; 19; 0; 0; 0,999986526011135; 0,999986526011135; 7,04768841770077
1315; 20; 0; 0; 1; 1; 9,39241776720872
1329; 17; 0; 0; 0,999955076889783; 0,999955076889783; 7,02558351444018
1331; 18; 0; 0; 1; 1; 13,9771371143482
1338; 16; 0; 0; 0,923723908295837; 0,923723908295837; 5,12694479311313
1342; 16; 0; 0; 1; 1; 11,2665342791647
1347; 11; 2; 0; 0,69093225932256; 0,151194689726342; 7,01647439355802
1354; 19; 0; 0; 1; 1; 11,1859736324442
1370; 16; 0; 0; 1; 1; 11,2202161850407
1370; 10; 0; 0; 1; 1; 14,0831678489652
1376; 2; 0; 0; 1; 1; 14,0953768357219
1380; 16; 0; 0; 1; 1; 9,35018015420054
1380; 2; 1; 0; 0,790813031749553; 0,209186968250447; 4,32939075554846
1431; 18; 0; 0; 1; 1; 7,04660407849692
1438; 2; 0; 0; 1; 1; 3,50336252376883
1471; 2; 1; 0; 0,759035359121657; 0,240964640878343; 12,0528715954319
1474; 19; 0; 0; 1; 1; 8,07975115646205
1478; 20; 0; 0; 0,999949621726332; 0,999949621726332; 6,22005108177243
1484; 20; 0; 0; 1; 1; 7,04431332540654
1495; 10; 0; 0; 0,989475225834593; 0,989475225834593; 5,13663818829587
1527; 10; 7; 0; 0,104127184155824; 0,0628553425975872; 11,212224664152
1573; 16; 0; 0; 1; 1; 7,01263511565041
1576; 16; 0; 0; 0,999999059212275; 0,999999059212275; 6,23345343613369
1576; 2; 1; 0; 0,790813031749553; 0,209186968250447; 4,32939075554846
1581; 19; 0; 0; 0,934026640471656; 0,934026640471656; 4,6747599979295
1587; 19; 0; 0; 1; 1; 7,69397085143373
1588; 20; 0; 0; 0,999997861213847; 0,999997861213847; 7,69261483625488
1597; 19; 0; 0; 1; 1; 9,34951999585899
1607; 19; 2; 0; 0,756264132460903; 0,0953333637954159; 8,03847984507575
1611; 19; 0; 0; 0,999945124966929; 0,999945124966929; 6,23301333057266
1618; 20; 0; 0; 1; 1; 6,23159404235021
1624; 19; 0; 0; 1; 1; 9,32164469370353
1649; 23; 0; 0; 1; 1; 7,69376746080626
1650; 2; 0; 0; 0,629103444574556; 0,629103444574556; 5,09580003457285
1675; 11; 2; 0; 0,897499252831195; 0,0664841571846344; 9,3552991914107
1676; 2; 0; 0; 1; 1; 9,35076212817762
1687; 2; 0; 0; 0,999627114322213; 0,999627114322213; 4,69537792503896
1688; 19; 0; 0; 1; 1; 11,2194239950308
1691; 23; 0; 0; 1; 1; 8,46314420688689
1692; 2; 0; 0; 0,999658112917078; 0,999658112917078; 5,12559157662614
1703; 24; 1; 0; 0,220796209445601; 0,163370202153664; 5,3534947210968
1753; 3; 0; 0; 0,403985377183164; 0,403985377183164; 5,27868570987221
1770; 2; 1; 0; 0,500000000002001; 0,499999999997999; 3,30541887790982
1800; 2; 0; 0; 0,858374718699617; 0,858374718699617; 4,3235420334769
1800; 2; 0; 0; 0,592085781544204; 0,592085781544204; 9,38034663702167
1803; 2; 0; 0; 0,542345656411905; 0,542345656411905; 7,03525997776626
1808; 3; 1; 0; 0,687725571715244; 0,13974283028876; 8,66056665018511
1809; 23; 0; 0; 1; 1; 9,40349356320765
1811; 3; 1; 0; 0,556866260383795; 0,213317347763518; 7,50582443016043
1813; 2; 1; 0; 0,730929428641248; 0,269070571358752; 6,47628517339648
1842; 2; 1; 0; 0,572031732461656; 0,427968267538344; 5,25985156742805
1875; 16; 0; 0; 1; 1; 8,01444013217189
1875; 2; 0; 0; 1; 1; 7,04306688755844
1883; 2; 0; 0; 0,725916089840939; 0,725916089840939; 6,24356899160744
1954; 21; 0; 0; 1; 1; 11,1859788881209
1965; 2; 1; 0; 0,811627666958093; 0,188372333041907; 5,1083031752961
1980; 20; 0; 0; 1; 1; 18,8377943660565
1984; 15; 0; 0; 0,999975955840869; 0,999975955840869; 6,25170573476092
1997; 2; 0; 0; 0,950766784315146; 0,950766784315146; 4,32905677618765
2008; 23; 0; 0; 1; 1; 10,5789302586086
2031; 19; 0; 0; 1; 1; 7,69397085143373
2032; 2; 1; 0; 0,986061582055395; 0,0139384179446053; 3,51142774786431
2033; 2; 0; 0; 0,910877283056289; 0,910877283056289; 4,31183079848472
2041; 20; 0; 0; 1; 1; 8,01120497311003
2059; 2; 1; 0; 0,655083204907416; 0,344916795092584; 5,61050833858992
2102; 10; 0; 0; 1; 1; 13,9813837515407
2122; 10; 0; 0; 1; 1; 11,1840738443303
2126; 10; 0; 0; 1; 1; 11,2809050151125
2136; 13; 0; 0; 1; 1; 8,0797511564441
2145; 20; 0; 0; 1; 1; 7,01054329764399
2163; 2; 0; 0; 0,976802299954938; 0,976802299954938; 4,32905677618765
2187; 2; 0; 0; 0,907061170381887; 0,907061170381887; 4,00384288430724
2190; 2; 1; 0; 0,87498907919678; 0,12501092080322; 4,69017331851084
2199; 19; 0; 0; 0,63844294789284; 0,63844294789284; 4,6747599979295
2233; 10; 0; 0; 1; 1; 7,04158392448259
2234; 2; 0; 0; 0,899521129431427; 0,899521129431427; 6,24348165869524
2246; 10; 0; 0; 0,576172338433963; 0,576172338433963; 6,47286630005997
2267; 2; 1; 0; 0,847908835092402; 0,152091164907598; 5,1083031752961
2278; 2; 0; 0; 0,532078406659606; 0,532078406659606; 7,01597560451285
2283; 2; 0; 0; 0,532078406659606; 0,532078406659606; 7,01597560451285
2294; 19; 0; 0; 0,900177359332304; 0,900177359332304; 5,08453346929284
2299; 16; 0; 0; 1; 1; 11,2128235288417
2300; 19; 2; 0; 0,404007356698678; 0,278914867089894; 4,66589111720736
2310; 20; 0; 0; 1; 1; 11,215686962354
2329; 23; 0; 0; 0,999997592200677; 0,999997592200677; 7,69376746080626
2423; 19; 0; 0; 0,888312484380981; 0,888312484380981; 4,6944967701438
2442; 20; 0; 0; 1; 1; 11,3026766196339
2453; 10; 2; 0; 0,463859644386438; 0,355692351817064; 4,97352669566138
2456; 2; 1; 0; 0,936323777356931; 0,0636762226430691; 3,83429087212697
2478; 19; 0; 0; 1; 1; 11,2763014683212
2496; 16; 0; 0; 1; 1; 11,2792785448489
2498; 19; 0; 0; 0,949651097670506; 0,949651097670506; 5,09973817955945
2514; 16; 0; 0; 1; 1; 9,34401960736808
2514; 10; 0; 0; 1; 1; 11,2809050151125
2516; 19; 0; 0; 0,363189430541739; 0,363189430541739; 4,31516307501184
2518; 2; 1; 0; 1; 0; 3,52153344377922
2519; 2; 1; 0; 0,730922131842953; 0,269077868157047; 6,22393001913003
2531; 23; 0; 0; 0,999997592200677; 0,999997592200677; 7,69376746080626
2532; 25; 1; 0; 0,350209383175836; 0,131618803390375; 6,69248703919827
2536; 19; 0; 0; 0,379478079724968; 0,379478079724968; 6,48472784414331
2542; 2; 0; 0; 0,567064973419612; 0,567064973419612; 7,0131354232374
2553; 2; 0; 0; 1; 1; 11,2763014685775
2571; 19; 0; 0; 1; 1; 8,07975115646205
2626; 17; 1; 0; 0,399418782708649; 0,345239365993121; 5,34495082317091
2627; 3; 1; 0; 0,405223097392351; 0,324155369191901; 6,03339015503646
2657; 10; 0; 0; 1; 1; 6,99069187577033
2663; 19; 0; 0; 0,33521907487254; 0,33521907487254; 5,92309041216108
2708; 2; 1; 0; 0,533838572364214; 0,466161427635786; 5,09580003457285
2738; 2; 1; 0; 0,584931638629863; 0,415068361370137; 6,24511627057775
2760; 19; 0; 0; 1; 1; 11,2194239950308
2762; 20; 0; 0; 1; 1; 7,06417288727117
2766; 11; 1; 0; 0,666170462911724; 0,316780206806089; 10,524711590337
2766; 2; 0; 0; 1; 1; 11,2689070200935
2801; 2; 0; 0; 0,766797288103108; 0,766797288103108; 7,03525997776626
2814; 2; 0; 0; 0,561197346420708; 0,561197346420708; 5,26262715340195
2832; 19; 2; 0; 0,337885062592779; 0,32770825883282; 6,25215099061447
2856; 2; 0; 0; 1; 1; 14,0953768357219
2858; 16; 0; 0; 1; 1; 14,0160294110521
2872; 10; 1; 0; 0,449202121731989; 0,31406150746781; 5,92748806267931
2875; 20; 0; 0; 1; 1; 9,39241776720872
2883; 20; 0; 0; 1; 1; 9,39241776720872
2898; 19; 0; 0; 1; 1; 6,28425089947048
2911; 2; 0; 0; 1; 1; 7,04306688755844
2921; 2; 0; 0; 0,61369250860732; 0,61369250860732; 5,6192120924467
2922; 19; 1; 0; 0,46532286207335; 0,128014474251311; 7,63509455543023
2931; 2; 0; 0; 0,948932259050838; 0,948932259050838; 4,32619578286184
2936; 10; 0; 0; 1; 1; 9,41717001187576
2945; 2; 1; 0; 0,570390411483996; 0,429609588516005; 6,47665357414358
2952; 19; 2; 0; 0,345338198478404; 0,318068289848876; 7,50258118873737
2957; 19; 0; 0; 0,534586305429822; 0,534586305429822; 7,03737643804431
2973; 2; 1; 0; 1; 0; 3,74880524525515
2992; 2; 1; 0; 0,708494903858349; 0,291505096141651; 5,61309976425777
3018; 2; 0; 0; 0,553639766892877; 0,553639766892877; 7,01597560451285
3053; 10; 0; 0; 1; 1; 9,38877856597679
3060; 2; 0; 0; 1; 1; 11,2689070200935
3063; 2; 1; 0; 0,593293070671308; 0,406706929328692; 7,02575580439997
3063; 2; 0; 0; 0,672910918592062; 0,672910918592062; 6,0253142276281
3081; 10; 0; 0; 1; 1; 11,2665342791721
3082; 19; 0; 0; 0,995844746118232; 0,995844746118232; 5,14165982683949
3103; 2; 0; 0; 0,506605397037846; 0,506605397037846; 9,34725681610777
3121; 2; 1; 0; 0,995895913967166; 0,00410408603283364; 10,5600997620791
3129; 16; 0; 0; 1; 1; 11,2792785448489
3135; 2; 0; 0; 0,694759775299812; 0,694759775299812; 4,68671209810032
3152; 19; 0; 0; 1; 1; 8,07975115646205
3160; 19; 0; 0; 0,363189430541739; 0,363189430541739; 4,31516307501184
3169; 10; 0; 0; 1; 1; 9,40208479986707
3196; 10; 0; 0; 1; 1; 7,04158392448259
3212; 23; 0; 0; 1; 1; 14,1052403448115
3214; 2; 1; 0; 0,83614140497877; 0,16385859502123; 5,62320786788273
3220; 10; 0; 0; 1; 1; 12,0048119551263
3225; 2; 0; 0; 0,570294852903387; 0,570294852903387; 5,60253347316479
3229; 11; 1; 0; 0,617328947387149; 0,329753790986326; 9,3552991914107
3275; 10; 0; 0; 1; 1; 9,38877856597679
3292; 2; 1; 0; 0,87498907919678; 0,12501092080322; 4,69017331851084
3321; 16; 0; 0; 0,97765695235614; 0,97765695235614; 5,12694479311313
3327; 3; 1; 0; 0,414415932182572; 0,349522323801333; 7,03895518087587
3336; 2; 1; 0; 0,641996073903484; 0,358003926096516; 4,21440201570333
3347; 19; 0; 0; 1; 1; 11,2763014683212
3354; 19; 0; 0; 1; 1; 11,2763014683212
3359; 2; 1; 0; 0,776788893045249; 0,223211106954751; 5,11655271110273
3366; 2; 0; 0; 0,509235326080384; 0,509235326080384; 6,24253821842544
3395; 3; 0; 0; 0,480992829808777; 0,480992829808777; 7,50582443016043
3402; 19; 0; 0; 0,93640120190642; 0,93640120190642; 5,09973817955945
3409; 10; 0; 0; 0,999999970824089; 0,999999970824089; 8,42091445922846
3420; 2; 0; 0; 0,678670896126127; 0,678670896126127; 7,65069318898626
3435; 2; 1; 0; 0,595198660623285; 0,404801339376715; 5,628207982213
3440; 19; 0; 0; 0,998694512533084; 0,998694512533084; 5,59298681622212
3469; 18; 0; 0; 0,997838423024154; 0,997838423024154; 5,62405451771657
3472; 18; 0; 0; 1; 1; 11,1817096914785
3475; 2; 0; 0; 0,997123701189568; 0,997123701189568; 4,69537792503896
3477; 13; 0; 0; 1; 1; 14,1395645237772
3484; 19; 0; 0; 0,995841855488322; 0,995841855488322; 5,6097119975154
3512; 2; 1; 0; 1; 0; 4,01657704848766
3539; 19; 0; 0; 1; 1; 8,07975115646205
3567; 16; 0; 0; 1; 1; 9,39939878737407
3570; 20; 0; 0; 1; 1; 14,0886266508131
3578; 15; 0; 0; 0,981421568349819; 0,981421568349819; 5,62653516128482
3594; 19; 0; 0; 1; 1; 8,07975115646205
3600; 19; 0; 0; 1; 1; 8,07975115646205
3604; 10; 1; 0; 0,427434014124414; 0,303049744479707; 6,62483959946511
3648; 2; 1; 0; 0,52085197526451; 0,47914802473549; 4,68190366381908
3657; 2; 1; 0; 0,512744901085637; 0,487255098914363; 5,60153701721702
3676; 18; 0; 0; 1; 1; 11,1817096914785
3695; 10; 0; 0; 1; 1; 7,98936214373752
3697; 20; 0; 0; 1; 1; 9,3464058019617
3769; 2; 1; 0; 0,991678340396614; 0,00832165960338572; 4,32939075554846
3771; 2; 1; 0; 1; 0; 3,7350223154432
3783; 18; 0; 0; 1; 1; 6,2120609397103
3790; 2; 1; 0; 0,574122425341679; 0,425877574658321; 4,00180962368914
3806; 2; 1; 0; 1; 0; 3,74608899521714
3809; 17; 0; 0; 1; 1; 8,02923830221735
3817; 2; 0; 0; 0,590694007980773; 0,590694007980773; 6,25308201004882
3817; 2; 0; 0; 1; 1; 7,04306688755844
3824; 10; 1; 0; 0,443982332740662; 0,308329155934193; 6,25679295505038
3843; 16; 0; 0; 1; 1; 11,2792785448489
3846; 20; 0; 0; 0,999991690888801; 0,999991690888801; 7,05156359990031
3849; 19; 0; 0; 0,425671764862531; 0,425671764862531; 4,31516307501184
3875; 10; 0; 0; 1; 1; 14,0831678489652
3951; 20; 0; 0; 1; 1; 11,215686962354
3958; 19; 0; 0; 0,949651097670506; 0,949651097670506; 5,09973817955945
3964; 16; 0; 0; 1; 1; 11,2202161850407
3970; 2; 1; 0; 0,537483065542712; 0,462516934457288; 7,65932963892381
3977; 2; 0; 0; 0,964590428863948; 0,964590428863948; 4,32619578286184
3984; 10; 0; 0; 1; 1; 8,07186001017923
3997; 10; 0; 0; 1; 1; 8,46187631988036
4017; 2; 1; 0; 0,525734707465758; 0,474265292534242; 8,02943520502854
4032; 21; 0; 0; 0,99823069795153; 0,99823069795153; 5,59298944406047
4044; 10; 0; 0; 1; 1; 8,46187631988036
4047; 2; 0; 0; 1; 1; 4,32905677618765
4055; 20; 0; 0; 1; 1; 11,2709013206505
4069; 23; 0; 0; 1; 1; 12,0902060098384
4083; 19; 0; 0; 1; 1; 7,69397085143373
4108; 2; 1; 0; 0,53675819865627; 0,46324180134373; 5,09580003457285
4124; 18; 0; 0; 1; 1; 11,1817096914785
4125; 10; 0; 0; 0,999775440413761; 0,999775440413761; 6,26716945284026
4136; 19; 0; 0; 0,999971419599785; 0,999971419599785; 6,21442979580235
4138; 19; 0; 0; 1; 1; 9,34951999585899
4144; 16; 0; 0; 1; 1; 9,35018015420054
4144; 10; 0; 0; 1; 1; 11,2665342791721
4147; 23; 0; 0; 1; 1; 8,46314420688689
4193; 16; 0; 0; 1; 1; 11,2128235288417
4225; 2; 0; 0; 0,876460767945545; 0,876460767945545; 3,74706976234665
4225; 2; 1; 0; 0,657449866100624; 0,342550133899376; 5,628207982213
4234; 2; 0; 0; 1; 1; 11,2763014685775
4242; 2; 0; 0; 0,532088104091722; 0,532088104091722; 6,47707957341778
4245; 11; 1; 0; 0,402996229998408; 0,346018663340341; 7,6543357020633
4278; 10; 0; 0; 1; 1; 8,07186001017923
4311; 10; 0; 0; 0,995351543474141; 0,995351543474141; 5,12115194507825
4317; 20; 0; 0; 0,999990569439446; 0,999990569439446; 7,04431332540654
4335; 16; 0; 0; 1; 1; 11,2128235288417
4341; 2; 0; 0; 0,56786978214086; 0,56786978214086; 5,60253347316479
4351; 2; 0; 0; 0,552520524268485; 0,552520524268485; 6,01443103245937
4354; 2; 0; 0; 1; 1; 14,0953768357219
4375; 2; 0; 0; 0,519619037315611; 0,519619037315611; 7,02105216901349
4391; 2; 1; 0; 0,944450904304495; 0,0555490956955053; 4,68261124402143
4392; 24; 1; 0; 0,207622201811604; 0,148027348631289; 5,62116945715164
4427; 10; 0; 0; 1; 1; 11,212224664152
4436; 10; 1; 0; 0,401043107502345; 0,257009645248698; 6,47665357414652
4466; 10; 0; 0; 0,999367160208447; 0,999367160208447; 5,08413954601478
4486; 10; 0; 0; 1; 1; 7,06287750890682
4488; 20; 0; 0; 1; 1; 14,0196087029426
4497; 10; 1; 0; 0,405632091804613; 0,296051659984722; 7,03889207443168
4512; 10; 0; 0; 1; 1; 8,07186001017923
4514; 10; 0; 0; 1; 1; 8,01023805627021
4517; 2; 1; 0; 1; 0; 3,74608899521714
4565; 10; 0; 0; 0,999923822486154; 0,999923822486154; 5,59255350061626
4577; 19; 0; 0; 0,33521907487254; 0,33521907487254; 5,92309041216108
4589; 10; 2; 0; 0,337573947048206; 0; 3,52330203917853
4590; 24; 2; 0; 0,184327661725103; 0,154039303569425; 4,32397650550126
4592; 2; 0; 0; 0,542967132670949; 0,542967132670949; 6,4892672133291
4608; 2; 0; 0; 1; 1; 7,04306688755844
4619; 18; 0; 0; 0,999873023811002; 0,999873023811002; 7,03006814714571
4621; 19; 0; 0; 1; 1; 9,34951999585899
4622; 19; 1; 0; 0,358252153311537; 0,306022978858455; 8,03847984507575
4645; 2; 0; 0; 0,526726901583085; 0,526726901583085; 7,03006814715048
4656; 10; 2; 0; 0,427511548477526; 0,306614299145591; 4,43139455073183
4666; 10; 0; 0; 0,999570241270102; 0,999570241270102; 5,08366992924104
4704; 18; 0; 0; 1; 1; 13,9771371143482
4724; 2; 1; 0; 0,579109751949953; 0,420890248050047; 6,25308201004882
4747; 10; 0; 0; 0,999895302202579; 0,999895302202579; 7,05056563444529
4749; 19; 0; 0; 0,999830527047054; 0,999830527047054; 8,07975115646205
4758; 3; 1; 0; 0,405920861806255; 0,391133555861346; 5,63116414470069
4776; 2; 0; 0; 0,55449845362761; 0,55449845362761; 6,24348165869524
4812; 16; 0; 0; 1; 1; 11,2792785448489
4816; 15; 0; 0; 0,999980435576839; 0,999980435576839; 5,62653516128482
4824; 2; 1; 0; 0,562525585604991; 0,437474414395009; 7,67983752066968
4881; 19; 0; 0; 0,999958998814521; 0,999958998814521; 5,6097119975154
4914; 20; 0; 0; 1; 1; 11,2709013206505
4924; 16; 0; 0; 0,999579506175767; 0,999579506175767; 5,12115194507487
4927; 2; 0; 0; 0,999993515419003; 0,999993515419003; 5,12559157662614
4936; 19; 0; 0; 1; 1; 11,1859736324442
4943; 2; 0; 0; 0,505129550559181; 0,505129550559181; 5,0923063792882
5003; 16; 0; 0; 0,999924746818061; 0,999924746818061; 8,00915966345835
5120; 2; 1; 0; 0,525294256096641; 0,474705743903359; 4,42934868836047
5160; 2; 1; 0; 0,752365202989343; 0,247634797010657; 3,74614139496447
5174; 2; 1; 0; 0,63649546073636; 0,36350453926364; 4,32905677618765
5194; 2; 0; 0; 0,999991286437586; 0,999991286437586; 5,12559157662614
5211; 2; 1; 0; 0,553170223696978; 0,446829776303022; 4,68190366381908
5223; 19; 0; 0; 0,996536789503681; 0,996536789503681; 4,32320567631908
5227; 10; 0; 0; 1; 1; 8,07186001017923
5243; 10; 0; 0; 0,998222392459455; 0,998222392459455; 4,66003076847095
5279; 19; 0; 0; 0,999989713035401; 0,999989713035401; 5,63815073416062
5300; 2; 1; 0; 0,566664948901713; 0,433335051098287; 5,1083031752961
5302; 19; 0; 0; 0,999855650363015; 0,999855650363015; 8,07975115646205
5306; 16; 0; 0; 0,999930773695623; 0,999930773695623; 8,41650778726357
5321; 2; 1; 0; 0,553170223696978; 0,446829776303022; 4,68190366381908
5331; 2; 0; 0; 0,57301374961176; 0,57301374961176; 4,68600655656894
5355; 2; 0; 0; 0,845800583585727; 0,845800583585727; 3,74880524525515
5358; 2; 0; 0; 0,898121534698389; 0,898121534698389; 7,6542269512606
5360; 19; 0; 0; 0,999973971526158; 0,999973971526158; 5,08453346929284
5375; 16; 0; 0; 0,998572375037361; 0,998572375037361; 5,60641176442085
5396; 20; 0; 0; 1; 1; 11,215686962354
5397; 16; 0; 0; 0,999695753768795; 0,999695753768795; 7,00801470552606
5424; 20; 0; 0; 0,999565933083355; 0,999565933083355; 5,09857694374108
5441; 15; 0; 0; 0,999139145414725; 0,999139145414725; 5,11201109423631
5452; 19; 0; 0; 1; 1; 7,04768841770077
5458; 2; 0; 0; 0,548958730976726; 0,548958730976726; 7,02575580439997
5464; 2; 0; 0; 0,960452174776192; 0,960452174776192; 3,50768113207587
5518; 2; 0; 0; 0,85479442434886; 0,85479442434886; 7,67050380610696
5533; 2; 0; 0; 0,925962600027253; 0,925962600027253; 7,66702277844781
5547; 19; 0; 0; 0,931276186788205; 0,931276186788205; 4,00693714108243
5548; 19; 0; 0; 0,999718498199419; 0,999718498199419; 7,06978226190429
5715; 2; 1; 0; 0,559669683274975; 0,440330316725025; 4,96202348157608
5716; 16; 0; 0; 0,997519367397093; 0,997519367397093; 4,6943892829853
5732; 10; 0; 0; 0,999873334284449; 0,999873334284449; 5,59203692216514
5798; 16; 0; 0; 0,999983906531271; 0,999983906531271; 9,34401960736808
5800; 10; 0; 0; 1; 1; 6,21394833401807
5800; 19; 2; 0; 0,672669215206524; 0,099412880217235; 2,81669806208628
5804; 2; 0; 0; 0,999999235421138; 0,999999235421138; 4,69537792503896
5805; 16; 0; 0; 0,999672506235759; 0,999672506235759; 7,00801470552606
5805; 2; 0; 0; 0,509146773657661; 0,509146773657661; 4,0171817983717
5814; 2; 1; 0; 0,875630525861189; 0,124369474138811; 7,65379156855948
5833; 2; 0; 0; 1; 1; 2,80775347228001
5874; 3; 0; 0; 1; 1; 7,0234158438026
5889; 2; 1; 0; 0,882456981349787; 0,117543018650213; 3,75213865480867
5908; 25; 3; 0; 0,33014508124; 0,102738237888193; 6,24832824769447
5930; 10; 0; 0; 0,463455775880435; 0,463455775880435; 5,61309976426031
5932; 2; 0; 0; 0,904187639825185; 0,904187639825185; 9,37506020746407
5937; 10; 0; 0; 0,999965473716722; 0,999965473716722; 6,27811633049087
5951; 10; 0; 0; 0,999988334569694; 0,999988334569694; 9,40075417926039
6023; 2; 0; 0; 0,754429604935077; 0,754429604935077; 3,74552293105527
6032; 18; 0; 0; 0,999954995444769; 0,999954995444769; 7,04660407849692
6042; 19; 1; 0; 0,99021767722483; 0,000706028365592703; 10,2086814999485
6057; 19; 0; 0; 0,999736872850112; 0,999736872850112; 7,06978226190429
6062; 19; 0; 0; 0,999911882032823; 0,999911882032823; 9,42637634920573
6066; 15; 0; 0; 0,999956475264849; 0,999956475264849; 7,02901525457492
6076; 2; 0; 0; 0,55346849930718; 0,55346849930718; 5,27864349053323
6077; 20; 0; 0; 0,98572078473389; 0,98572078473389; 4,31372575475155
6108; 10; 0; 0; 0,999999675390089; 0,999999675390089; 6,5091356306772
6119; 11; 2; 0; 0,405290612878245; 0,294581892113949; 4,67764959570535
6130; 3; 2; 0; 0,668812370644044; 0,16811876180109; 6,03278366842539
6153; 2; 1; 0; 0,500180869912838; 0,499819130087162; 5,62405451772039
6160; 10; 2; 0; 0,353013105215057; 0,298822365753266; 4,42880325793577
6169; 3; 2; 0; 0,604772042243223; 0,149165419281148; 3,83943009865956
6171; 2; 0; 0; 0,99999961324868; 0,99999961324868; 4,69537792503896
6204; 2; 1; 0; 0,598481922561746; 0,401518077438254; 5,09321224833163
6206; 16; 0; 0; 0,99998476174175; 0,99998476174175; 9,34401960736808
6206; 10; 0; 0; 0,999988986581289; 0,999988986581289; 9,40075417926039
6209; 10; 3; 0; 0,545409552415016; 0; 2,33023062525678
6213; 2; 0; 0; 0,530156143196557; 0,530156143196557; 7,03006814715048
6226; 2; 0; 0; 0,524795816475178; 0,524795816475178; 5,0923063792882
6231; 10; 0; 0; 0,997446879667844; 0,997446879667844; 4,34638615932728
6236; 16; 0; 0; 0,999985816911205; 0,999985816911205; 9,34401960736808
6268; 3; 2; 0; 0,413096985146833; 0,271771744963954; 4,44520901883976
6281; 20; 0; 0; 0,996789282228535; 0,996789282228535; 4,30618921045784
6287; 2; 0; 0; 0,998035537988998; 0,998035537988998; 4,02460965003339
6297; 2; 1; 0; 0,581523322348778; 0,418476677651222; 5,60835408966466
6323; 19; 0; 0; 0,999107245517089; 0,999107245517089; 5,65582580952344
6334; 2; 0; 0; 1; 1; 8,01493896700939
6346; 10; 0; 0; 1; 1; 9,3209225010271
6389; 2; 0; 0; 0,646740257140758; 0,646740257140758; 3,51287790219998
6397; 19; 0; 0; 0,999890131623397; 0,999890131623397; 5,12559157650965
6450; 2; 0; 0; 1; 1; 5,61932379282275
6453; 2; 0; 0; 0,505325147667618; 0,505325147667618; 4,68635551037741
6472; 24; 5; 0; 0,21210354876015; 0,198969805669932; 4,16382922751973
6495; 2; 0; 0; 0,688666040176748; 0,688666040176748; 8,03967687006277
6503; 19; 2; 0; 0,484331027850993; 0,341556145367417; 4,50154871324242
6511; 3; 1; 0; 0,416398099145991; 0,369453485509328; 4,02185577895026
6515; 18; 0; 0; 0,986239306670828; 0,986239306670828; 4,30065757364559
6528; 13; 0; 0; 0,999972167654627; 0,999972167654627; 8,0797511564441
6543; 18; 0; 0; 0,999763237108828; 0,999763237108828; 6,24894946412952
6549; 2; 0; 0; 1; 1; 2,67537352218233
6587; 19; 0; 0; 0,931276186788205; 0,931276186788205; 4,00693714108243
6594; 10; 0; 0; 0,99936860471886; 0,99936860471886; 4,97757430581198
6651; 20; 0; 0; 0,969947548106826; 0,969947548106826; 3,1157970211751
6676; 2; 1; 0; 0,754104126817572; 0,245895873182428; 3,74614139496447
6682; 19; 0; 0; 0,978215731098266; 0,978215731098266; 3,99431208726082
6687; 2; 1; 0; 0,591559931488187; 0,408440068511813; 5,10753126962082
6704; 2; 0; 0; 0,593199066706106; 0,593199066706106; 3,74706976234665
6718; 10; 0; 0; 1; 1; 9,35228817539618
6724; 2; 1; 0; 0,505116254923346; 0,494883745076654; 3,66071723755942
6739; 19; 0; 0; 0,853244218990482; 0,853244218990482; 6,61992457829768
6749; 2; 1; 0; 0,596413970814746; 0,403586029185253; 6,02373269467623
6787; 10; 0; 0; 0,999990593620013; 0,999990593620013; 5,65030200712546
6794; 16; 0; 0; 0,992957844879086; 0,992957844879086; 3,74007206168022
6804; 18; 0; 0; 0,999333509005151; 0,999333509005151; 5,62405451771657
6820; 21; 0; 0; 0,995013248631368; 0,995013248631368; 4,66082453671706
6824; 19; 3; 0; 0,506118368262607; 0,0966193111523649; 2,54183496462052
6826; 2; 0; 0; 0,999992383299028; 0,999992383299028; 5,12559157662614
6863; 19; 0; 0; 1; 1; 8,01387428216485
6866; 15; 0; 0; 0,974106320886719; 0,974106320886719; 4,0067124232693
6903; 18; 0; 0; 0,999863273672176; 0,999863273672176; 6,26364806977504
6907; 18; 0; 0; 0,998987878658796; 0,998987878658796; 6,2120609397103
6909; 18; 0; 0; 0,999756229148383; 0,999756229148383; 6,26364806977504
6912; 2; 1; 0; 0,853189752164373; 0,146810247835627; 3,75184920602929
6934; 10; 0; 0; 1; 1; 13,9800923054129
6937; 2; 0; 0; 1; 1; 2,94870182798147
6947; 10; 0; 0; 1; 1; 7,04158392448259
6960; 2; 0; 0; 1; 1; 2,95821297027367
6961; 20; 0; 0; 0,99508428957453; 0,99508428957453; 4,67320290098085
6967; 20; 0; 0; 0,999920339984241; 0,999920339984241; 6,26161184480581
6970; 13; 0; 0; 0,999937317427617; 0,999937317427617; 8,05961370438118
6989; 10; 0; 0; 0,994991396042334; 0,994991396042334; 4,31239410159693
7011; 16; 0; 0; 0,996849101919123; 0,996849101919123; 5,12694479311313
7034; 16; 0; 0; 0,999924307015034; 0,999924307015034; 5,60704186335341
7035; 13; 0; 0; 0,97190374026846; 0,97190374026846; 4,02980685219059
7038; 13; 0; 0; 0,946140033990061; 0,946140033990061; 3,76115306204455
7041; 16; 0; 0; 0,999456090482491; 0,999456090482491; 5,12115194507487
7047; 16; 0; 0; 0,997996215379403; 0,997996215379403; 4,6943892829853
7056; 16; 0; 0; 0,999944327748553; 0,999944327748553; 5,63326713958236
7090; 2; 1; 0; 0,9952433312805; 0,00475666871949953; 4,01366678058979
7092; 13; 0; 0; 0,999895908281481; 0,999895908281481; 7,06978226188859
7140; 2; 1; 0; 0,597898443836563; 0,402101556163437; 6,02373269467623
7145; 10; 0; 0; 0,999902015729907; 0,999902015729907; 5,11561387471793
7155; 2; 1; 0; 1; 0; 3,75630234003117
7158; 2; 1; 0; 0,54467586873739; 0,45532413126261; 4,01372292317622
7175; 10; 0; 0; 1; 1; 18,8343489914726
7213; 13; 0; 0; 1; 1; 14,1395645237772
7248; 10; 1; 0; 0,482423119681543; 0,206706161353283; 4,94983893533998
7262; 10; 0; 0; 1; 1; 6,99069187577033
7266; 2; 0; 0; 0,637498974470575; 0,637498974470575; 7,02391686603214
7278; 18; 0; 0; 0,999900354286948; 0,999900354286948; 9,31809140956545
7279; 20; 0; 0; 0,999853090507703; 0,999853090507703; 6,2309372013078
7280; 10; 0; 0; 0,999938226166357; 0,999938226166357; 5,59203692216514
7283; 2; 1; 0; 0,506214442377747; 0,493785557622253; 6,03415805195475
7287; 10; 0; 0; 0,410087963903528; 0,410087963903528; 4,89662057351769
7316; 18; 0; 0; 1; 1; 9,39513110520466
7318; 19; 0; 0; 0,55389347190782; 0,55389347190782; 2,79649340811106
7332; 10; 0; 0; 1; 1; 13,9800923054129
7335; 19; 0; 0; 0,949368005839036; 0,949368005839036; 3,72802461477676
7344; 2; 1; 0; 0,576449954478698; 0,423550045521302; 4,32619578286184
7345; 19; 0; 0; 0,99938843844924; 0,99938843844924; 6,28425089947048
7364; 18; 1; 0; 0,578709266709431; 0; 3,31592862536635
7375; 2; 1; 0; 0,990433205226065; 0,00956679477393507; 3,50336252376883
7418; 2; 1; 0; 0,885735672036331; 0,114264327963669; 5,63583452700094
7450; 19; 0; 0; 0,999999823892028; 0,999999823892028; 6,26461192684513
7466; 19; 0; 0; 0,999290467518231; 0,999290467518231; 5,65582580952344
7470; 10; 0; 0; 0,999998000461063; 0,999998000461063; 5,62717526218973
7473; 10; 2; 0; 0,490264864870362; 0,159533954812221; 4,68748036772066
7495; 2; 0; 0; 0,660029765191972; 0,660029765191972; 8,02733356117959
7522; 16; 0; 0; 0,983864309317808; 0,983864309317808; 4,69969939368703
7528; 10; 0; 0; 0,999986765665787; 0,999986765665787; 7,06288087180223
7538; 2; 1; 0; 0,580310320327167; 0,419689679672833; 5,62215051503115
7539; 10; 2; 0; 0,388909921813508; 0,23771966230229; 4,44622172249293
7542; 2; 0; 0; 0,618419216668679; 0,618419216668679; 3,50841810226797
7547; 18; 0; 0; 0,999803619616272; 0,999803619616272; 5,6248417147394
7552; 10; 0; 0; 1; 1; 18,8343489914726
7564; 16; 0; 0; 0,999533465173233; 0,999533465173233; 5,12115194507487
7580; 10; 0; 0; 1; 1; 14,1257617436045
7584; 2; 0; 0; 0,999994934084583; 0,999994934084583; 5,12559157662614
7597; 16; 0; 0; 0,996177835253372; 0,996177835253372; 4,33328241506335
7599; 2; 1; 0; 1; 0; 3,74608899521714
7623; 16; 0; 0; 0,930333882343766; 0,930333882343766; 3,50400735276303
7626; 2; 0; 0; 0,98684544931047; 0,98684544931047; 3,12255813528887
7626; 2; 1; 0; 0,526827843206357; 0,473172156793643; 5,628207982213
7657; 13; 0; 0; 0,999994419757104; 0,999994419757104; 9,42637634918479
7662; 19; 0; 0; 0,308407683234858; 0,308407683234858; 3,30280872057158
7668; 20; 0; 0; 0,999165575604874; 0,999165575604874; 5,63545066032523
7692; 2; 0; 0; 0,981422319918318; 0,981422319918318; 2,67647840167618
7698; 2; 1; 0; 0,54467586873739; 0,45532413126261; 4,01372292317622
7698; 2; 1; 0; 0,892706218553636; 0,107293781446364; 2,67164632233646
7701; 2; 1; 0; 0,705050481831679; 0,294949518168321; 5,62362661245289
7703; 2; 0; 0; 0,514853425139074; 0,514853425139074; 6,24894946413376
7721; 2; 0; 0; 1; 1; 2,94870182798147
7724; 10; 0; 0; 0,843484366283105; 0,843484366283105; 3,76030167170416
7731; 2; 1; 0; 0,576901322677302; 0,423098677322698; 5,60835408966466
7738; 2; 0; 0; 0,522807990709997; 0,522807990709997; 5,26262715340195
7759; 10; 2; 0; 0,442520449387787; 0,348727961179706; 5,62848063070883
7807; 16; 0; 0; 0,999981652938302; 0,999981652938302; 7,01263511565041
7812; 10; 0; 0; 0,67740807967031; 0,67740807967031; 7,65422695126406
7815; 19; 0; 0; 0,999999297332333; 0,999999297332333; 6,23301333057266
7820; 19; 0; 0; 0,999666739689812; 0,999666739689812; 7,06978226190429
7832; 2; 0; 0; 0,514853425139074; 0,514853425139074; 6,24894946413376
7841; 10; 0; 0; 1; 1; 11,3006093948836
7843; 10; 1; 0; 0,575322926038839; 0,159371597895101; 5,60981746005197
7846; 10; 0; 0; 1; 1; 6,25241695798858
7853; 2; 0; 0; 1; 1; 2,55376563481041
7859; 2; 1; 0; 0,99920447485763; 0,000795525142369811; 4,3224103790967
7861; 21; 0; 0; 0,998706605458066; 0,998706605458066; 5,08453585823679
7875; 19; 0; 0; 0,999421315975268; 0,999421315975268; 5,09973817955945
7904; 18; 0; 0; 0,892813636233378; 0,892813636233378; 3,10603046985515
7974; 16; 2; 0; 0,310652758806136; 0,0814072032841573; 2,80352093167671
7989; 10; 0; 0; 0,998319490757695; 0,998319490757695; 4,66003076847095
8007; 10; 1; 0; 0,408489291168626; 0,221435285709508; 4,22391063636828
8014; 16; 0; 0; 0,999611005308375; 0,999611005308375; 5,09731078486674
8075; 2; 0; 0; 1; 1; 3,30134694783611
8093; 2; 1; 0; 0,587107433546678; 0,412892566453321; 6,22393001913003
8117; 10; 0; 0; 1; 1; 7,03396907773716
8125; 18; 1; 0; 0,547497815446865; 0; 3,13171036840155
8130; 2; 1; 0; 0,64969565086647; 0,35030434913353; 5,62777380904394
8130; 2; 0; 0; 0,998035537988998; 0,998035537988998; 4,02460965003339
8136; 21; 0; 0; 0,998819759853572; 0,998819759853572; 5,08453585823679
8140; 2; 1; 0; 0,953936760817604; 0,0460632391823962; 7,03006392929263
8156; 2; 1; 0; 0,638681587941966; 0,361318412058034; 5,6182843965829
8164; 2; 1; 0; 0,739673713073559; 0,260326286926441; 3,75184920602929
8170; 2; 0; 0; 0,522199101291475; 0,522199101291475; 4,32247084034362
8197; 2; 0; 0; 0,512084892099324; 0,512084892099324; 3,36785985855466
8203; 16; 0; 0; 0,666347752419168; 0,666347752419168; 2,95074303390571
8203; 2; 0; 0; 0,509146773657661; 0,509146773657661; 4,0171817983717
8206; 2; 0; 0; 0,526302648397227; 0,526302648397227; 5,11200715262066
8214; 11; 2; 0; 0,43731336169249; 0,255112841769083; 4,00941393917601
8245; 2; 1; 0; 0,65719791236031; 0,34280208763969; 4,44069722196679
8260; 2; 0; 0; 0,871758132662334; 0,871758132662334; 2,81030232175999
8263; 2; 1; 0; 0,537704588608679; 0,462295411391321; 3,8271134756303
8296; 19; 0; 0; 1; 1; 9,34951999585899
8304; 16; 0; 0; 0,984253758211571; 0,984253758211571; 3,5063175578252
8307; 2; 1; 0; 0,535477333277041; 0,464522666722959; 4,95044853404993
8312; 10; 2; 0; 0,394389583112263; 0,291001477113166; 4,69040052559069
8315; 2; 1; 0; 0,500376763702002; 0,499623236297998; 2,24215201521205
8352; 2; 1; 0; 0,824645919713182; 0,175354080286818; 4,01983843503138
8356; 2; 1; 0; 1; 0; 2,66922858953816
8357; 10; 0; 0; 0,999530834962795; 0,999530834962795; 5,65030469744178
8358; 19; 0; 0; 0,997666122230832; 0,997666122230832; 4,68347281601233
8361; 20; 0; 0; 0,77619354273067; 0,77619354273067; 3,73856232078468
8373; 10; 0; 0; 0,999998581617101; 0,999998581617101; 8,07186385348826
8375; 10; 2; 0; 0,550536096963257; 0,0177798722578711; 3,52528281722265
8376; 10; 0; 0; 0,999335891304125; 0,999335891304125; 6,26716945284026
8381; 10; 0; 0; 1; 1; 11,1840738443303
8408; 10; 0; 0; 0,63633572027095; 0,63633572027095; 7,01637470532539
8413; 10; 0; 0; 1; 1; 11,3006093948836
8419; 2; 0; 0; 1; 1; 5,63445351004675
8436; 19; 0; 0; 1; 1; 11,1840738443303
8445; 20; 0; 0; 1; 1; 9,39241776720872
8451; 25; 7; 0; 0,273454779412933; 0,223543925331469; 4,16555216512964
8462; 16; 0; 0; 1; 1; 9,3887785659706
8483; 2; 1; 0; 0,747232890440783; 0,252767109559217; 3,74614139496447
8512; 2; 0; 0; 0,976637152305444; 0,976637152305444; 2,67647840167618
8530; 19; 0; 0; 0,999989438077061; 0,999989438077061; 7,06978226190429
8550; 2; 1; 0; 0,618643840962112; 0,381356159037888; 5,09850371787696
8554; 10; 0; 0; 1; 1; 9,41717001187576
8565; 3; 2; 0; 0,668812370644044; 0,16811876180109; 6,03278366842539
8608; 2; 0; 0; 0,981430744195602; 0,981430744195602; 9,3508472309832
8609; 10; 0; 0; 0,999999460729071; 0,999999460729071; 8,07186385348826
8623; 3; 2; 0; 0,634197595896605; 0,203802874171337; 7,67808830526868
8625; 2; 0; 0; 0,957652855581126; 0,957652855581126; 2,8012667365824
8627; 23; 0; 0; 0,904855988506555; 0,904855988506555; 4,03006866994614
8641; 13; 0; 0; 0,994042789803999; 0,994042789803999; 4,71318817459239
8661; 2; 1; 0; 0,909877796288752; 0,0901222037112482; 7,03110393478076
8669; 16; 0; 0; 0,999950834251078; 0,999950834251078; 5,63326713958236
8703; 2; 0; 0; 0,999995461131376; 0,999995461131376; 5,12559157662614
8705; 2; 1; 0; 0,916337436669293; 0,0836625633307068; 7,03110393478076
8713; 2; 0; 0; 0,98239406600981; 0,98239406600981; 2,55482029250908
8713; 2; 0; 0; 1; 1; 5,63445351004675
8736; 19; 0; 0; 0,984558311342447; 0,984558311342447; 4,31516307501184
8754; 2; 0; 0; 0,999997092773325; 0,999997092773325; 5,12559157662614
8762; 2; 1; 0; 0,533887814002089; 0,466112185997911; 5,62060464351998
8771; 2; 1; 0; 0,660385284725783; 0,339614715274217; 5,11655271110273
8796; 15; 0; 0; 0,806887597457678; 0,806887597457678; 2,81160610182997
8800; 19; 0; 0; 1; 1; 14,0242799937885
8801; 3; 2; 0; 0,606027483135601; 0,263382070525097; 2,90981752376398
8803; 3; 1; 0; 0,425747664476902; 0,32714745037973; 4,96867424532414
8815; 21; 0; 0; 0,998955894552228; 0,998955894552228; 5,08453585823679
8822; 10; 0; 0; 0,995630052830269; 0,995630052830269; 4,45361911572651
8823; 10; 0; 0; 1; 1; 11,3006093948836
8824; 10; 0; 0; 0,999925519665094; 0,999925519665094; 8,0577892965089
8831; 18; 0; 0; 0,996895303591093; 0,996895303591093; 3,99346774695662
8856; 13; 0; 0; 0,999963606825378; 0,999963606825378; 8,0797511564441
8865; 16; 0; 0; 1; 1; 11,2665342791647
8865; 10; 0; 0; 0,999855911867666; 0,999855911867666; 11,2227458104754
8886; 20; 0; 0; 0,999999672991153; 0,999999672991153; 5,28867269992523
8902; 15; 0; 0; 0,999295898616122; 0,999295898616122; 4,68877930107069
8903; 2; 1; 0; 0,95234648303139; 0,04765351696861; 6,03839413607243
8909; 10; 0; 0; 0,999999299085875; 0,999999299085875; 8,07186385348826
8922; 18; 0; 0; 0,98392249848274; 0,98392249848274; 3,13171036840155
8926; 16; 2; 0; 0,331960420247606; 0,0296021536089747; 2,6700199349302
8948; 2; 0; 0; 0,999999664285889; 0,999999664285889; 5,12223046367886
8951; 10; 0; 0; 0,99873920099851; 0,99873920099851; 4,70858724786815
8956; 19; 0; 0; 0,999724647421868; 0,999724647421868; 5,14165982683949
8962; 3; 0; 0; 0,422329722878134; 0,422329722878134; 3,66890035605023
8965; 10; 0; 0; 0,999985331010975; 0,999985331010975; 7,00895829923643
8976; 2; 0; 0; 0,753847351122452; 0,753847351122452; 9,37962301507323
8994; 2; 0; 0; 0,565933114250247; 0,565933114250247; 5,60835408966466
9010; 2; 0; 0; 0,696548205138262; 0,696548205138262; 3,51287790219998
9039; 10; 0; 0; 0,741090762945236; 0,741090762945236; 3,12620847899429
9044; 2; 1; 0; 1; 0; 2,72446115640425
9051; 20; 0; 0; 0,999647685773624; 0,999647685773624; 5,60784348117702
9060; 22; 0; 0; 0,999523483069978; 0,999523483069978; 5,60113830716406
9088; 18; 0; 0; 0,999340567763142; 0,999340567763142; 7,01316941837565
9089; 2; 0; 0; 0,999986806180386; 0,999986806180386; 4,69537792503896
9123; 10; 0; 0; 0,998005170560013; 0,998005170560013; 5,13664063403798
9165; 2; 1; 0; 0,55590120481681; 0,44409879518319; 3,75213865480867
9172; 3; 0; 0; 0,348500543797116; 0,348500543797116; 3,62796150169763
9188; 2; 0; 0; 0,774486985840488; 0,774486985840488; 3,12255813528887
9192; 10; 0; 0; 0,91206389969068; 0,91206389969068; 4,3388096211971
9198; 10; 0; 0; 0,999999807100888; 0,999999807100888; 8,07186001017923
9201; 18; 0; 0; 0,998171566111007; 0,998171566111007; 4,3261957828589
9203; 13; 0; 0; 0,993767800673182; 0,993767800673182; 4,35063523808529
9204; 10; 0; 0; 0,369380311419154; 0,369380311419154; 4,00935697447165
9205; 10; 0; 0; 1; 1; 9,41717001187576
9213; 10; 0; 0; 0,999998120439819; 0,999998120439819; 7,06287750890682
9220; 18; 0; 0; 0,999999966096327; 0,999999966096327; 9,39547210466256
9236; 19; 0; 0; 0,985299048863041; 0,985299048863041; 3,75876715610708
9240; 13; 0; 0; 0,999945097850751; 0,999945097850751; 7,06978226188859
9247; 18; 0; 0; 0,999613716416153; 0,999613716416153; 5,11277683428779
9253; 2; 0; 0; 0,58050756129158; 0,58050756129158; 6,25308201004882
9253; 2; 0; 0; 0,972192035768443; 0,972192035768443; 3,52153344377922
9258; 19; 0; 0; 0,999997200510869; 0,999997200510869; 8,07975115646205
9260; 10; 0; 0; 1; 1; 9,4171744957363
9275; 16; 0; 0; 0,974282522393273; 0,974282522393273; 4,69969939368703
9280; 2; 0; 0; 0,565605886585389; 0,565605886585389; 5,61088157994817
9287; 16; 0; 0; 0,979304769156036; 0,979304769156036; 4,69969939368703
9298; 20; 0; 0; 0,999985624925491; 0,999985624925491; 7,04431332540654
9313; 13; 0; 0; 0,999956215951365; 0,999956215951365; 7,06978226188859
9314; 19; 1; 0; 0,780899934348871; 0,0608476542916555; 5,36181061946233
9344; 2; 1; 0; 0,512070938582023; 0,487929061417977; 4,00962068830625
9345; 16; 0; 0; 0,999540897527578; 0,999540897527578; 5,12115194507487
9381; 10; 0; 0; 0,999999838971672; 0,999999838971672; 9,32006153694191
9389; 2; 0; 0; 0,975101281554922; 0,975101281554922; 2,67647840167618
9402; 10; 0; 0; 0,999932725079948; 0,999932725079948; 5,13663818829587
9403; 13; 0; 0; 0,994042789803999; 0,994042789803999; 4,71318817459239
9419; 2; 0; 0; 0,502835727878372; 0,502835727878372; 4,21877709335883
9420; 13; 0; 0; 0,992562423274144; 0,992562423274144; 6,26858843674092
9423; 2; 1; 0; 0,610602837214403; 0,389397162785597; 3,51476663278306
9450; 16; 1; 0; 0,272434947263511; 0,0519178633159386; 1,93324543600719
9451; 19; 0; 0; 0,992778213938177; 0,992778213938177; 4,03987557823103
9456; 10; 0; 0; 0,519115907551493; 0,519115907551493; 4,97352669566138
9460; 22; 0; 0; 0,999879692972488; 0,999879692972488; 7,00142288395508
9469; 2; 0; 0; 0,813027209800175; 0,813027209800175; 4,3224103790967
9486; 10; 0; 0; 0,999984807990166; 0,999984807990166; 6,21394833401807
9495; 13; 0; 0; 0,996393988880932; 0,996393988880932; 4,71318817459239
9526; 10; 0; 0; 0,99033533177805; 0,99033533177805; 5,12911754482389
9527; 2; 0; 0; 0,502240508825328; 0,502240508825328; 3,24839599417429
9533; 3; 1; 0; 0,691562471603256; 0,242066500039438; 7,03895518087587
9560; 18; 0; 0; 0,999998774894665; 0,999998774894665; 5,12461696647527
9591; 10; 0; 0; 0,438503447838915; 0,438503447838915; 4,22749769131218
9614; 2; 0; 0; 0,590519128721335; 0,590519128721335; 5,1020816466558
9615; 2; 1; 0; 0,704250794871043; 0,295749205128957; 5,10964058501816
9619; 10; 0; 0; 0,991871165818965; 0,991871165818965; 4,23093815994018
9620; 22; 0; 0; 0,98696686180311; 0,98696686180311; 4,97345224044199
9633; 2; 1; 0; 0,739086161944399; 0,260913838055601; 6,49679198834859
9636; 10; 0; 0; 0,998776585760776; 0,998776585760776; 4,30196423124328
9671; 2; 0; 0; 0,995229844275874; 0,995229844275874; 3,75630234003117
9705; 16; 0; 0; 0,997868079656206; 0,997868079656206; 4,6943892829853
9726; 19; 0; 0; 0,999722619673422; 0,999722619673422; 4,31420306994588
9726; 18; 0; 0; 0,999999177709941; 0,999999177709941; 7,04660407849692
9756; 19; 0; 0; 0,638210710186; 0,638210710186; 2,95748004865646
9764; 2; 0; 0; 0,5520597231242; 0,5520597231242; 4,00750595613566
9773; 18; 0; 0; 0,99999988757937; 0,99999988757937; 5,6370786631228
9774; 16; 0; 0; 0,80410573723864; 0,80410573723864; 3,31743486613202
9774; 19; 0; 0; 0,997267770217632; 0,997267770217632; 4,32320567631908
9778; 2; 1; 0; 0,603923726524452; 0,396076273475548; 5,628207982213
9807; 2; 1; 0; 0,500351960107355; 0,499648039892645; 4,01657704848766
9813; 19; 0; 0; 0,987545064381562; 0,987545064381562; 3,77055053968229
9826; 2; 1; 0; 0,563142515343958; 0,436857484656042; 3,83429087212697
9834; 2; 0; 0; 0,576100236222027; 0,576100236222027; 4,00877843665813
9835; 2; 1; 0; 0,533643116156502; 0,466356883843498; 5,09850371787696
9841; 3; 2; 0; 0,890323828757498; 0,0666458076170766; 8,63793860381745
9846; 2; 1; 0; 1; 0; 3,31045518179055
9849; 2; 0; 0; 0,569733327333193; 0,569733327333193; 4,30887462862848
9856; 19; 0; 0; 0,999987879291458; 0,999987879291458; 8,01387428216485
9881; 17; 0; 0; 0,780990874047688; 0,780990874047688; 2,67581528211955
9923; 13; 0; 0; 0,993767800673182; 0,993767800673182; 4,35063523808529
9940; 2; 1; 0; 0,571333232287558; 0,428666767712442; 3,75213865480867
9942; 19; 0; 0; 0,332958714043288; 0,332958714043288; 2,45136988441766
9960; 2; 1; 0; 0,673839180267448; 0,326160819732552; 5,60253347316479
9961; 18; 0; 0; 0,999996079447947; 0,999996079447947; 4,69756555260233
9987; 19; 0; 0; 0,999997915182127; 0,999997915182127; 9,34951999585899
9995; 10; 2; 0; 0,591467754693075; 0,26655037477474; 6,49440072774096
10009; 2; 1; 0; 0,727364905444095; 0,272635094555905; 5,09580003457285
10018; 2; 0; 0; 0,65207359235149; 0,65207359235149; 3,74706976234665
10038; 2; 0; 0; 0,874908950528297; 0,874908950528297; 7,0131354232374
10049; 19; 0; 0; 0,703172773196579; 0,703172773196579; 2,81907536708031
10058; 2; 0; 0; 0,51785457324888; 0,51785457324888; 4,43168602391743
10065; 10; 0; 0; 1; 1; 11,1840738443303
10091; 19; 0; 0; 0,998684054611444; 0,998684054611444; 4,35063523809495
10133; 2; 0; 0; 1; 1; 5,12559157662614
10135; 2; 1; 0; 0,68142147705729; 0,31857852294271; 5,60253347316479
10161; 10; 0; 0; 0,985675734752174; 0,985675734752174; 3,76686979829452
10163; 2; 0; 0; 0,947815900883578; 0,947815900883578; 9,37080561810289
10172; 10; 0; 0; 0,99955891881047; 0,99955891881047; 4,69438928298839
10175; 2; 1; 0; 0,575445777943784; 0,424554222056216; 7,03006814715048
10190; 10; 0; 0; 0,794832829576299; 0,794832829576299; 3,12620847899429
10193; 10; 2; 0; 0,595639452026486; 0,261139150060735; 6,49440072774096
10200; 10; 0; 0; 0,605322436644019; 0,605322436644019; 4,94983893533998
10201; 2; 1; 0; 0,552238974902237; 0,447761025097763; 6,22393001913003
10202; 2; 1; 0; 0,511225945272269; 0,488774054727731; 4,32905677618765
10203; 20; 0; 0; 0,996236405682682; 0,996236405682682; 4,33496204640402
10216; 19; 0; 0; 0,999968378687991; 0,999968378687991; 6,28425089947048
10223; 16; 0; 0; 0,999406776687981; 0,999406776687981; 5,12115194507487
10233; 21; 0; 0; 0,988697991615086; 0,988697991615086; 4,30229957235421
10233; 2; 0; 0; 1; 1; 5,63445351004675
10236; 10; 0; 0; 0,999260982806834; 0,999260982806834; 4,33637174052742
10237; 16; 0; 0; 0,978671944214214; 0,978671944214214; 4,69969939368703
10240; 20; 0; 0; 0,999827039337729; 0,999827039337729; 4,70944859151411
10249; 20; 0; 0; 0,984577035122636; 0,984577035122636; 4,02532190023231
10251; 3; 1; 0; 0,438113565323993; 0,401210474110392; 4,44130043100818
10269; 2; 1; 0; 0,907931483719192; 0,092068516280808; 3,51200755777919
10309; 18; 0; 0; 0,999999087822926; 0,999999087822926; 5,12461696647527
10314; 3; 1; 0; 0,596021050059218; 0,360920820560168; 5,2792163856569
10333; 18; 0; 0; 0,999775745775933; 0,999775745775933; 5,62405451771657
10362; 18; 0; 0; 1; 1; 7,04634832890349
10363; 21; 0; 0; 0,999996653686305; 0,999996653686305; 9,32164907343411
10384; 19; 0; 0; 0,999165673629491; 0,999165673629491; 4,35063523809495
10385; 10; 0; 0; 0,998514382072179; 0,998514382072179; 4,67263886615762
10411; 2; 0; 0; 0,999999787148088; 0,999999787148088; 5,12223046367886
10414; 2; 0; 0; 0,585049126586908; 0,585049126586908; 3,51142774786431
10440; 19; 0; 0; 0,999432512793703; 0,999432512793703; 5,63815073416062
10453; 21; 0; 0; 0,999947770719808; 0,999947770719808; 6,99123680507559
10457; 10; 0; 0; 0,999636368525538; 0,999636368525538; 4,70858724786815
10508; 2; 0; 0; 0,563791791683314; 0,563791791683314; 5,61088157994817
10526; 20; 0; 0; 0,981810601236037; 0,981810601236037; 3,75696710688349
10528; 20; 0; 0; 0,999989208549405; 0,999989208549405; 5,65133830981694
10558; 2; 1; 0; 0,651646313340892; 0,348353686659108; 4,01372292317622
10575; 19; 0; 0; 0,999996171388748; 0,999996171388748; 8,07975115646205
10579; 13; 0; 0; 0,994736239909184; 0,994736239909184; 4,71318817459239
10598; 20; 0; 0; 0,969261866184905; 0,969261866184905; 3,73856232078468
10602; 2; 0; 0; 0,999999936105107; 0,999999936105107; 4,69845894524063
10609; 2; 1; 0; 0,51898074729996; 0,481019252700039; 3,50969184035001
10614; 19; 0; 0; 0,98300710010626; 0,98300710010626; 4,31516307501184
10618; 19; 0; 0; 0,999554338770731; 0,999554338770731; 4,71318817460286
10641; 2; 0; 0; 0,535436767822941; 0,535436767822941; 4,96294712753079
10645; 11; 2; 0; 0,48858681266474; 0,325284174653052; 4,67764959570535
10651; 3; 1; 0; 0,453077071048998; 0,315394793582023; 3,37835885431822
10661; 2; 0; 0; 0,528268487450888; 0,528268487450888; 5,26262715340195
10662; 3; 2; 0; 0,793658797310832; 0,152399854045096; 7,02859203357949
10675; 13; 0; 0; 0,999860858795083; 0,999860858795083; 6,28425089945653
10678; 10; 0; 0; 0,734840936593543; 0,734840936593543; 3,75245835151429
10687; 18; 0; 0; 1; 1; 7,04634832890349
10694; 16; 0; 0; 0,810006164497663; 0,810006164497663; 3,31743486613202
10699; 2; 1; 0; 0,564152021647789; 0,435847978352211; 3,51195843301607
10706; 18; 0; 0; 0,999615691084045; 0,999615691084045; 5,11277683428779
10709; 19; 2; 0; 0,482933978106024; 0,187249895433613; 4,68911324296085
10767; 10; 1; 0; 0,534873013119399; 0,0955163059381994; 8,41964964639047
10771; 10; 0; 0; 0,999972371977169; 0,999972371977169; 6,99004615270643
10777; 2; 0; 0; 0,613527020829918; 0,613527020829918; 3,13025195002597
10791; 16; 0; 0; 0,993121462149488; 0,993121462149488; 3,50400735276303
10830; 2; 1; 0; 0,545745900381539; 0,454254099618461; 3,30487317446053
10841; 20; 0; 0; 0,999573874697135; 0,999573874697135; 5,12313696393203
10844; 19; 0; 0; 0,990983927430722; 0,990983927430722; 4,31516307501184
10872; 13; 0; 0; 1; 1; 9,42637634918479
10883; 13; 0; 0; 0,999964177664568; 0,999964177664568; 7,06978226188859
10888; 2; 0; 0; 0,988654329384318; 0,988654329384318; 2,54660612416581
10909; 16; 0; 0; 0,996543510774293; 0,996543510774293; 3,29825991961966
10917; 10; 0; 0; 0,478417547823353; 0,478417547823353; 2,63994414773018
10919; 21; 0; 0; 0,999866958808076; 0,999866958808076; 6,21443271562274
10921; 2; 1; 0; 1; 0; 1,87304449760857
10964; 15; 0; 0; 0,999818535608754; 0,999818535608754; 4,67449782714751
10975; 10; 0; 0; 0,999892662111346; 0,999892662111346; 6,21337435796127
10984; 19; 0; 0; 0,747000717210317; 0,747000717210317; 3,29983058677376
10989; 10; 0; 0; 0,689849561638919; 0,689849561638919; 2,43154500026794
11009; 2; 1; 0; 0,597790686595522; 0,402209313404477; 4,02014855872357
11025; 11; 2; 0; 0,480394684367563; 0,335768091154941; 4,95280545427625
11028; 18; 0; 0; 0,991339000004557; 0,991339000004557; 3,31592862536635
11030; 2; 0; 0; 0,588333173374991; 0,588333173374991; 5,11277683429126
11032; 2; 1; 0; 0,559148676995493; 0,440851323004507; 5,6318808484911
11044; 20; 0; 0; 0,999941770562587; 0,999941770562587; 6,26161184480581
11119; 19; 0; 0; 0,994950991105372; 0,994950991105372; 4,6747599979295
11120; 2; 1; 0; 0,622532400111179; 0,377467599888821; 4,32939075554846
11130; 10; 0; 0; 0,298003459714025; 0,298003459714025; 2,94317732745534
11158; 2; 0; 0; 1; 1; 6,26050390005194
11172; 20; 0; 0; 0,910022588289024; 0,910022588289024; 2,56879014082588
11208; 10; 0; 0; 0,486033583242343; 0,486033583242343; 6,50384260201873
11226; 2; 0; 0; 0,664936755397733; 0,664936755397733; 4,0130602832735
11229; 2; 1; 0; 0,996700057308732; 0,00329994269126748; 2,55376563481041
11233; 21; 0; 0; 0,999997881870116; 0,999997881870116; 9,32164907343411
11252; 10; 0; 0; 0,999932361437364; 0,999932361437364; 6,23018515487683
11295; 20; 0; 0; 0,999422837737522; 0,999422837737522; 5,12313696393203
11298; 2; 0; 0; 0,979656934091936; 0,979656934091936; 2,67647840167618
11306; 2; 1; 0; 0,570651868735937; 0,429348131264063; 7,03006814715048
11315; 2; 0; 0; 0,526105407263128; 0,526105407263128; 3,11821137978349
11317; 2; 1; 0; 1; 0; 1,87815117001558
11319; 16; 0; 0; 0,997028059811618; 0,997028059811618; 5,63963927242444
11320; 16; 0; 0; 0,922841398495966; 0,922841398495966; 3,11672671806685
11323; 23; 0; 0; 0,997340370817817; 0,997340370817817; 5,64209613792459
11329; 19; 0; 0; 0,999984958884613; 0,999984958884613; 7,06978226190429
11352; 19; 0; 0; 0,96334864768245; 0,96334864768245; 3,52481808209142
11365; 17; 0; 0; 0,691729938446079; 0,691729938446079; 2,44313569237003
11373; 22; 0; 0; 0,594654105084106; 0,594654105084106; 3,25187261875053
11379; 10; 0; 0; 1; 1; 14,1257617436045
11381; 20; 0; 0; 0,999953299884395; 0,999953299884395; 5,08913270326835
11406; 19; 0; 0; 0,999817830724109; 0,999817830724109; 5,14165982683949
11412; 2; 0; 0; 1; 1; 5,12559157662614
11414; 2; 1; 0; 0,664620327171163; 0,335379672828837; 3,66560531526473
11415; 18; 0; 0; 0,998856492911315; 0,998856492911315; 6,23392837188947
11453; 19; 0; 0; 0,999996389966449; 0,999996389966449; 8,07975115646205
11485; 20; 0; 0; 0,904894148310724; 0,904894148310724; 2,56879014082588
11489; 10; 1; 0; 0,36693499021929; 0,15808948200832; 3,01964120808013
11496; 10; 0; 0; 0,371005045436963; 0,371005045436963; 3,82711347563203
11499; 2; 1; 0; 0,578374759444992; 0,421625240555008; 4,32247084034362
11508; 2; 0; 0; 0,560435465491258; 0,560435465491258; 2,72110965118688
11513; 17; 0; 0; 0,838061367813129; 0,838061367813129; 2,67581528211955
11528; 10; 0; 0; 0,999858607706251; 0,999858607706251; 6,23018515487683
11534; 13; 0; 0; 0,998320246692756; 0,998320246692756; 5,14165982682807
11547; 13; 0; 0; 0,999991107892587; 0,999991107892587; 8,0797511564441
11548; 13; 1; 0; 0,441856932757053; 0,427212412083907; 3,13429421837046
11552; 10; 0; 0; 0,999982466208828; 0,999982466208828; 5,65030200712546
11553; 2; 1; 0; 0,670342374267781; 0,329657625732219; 2,95699178767521
11555; 19; 0; 0; 0,999802676371803; 0,999802676371803; 6,23301333057266
11573; 2; 1; 0; 0,532033312215728; 0,467966687784272; 2,41373708847522
11581; 2; 0; 0; 0,659105507818938; 0,659105507818938; 3,501583420728
11583; 10; 1; 0; 0,492201274110118; 0,172007128230127; 4,96930663102151
11588; 2; 0; 0; 0,837344787167866; 0,837344787167866; 4,68261124402143
11599; 2; 1; 0; 0,539487030324336; 0,460512969675664; 5,10337971904975
11604; 10; 3; 0; 0,352880385863726; 0; 2,81434376363572
11607; 2; 0; 0; 0,977006358565047; 0,977006358565047; 2,95287225100346
11613; 2; 0; 0; 0,890433573914299; 0,890433573914299; 2,95821297027367
11613; 2; 0; 0; 0,72227770095618; 0,72227770095618; 3,75213865480867
11634; 10; 0; 0; 1; 1; 9,4171744957363
11660; 10; 0; 0; 0,361500750543892; 0,361500750543892; 3,24720036387048
11663; 2; 1; 0; 0,524129614433162; 0,475870385566838; 3,51142774786431
11666; 13; 1; 0; 0,444319014654619; 0,419240912644964; 3,13429421837046
11668; 15; 0; 0; 0,999992398265414; 0,999992398265414; 7,01174674072127
11680; 11; 2; 0; 0,469008370996359; 0,345084126568001; 4,95280545427625
11697; 2; 1; 0; 0,619803681721361; 0,380196318278639; 3,66560531526473
11723; 19; 0; 0; 0,999984818654279; 0,999984818654279; 5,08453346929284
11749; 10; 0; 0; 0,999956848542146; 0,999956848542146; 5,13663818829587
11806; 2; 0; 0; 1; 1; 2,10885997966983
11810; 13; 0; 0; 0,897182534641049; 0,897182534641049; 3,76115306204455
11848; 2; 1; 0; 0,534101705450347; 0,465898294549653; 2,48472935578332
11853; 2; 0; 0; 0,51641406366446; 0,51641406366446; 4,43168602391743
11868; 10; 0; 0; 0,997677992322884; 0,997677992322884; 5,11698866115585
11886; 13; 0; 0; 0,779823669158816; 0,779823669158816; 2,97675042605835
11910; 2; 0; 0; 0,588333173374991; 0,588333173374991; 5,11277683429126
11949; 17; 0; 0; 0,983942205627637; 0,983942205627637; 3,51200755778191
11957; 2; 1; 0; 0,670342374267781; 0,329657625732219; 2,95699178767521
11960; 2; 0; 0; 0,508078995259833; 0,508078995259833; 6,25356442468112
11967; 10; 0; 0; 0,997546948042092; 0,997546948042092; 5,64045250755623
11968; 10; 0; 0; 0,986297746418258; 0,986297746418258; 3,31604897805038
11973; 2; 1; 0; 0,500000082922298; 0,499999917077702; 1,25902088338498
11980; 10; 0; 0; 0,997242390513384; 0,997242390513384; 5,64045250755623
11987; 2; 0; 0; 1; 1; 14,016271067679
12014; 19; 0; 0; 0,998978621909228; 0,998978621909228; 7,05280661381425
12082; 18; 0; 0; 0,997545665566899; 0,997545665566899; 5,61053553470052
12097; 3; 1; 0; 0,449558109175311; 0,316983968315284; 3,24842197530598
12105; 2; 0; 0; 0,968862677948714; 0,968862677948714; 2,67647840167618
12120; 2; 0; 0; 0,978635623303913; 0,978635623303913; 2,67647840167618
12120; 10; 4; 0; 0,37075419146391; 0; 1,87775571319536
12162; 20; 0; 0; 0,999832575762509; 0,999832575762509; 6,2309372013078
12162; 19; 0; 0; 1; 1; 7,07017000013846
12175; 11; 0; 0; 0,349941608101768; 0,349941608101768; 3,36790770890785
12181; 15; 0; 0; 0,835361614502563; 0,835361614502563; 2,95958537034734
12192; 2; 1; 0; 0,795398389364501; 0,204601610635499; 3,73444400120443
12195; 10; 0; 0; 0,999960871049175; 0,999960871049175; 9,40075417926039
12199; 10; 7; 0; 0,146782675960217; 0,136119499048401; 2,11195531818414
12213; 2; 1; 0; 1; 0; 2,34490575376831
12214; 2; 0; 0; 0,575470181652121; 0,575470181652121; 4,30887462862848
12223; 2; 1; 0; 0,52666187723154; 0,47333812276846; 2,05688433476749
12226; 2; 1; 0; 0,50232408487106; 0,49767591512894; 4,67690817610115
12228; 2; 1; 0; 0,985943694634801; 0,0140563053651991; 2,44273234634039
12248; 20; 0; 0; 0,999999065018202; 0,999999065018202; 6,22005108177243
12255; 22; 0; 0; 0,999682962131787; 0,999682962131787; 6,00121961481864
12258; 19; 0; 0; 0,999969305199408; 0,999969305199408; 6,28425089947048
12268; 13; 0; 0; 0,481548349654852; 0,481548349654852; 2,16989599733339
12273; 2; 0; 0; 1; 1; 5,63815073428876
12274; 16; 1; 0; 0,275257213821848; 0; 2,00361003304297
12288; 10; 0; 0; 0,997012280294952; 0,997012280294952; 7,65537678111678
12294; 2; 1; 0; 1; 0; 3,30541887790982
12301; 2; 0; 0; 0,862995506650154; 0,862995506650154; 3,12255813528887
12315; 2; 1; 0; 1; 0; 2,43550695730724
12345; 3; 2; 0; 1; 0; 1,17278506721257
12360; 10; 0; 0; 0,974793426937609; 0,974793426937609; 4,70037708963019
12365; 18; 0; 0; 0,999864634267027; 0,999864634267027; 5,59085484573927
12365; 19; 0; 0; 1; 1; 9,42689333351794
12383; 3; 2; 0; 1; 0; 1,14885067808578
12400; 16; 0; 0; 1; 1; 9,34401960736808
12404; 10; 0; 0; 0,993633761170687; 0,993633761170687; 3,53143875445341
12427; 2; 1; 0; 1; 0; 2,80960604622335
12431; 19; 0; 0; 0,950676325118417; 0,950676325118417; 3,32713882359457
12434; 23; 0; 0; 1; 1; 8,46314420688689
12437; 10; 0; 0; 1; 1; 11,1840738443303
12453; 16; 1; 0; 0,296116096076111; 0; 1,80971228790978
12462; 16; 1; 0; 0,294194669143561; 0; 1,87003603084011
12462; 2; 1; 0; 1; 0; 1,48110736374026
12482; 15; 2; 0; 0,250261921481846; 0,0887241002671974; 2,16405198510955
12486; 19; 0; 0; 0,512829408137592; 0,512829408137592; 2,57097090914126
12489; 22; 0; 0; 0,972752805902209; 0,972752805902209; 4,44993095197441
12513; 16; 0; 0; 0,999905921052358; 0,999905921052358; 5,60641176442085
12514; 15; 0; 0; 0,93873260442536; 0,93873260442536; 3,30777188450585
12535; 2; 1; 0; 0,974073434373648; 0,0259265656263518; 8,43607671515116
12541; 16; 0; 0; 0,997530641688509; 0,997530641688509; 3,50440116459588
12551; 16; 0; 0; 0,99988720323453; 0,99988720323453; 5,60641176442085
12562; 17; 0; 0; 0,288839411955689; 0,288839411955689; 2,16123542017349
12568; 10; 0; 0; 0,999504782822793; 0,999504782822793; 4,96930663102886
12574; 19; 1; 0; 0,803250693015816; 0,0549075995307172; 5,92621173730047
12579; 16; 0; 0; 0,997028059811618; 0,997028059811618; 5,63963927242444
12595; 17; 0; 0; 0,620972901068083; 0,620972901068083; 2,34133837185461
12595; 10; 0; 0; 0,999435941467666; 0,999435941467666; 6,25409725252381
12625; 2; 0; 0; 1; 1; 0,700672504753767
12625; 18; 0; 0; 1; 1; 7,04634832890349
12642; 2; 1; 0; 0,551589408105511; 0,448410591894489; 2,8141039911065
12643; 20; 0; 0; 0,989572804251834; 0,989572804251834; 2,97438858411418
12648; 2; 1; 0; 1; 0; 1,81541090614321
12670; 2; 1; 0; 1; 0; 0,739247946918802
12670; 10; 0; 0; 0,47689582431063; 0,47689582431063; 3,76030167170416
12685; 2; 1; 0; 0,666737031422116; 0,333262968577884; 4,00119000129046
12726; 19; 1; 0; 0,657479090590561; 0,0371501117784913; 4,42031790051224
12758; 13; 3; 0; 0,246119457578101; 0,0220926895771453; 1,88057653102227
12780; 18; 0; 0; 0,999996139522673; 0,999996139522673; 11,1817096914785
12780; 19; 0; 0; 0,974277389646503; 0,974277389646503; 3,77075733340718
12793; 2; 1; 0; 0,513924347386925; 0,486075652613075; 2,96221472748053
12804; 2; 1; 0; 1; 0; 2,08452147489371
12809; 10; 0; 0; 0,999720615682111; 0,999720615682111; 5,60716663938914
12833; 16; 0; 0; 0,672111189634362; 0,672111189634362; 2,16664120753168
12833; 2; 0; 0; 0,687608029351363; 0,687608029351363; 4,02014855872357
12840; 19; 0; 0; 0,342090200569323; 0,342090200569323; 2,74484677636733
12850; 2; 0; 0; 0,904922075287861; 0,904922075287861; 5,61913349282571
12874; 17; 0; 0; 0,862208736672163; 0,862208736672163; 2,80960604622553
12896; 2; 1; 0; 0,595415300116188; 0,404584699883812; 4,95245336789143
12901; 19; 0; 0; 1; 1; 7,98862417452163
12920; 21; 1; 0; 0,281559612235068; 0,0390372236880389; 1,86432981468682
12940; 19; 0; 0; 0,999999999243583; 0,999999999243583; 6,28425089947048
12963; 2; 0; 0; 1; 1; 2,24620277782401
12963; 2; 0; 0; 0,814183633483055; 0,814183633483055; 2,4497623956725
12986; 10; 1; 0; 0,320070947865616; 0,268791941385745; 2,4122059845895
13000; 13; 1; 0; 0,322396339024269; 0; 1,82445993855189
13026; 10; 0; 0; 0,999606710026246; 0,999606710026246; 6,25241695798858
13029; 21; 0; 0; 0,995624571787718; 0,995624571787718; 4,66082453671706
13047; 3; 0; 0; 0,418620847974316; 0,418620847974316; 4,22294856789777
13049; 19; 0; 0; 0,999977882833552; 0,999977882833552; 5,08453346929284
13055; 10; 2; 0; 0,4734902116165; 0,188653156592541; 3,76030167170416
13058; 10; 0; 0; 0,996703710971026; 0,996703710971026; 5,64202929930628
13075; 19; 0; 0; 0,999971932758293; 0,999971932758293; 5,08453346929284
13091; 13; 0; 0; 0,807550186718933; 0,807550186718933; 2,45292591002905
13097; 19; 0; 0; 0,999999864478696; 0,999999864478696; 5,65613600011077
13099; 16; 0; 0; 0,932798785326353; 0,932798785326353; 4,33328241506335
13099; 10; 0; 0; 0,999865771673377; 0,999865771673377; 7,03585940908929
13150; 2; 0; 0; 0,999376385573252; 0,999376385573252; 4,31573636685121
13151; 10; 1; 0; 0,583765436214699; 0,164155450238882; 4,22391063636828
13191; 2; 1; 0; 1; 0; 2,5541873147485
13212; 18; 0; 0; 0,999808154028588; 0,999808154028588; 5,59085484573927
13216; 2; 0; 0; 1; 1; 10,5421563203657
13219; 17; 3; 0; 0,249836047937114; 0; 2,08118966387076
13236; 2; 0; 0; 1; 1; 2,34191860146666
13236; 2; 1; 0; 1; 0; 1,44313025184949
13237; 2; 1; 0; 1; 0; 1,81541090614321
13246; 2; 1; 0; 1; 0; 3,50680098746761
13267; 2; 0; 0; 1; 1; 0,76786027918221
13301; 20; 0; 0; 0,925539752700363; 0,925539752700363; 2,56879014082588
13312; 2; 1; 0; 1; 0; 2,24765339713028
13325; 21; 0; 0; 0,999304452517158; 0,999304452517158; 5,59298944406047
13346; 2; 1; 0; 1; 0; 2,34130562201071
13357; 20; 0; 0; 0,959351861756275; 0,959351861756275; 3,73856232078468
13363; 10; 0; 0; 0,999999839737385; 0,999999839737385; 8,07186001017923
13373; 20; 3; 0; 0,45231396338465; 0,151683328814869; 2,56879014082588
13378; 13; 0; 0; 0,800089327967699; 0,800089327967699; 2,82086479653341
13400; 2; 1; 0; 0,569808010045168; 0,430191989954832; 6,24894946413376
13405; 2; 0; 0; 0,567301015595658; 0,567301015595658; 4,95044853404993
13415; 2; 0; 0; 1; 1; 2,94817737748265
13430; 19; 0; 0; 0,994153810196473; 0,994153810196473; 3,77075733340718
13441; 2; 1; 0; 1; 0; 1,17047591595477
13497; 20; 0; 0; 0,518202701360396; 0,518202701360396; 2,43819281790305
13503; 2; 1; 0; 0,587395669780793; 0,412604330219206; 3,51542088200098
13504; 10; 0; 0; 1; 1; 9,32006153694191
13523; 2; 1; 0; 0,759410988757879; 0,240589011242121; 4,00596720690333
13525; 10; 0; 0; 0,999980639600996; 0,999980639600996; 8,04098218181633
13571; 10; 0; 0; 0,98730524028397; 0,98730524028397; 4,68931271849144
13583; 18; 0; 0; 0,999522755126226; 0,999522755126226; 5,62405451771657
13586; 19; 0; 0; 0,999690492993002; 0,999690492993002; 4,66003076847095
13597; 13; 0; 0; 0,998023800409038; 0,998023800409038; 4,70144132755569
13612; 2; 0; 0; 0,915483618442252; 0,915483618442252; 2,81030232175999
13614; 2; 0; 0; 0,999110107458016; 0,999110107458016; 5,63815073428876
13619; 21; 0; 0; 0,649405595366004; 0,649405595366004; 2,54226792911839
13633; 2; 0; 0; 0,996747993207648; 0,996747993207648; 5,12559157662614
13644; 19; 5; 0; 0,403760199498295; 0; 3,29983058677376
13645; 2; 0; 0; 0,537345317709555; 0,537345317709555; 4,01762386514397
13653; 20; 0; 0; 0,792481009084153; 0,792481009084153; 2,67040165770334
13685; 10; 0; 0; 1; 1; 14,0284322630943
13690; 16; 1; 0; 0,355111561615428; 0; 1,80971228790978
13691; 2; 1; 0; 0,800955293636901; 0,199044706363099; 4,01372292317622
13720; 19; 0; 0; 0,999999999958318; 0,999999999958318; 8,07975115646205
13735; 20; 0; 0; 0,997217520759375; 0,997217520759375; 4,69620888360436
13737; 10; 0; 0; 0,999700012144288; 0,999700012144288; 8,07186001017923
13745; 2; 0; 0; 0,552060906381679; 0,552060906381679; 5,62320786788273
13746; 19; 0; 0; 0,967163591746134; 0,967163591746134; 3,77075733340718
13766; 19; 0; 0; 0,999563772731963; 0,999563772731963; 6,23301333057266
13777; 17; 0; 0; 0,994455737398269; 0,994455737398269; 5,10951528322922
13797; 16; 2; 0; 0,312145888619088; 0,00116888518343108; 2,08639523688236
13803; 10; 0; 0; 1; 1; 8,07186385348826
13823; 17; 0; 0; 0,995128652670178; 0,995128652670178; 5,10951528322922
13848; 19; 0; 0; 0,996309706228491; 0,996309706228491; 4,66082234685177
13879; 2; 1; 0; 0,524275337146336; 0,475724662853664; 5,09850371787696
13880; 19; 0; 0; 0,999752886024355; 0,999752886024355; 6,23301333057266
13894; 19; 0; 0; 0,999449145453996; 0,999449145453996; 5,25153296258267
13897; 18; 0; 0; 0,999661437760177; 0,999661437760177; 5,62405451771657
13904; 2; 1; 0; 0,523553224680882; 0,476446775319118; 5,09850371787696
13905; 19; 3; 0; 0,417190810273573; 0,202136698605778; 2,01418176119509
13927; 19; 0; 0; 0,973008687590298; 0,973008687590298; 3,9949905830158
13947; 19; 0; 0; 0,998632762731438; 0,998632762731438; 5,08453346929284
13951; 19; 0; 0; 0,594337932703459; 0,594337932703459; 2,57097090914126
13974; 2; 0; 0; 0,837173430796126; 0,837173430796126; 6,24356899160744
13996; 2; 0; 0; 0,706096447063272; 0,706096447063272; 3,50768113207587
14020; 10; 0; 0; 0,998998170185451; 0,998998170185451; 5,59203692216514
14022; 19; 0; 0; 0,999483046721878; 0,999483046721878; 4,66003076847095
14029; 10; 3; 0; 0,312285551555891; 0; 2,44659794008249
14032; 10; 2; 0; 0,55274428936741; 0,274398081560949; 6,01403546170748
14036; 2; 1; 0; 0,989969365802471; 0,0100306341975287; 2,2512831928852
14040; 16; 0; 0; 0,983414534888008; 0,983414534888008; 3,74007206168022
14059; 10; 1; 0; 0,104092696464167; 0,0631657318224957; 11,3006093948836
14073; 2; 0; 0; 0,913582039109136; 0,913582039109136; 7,02391686603214
14079; 18; 0; 0; 0,992029719764007; 0,992029719764007; 4,68671209809714
14104; 10; 0; 0; 1; 1; 11,212224664152
14119; 19; 0; 0; 0,999956650364748; 0,999956650364748; 7,01213999689424
14126; 19; 0; 0; 0,999010176781144; 0,999010176781144; 5,08453346929284
14128; 16; 0; 0; 0,998981219367289; 0,998981219367289; 4,67509007710027
14128; 2; 0; 0; 0,656834740240985; 0,656834740240985; 4,32939075554846
14139; 18; 0; 0; 1; 1; 13,9771371143482
14166; 18; 0; 0; 0,998420014489825; 0,998420014489825; 5,59085484573927
14185; 3; 0; 0; 1; 1; 6,24303630560231
14195; 10; 0; 0; 0,999998715583957; 0,999998715583957; 11,2665342791721
14196; 3; 2; 0; 0,740080894182892; 0,095165712221244; 3,24842197530598
14201; 16; 0; 0; 0,999893475825071; 0,999893475825071; 8,04752448511765
14218; 20; 0; 0; 0,994092476505207; 0,994092476505207; 4,33496204640402
14219; 19; 0; 0; 1; 1; 7,98862417452163
14225; 20; 0; 0; 0,994092476505207; 0,994092476505207; 4,33496204640402
14231; 20; 0; 0; 0,734453245027934; 0,734453245027934; 3,13080592240291
14247; 16; 0; 0; 1; 1; 11,2202161850407
14247; 10; 0; 0; 0,999995923012783; 0,999995923012783; 9,38877856597679
14268; 2; 0; 0; 0,954236969628576; 0,954236969628576; 3,13025195002597
14269; 3; 1; 0; 0,89632913402395; 0; 11,2293201849627
14291; 10; 0; 0; 0,998998170185451; 0,998998170185451; 5,59203692216514
14303; 2; 0; 0; 0,91501765140235; 0,91501765140235; 7,02391686603214
14305; 2; 0; 0; 0,914674303984793; 0,914674303984793; 7,02391686603214
14324; 10; 1; 0; 0,724375956480003; 0,147066839307729; 5,2523214312216
14333; 16; 0; 0; 0,98833751530158; 0,98833751530158; 5,12115194507487
14347; 16; 0; 0; 0,973681901846106; 0,973681901846106; 4,6943892829853
14350; 2; 0; 0; 0,865869114791822; 0,865869114791822; 2,66922858953816
14361; 20; 0; 0; 0,999985016359058; 0,999985016359058; 6,23159404235021
14365; 19; 0; 0; 0,998944552365727; 0,998944552365727; 5,6097119975154
14370; 19; 0; 0; 0,999963647544914; 0,999963647544914; 7,01213999689424
14371; 11; 0; 0; 0,956306682633553; 0,956306682633553; 12,028241817528
14390; 23; 0; 0; 0,904539429894025; 0,904539429894025; 7,63897913015805
14392; 2; 0; 0; 0,997819153281253; 0,997819153281253; 4,69537792503896
14417; 18; 0; 0; 0,999952394377978; 0,999952394377978; 7,03006814714571
14427; 10; 0; 0; 0,999985111152289; 0,999985111152289; 8,0577892965089
14431; 10; 0; 0; 1; 1; 9,4171744957363
14444; 19; 0; 0; 1; 1; 9,42637634920573
14445; 10; 0; 0; 0,999984536302193; 0,999984536302193; 8,0577892965089
14455; 10; 0; 0; 0,965998010027473; 0,965998010027473; 5,13663818829587
14463; 20; 0; 0; 0,999831861371689; 0,999831861371689; 9,3464058019617
14468; 24; 4; 0; 0,663489924300455; 0,190153320182131; 5,91702048121225
14491; 16; 0; 0; 0,999875910127322; 0,999875910127322; 7,00801470552606
14495; 2; 0; 0; 0,836269115758025; 0,836269115758025; 6,24356899160744
14508; 2; 1; 0; 0,840075592803653; 0,159924407196347; 7,65932963892381
14524; 19; 0; 0; 0,999999999956826; 0,999999999956826; 8,07975115646205
14535; 20; 0; 0; 0,994611038890747; 0,994611038890747; 5,60784348117702
14539; 19; 14; 0; 0,0537462569310902; 0,0325673752403757; 11,2763014683212
14555; 2; 1; 0; 0,767071989595323; 0,232928010404677; 3,74552293105527
14556; 10; 0; 0; 0,999975128482004; 0,999975128482004; 8,03882180312818
14562; 2; 1; 0; 0,927852651247035; 0,0721473487529653; 7,00311340509381
14569; 21; 0; 0; 0,973704464685538; 0,973704464685538; 5,08453585823679
14570; 22; 0; 0; 1; 1; 12,0024392296373
14573; 2; 1; 0; 0,881603376366304; 0,118396623633696; 4,68981150753662
14576; 2; 0; 0; 0,963462035019917; 0,963462035019917; 7,03471726130492
14586; 10; 0; 0; 0,881096406142871; 0,881096406142871; 6,62483959946511
14609; 2; 1; 0; 0,848337135247722; 0,151662864752278; 5,60538003803013
14618; 16; 0; 0; 0,999997515422873; 0,999997515422873; 9,34401960736808
14625; 10; 2; 0; 0,685461038727482; 0,185940016075203; 7,01637470532539
14634; 2; 0; 0; 0,901464562211199; 0,901464562211199; 8,41576250788488
14637; 2; 1; 0; 0,618941550225298; 0,381058449774702; 8,04029711744715
14642; 20; 0; 0; 0,999960975334602; 0,999960975334602; 11,215686962354
14649; 10; 0; 0; 1; 1; 11,2809050151125
14650; 2; 0; 0; 1; 1; 11,2763014685775
14656; 10; 0; 0; 0,952624888406171; 0,952624888406171; 7,04582948552029
14677; 20; 0; 0; 0,999876790457349; 0,999876790457349; 7,69261483625488
14681; 10; 2; 0; 0,894136249111912; 0,0726658281002558; 9,35516627376719
14682; 20; 0; 0; 1; 1; 8,05064380046461
14702; 10; 0; 0; 1; 1; 11,2227458104754
14706; 2; 1; 0; 0,935714872888497; 0,0642851271115034; 4,32905677618765
14719; 2; 0; 0; 0,677101816566889; 0,677101816566889; 5,25985156742805
14721; 19; 0; 0; 0,999889474580171; 0,999889474580171; 6,21442979580235
14724; 16; 0; 0; 0,999970250900314; 0,999970250900314; 8,00915966345835
14724; 10; 0; 0; 1; 1; 9,40075417926039
14811; 19; 0; 0; 0,999989593032643; 0,999989593032643; 5,63339612417256
14811; 19; 0; 0; 1; 1; 7,63859340012025
14826; 16; 0; 0; 0,997303730801507; 0,997303730801507; 5,09673796765532
14827; 16; 3; 0; 0,0636635811243496; 0,0450462831347555; 14,0990981810611
14827; 2; 1; 0; 0,531141171660497; 0,468858828339503; 8,03436359674341
14830; 2; 1; 0; 0,640356951436678; 0,359643048563322; 4,68981150753662
14833; 16; 0; 0; 1; 1; 9,34401960736808
14834; 19; 0; 0; 0,949513673951139; 0,949513673951139; 5,6201673792148
14852; 2; 0; 0; 0,749359442238953; 0,749359442238953; 5,90917651679445
14858; 3; 2; 0; 0,822677310240234; 0,00939684022005313; 9,38228053770054
14867; 10; 1; 0; 0,530965057926839; 0,0860951129525665; 6,62483959946511
14872; 16; 0; 0; 1; 1; 9,35018015420054
14875; 10; 0; 0; 1; 1; 7,05056563444529
14893; 10; 0; 0; 1; 1; 11,212224664152
14917; 2; 1; 0; 0,868224669236914; 0,131775330763086; 3,66469740495942
14919; 10; 1; 0; 0,65881859357836; 0,256621802928017; 7,64975108188905
14931; 2; 0; 0; 1; 1; 3,7350223154432
14954; 25; 2; 0; 0,593964810524317; 0,000120550367879519; 6,38828308287108
14955; 10; 0; 0; 1; 1; 9,41717001187576
14958; 16; 2; 0; 1; 0; 5,09673796765532
14972; 16; 0; 0; 0,982178894918731; 0,982178894918731; 5,12694479311313
14973; 16; 0; 0; 1; 1; 11,2128235288417
14978; 2; 1; 0; 0,65623642060227; 0,343763579397731; 7,03525997776626
14980; 16; 0; 0; 1; 1; 9,35018015420054
14991; 16; 0; 0; 1; 1; 8,01444013217189
14996; 2; 0; 0; 0,641828959230557; 0,641828959230557; 7,03006814715048
14998; 16; 0; 0; 1; 1; 11,2202161850407
15010; 2; 1; 0; 0,553104674365453; 0,446895325634547; 7,66913397938894
15018; 10; 0; 0; 1; 1; 8,07186001017923
15032; 10; 0; 0; 1; 1; 9,38877856597679
15038; 20; 0; 0; 1; 1; 9,3464058019617
15041; 2; 0; 0; 1; 1; 5,62405451772039
15050; 2; 1; 0; 0,699954662866802; 0,300045337133198; 10,5600997620791
15056; 20; 0; 0; 1; 1; 7,04911668882286
15057; 20; 0; 0; 1; 1; 11,2709013206505
15078; 19; 0; 0; 0,99999323192158; 0,99999323192158; 6,2593290268584
15083; 16; 0; 0; 1; 1; 9,34401960736808
15102; 19; 0; 0; 1; 1; 9,34951999585899
15115; 16; 2; 0; 1; 0; 5,09673796765532
15134; 23; 2; 0; 0,999999681261359; 0; 8,40287704317386
15142; 13; 0; 0; 1; 1; 11,3116516190217
15165; 10; 0; 0; 1; 1; 14,1011312688906
15168; 2; 0; 0; 1; 1; 5,11277683429126
15169; 17; 0; 0; 1; 1; 7,02558351444018
15185; 17; 0; 0; 1; 1; 8,02923830221735
15185; 10; 0; 0; 1; 1; 11,2809050151125
15187; 16; 0; 0; 1; 1; 9,35018015420054
15194; 2; 0; 0; 0,519643141915794; 0,519643141915794; 5,10753126962082
15194; 2; 0; 0; 1; 1; 5,62405451772039
15213; 20; 2; 0; 1; 0; 5,59804597359519
15216; 10; 0; 0; 1; 1; 11,2809050151125
15224; 2; 1; 0; 0,672046220138415; 0,327953779861585; 5,60538003803013
15226; 20; 0; 0; 1; 1; 11,215686962354
15239; 10; 0; 0; 1; 1; 6,25918571065119
15254; 2; 1; 0; 0,622685612673698; 0,377314387326302; 11,2763014685775
15261; 19; 2; 0; 0,993319524400235; 0; 7,48676546453171
15272; 19; 0; 0; 0,999992265640545; 0,999992265640545; 7,06978226190429
15283; 10; 0; 0; 1; 1; 14,0831678489652
15284; 23; 0; 0; 1; 1; 12,0902060098384
15286; 2; 1; 0; 0,693051267924006; 0,306948732075994; 10,5600997620791
15287; 2; 0; 0; 0,770264086315992; 0,770264086315992; 4,00384288430724
15295; 20; 0; 0; 1; 1; 11,2709013206505
15299; 3; 2; 0; 0,415601391547147; 0,228803305977389; 6,62278626190626
15311; 19; 0; 0; 1; 1; 11,2194239950308
15350; 16; 2; 0; 1; 0; 5,09673796765532
15385; 16; 0; 0; 1; 1; 11,2665342791647
15393; 17; 2; 0; 0,424600120887063; 0,308560444038439; 4,67683197027454
15419; 20; 0; 0; 1; 1; 9,39241776720872
15430; 20; 0; 0; 1; 1; 7,04911668882286
15432; 18; 0; 0; 0,999901453474328; 0,999901453474328; 6,26364806977504
15454; 2; 0; 0; 0,745642737795008; 0,745642737795008; 5,60153701721702
15456; 19; 0; 0; 1; 1; 8,01387428216485
15458; 16; 0; 0; 1; 1; 11,2128235288417
15458; 10; 0; 0; 1; 1; 11,2809050151125
15462; 16; 0; 0; 1; 1; 9,34401960736808
15466; 16; 0; 0; 1; 1; 9,35018015420054
15478; 2; 1; 0; 1; 0; 4,30897384754357
15485; 23; 0; 0; 1; 1; 9,40349356320765
15505; 19; 0; 0; 0,949048374694064; 0,949048374694064; 5,09973817955945
15507; 16; 1; 0; 0,325415763765897; 0; 2,95107466492285
15511; 10; 0; 0; 0,999632722486681; 0,999632722486681; 5,63326713958607
15514; 10; 0; 0; 0,999998524971234; 0,999998524971234; 7,69261483625487
15522; 2; 1; 0; 0,585674324238768; 0,414325675761233; 14,0953768357219
15530; 16; 0; 0; 1; 1; 11,2665342791647
15531; 19; 0; 0; 1; 1; 14,0242799937885
15546; 10; 0; 0; 1; 1; 11,2809050151125
15554; 18; 7; 0; 0,0564870364007877; 0,0397203811866091; 13,9771371143482
15562; 3; 2; 0; 0,777787802555102; 0,0211924949275418; 8,66056665018511
15574; 2; 1; 0; 1; 0; 3,74614139496447
15580; 2; 1; 0; 1; 0; 4,66805500150554
15587; 10; 0; 0; 0,997878866668498; 0,997878866668498; 5,59255350061626
15594; 19; 0; 0; 0,980238657821495; 0,980238657821495; 6,24463042134978
15602; 2; 1; 0; 0,712860478902184; 0,287139521097816; 7,03525997776626
15620; 20; 0; 0; 1; 1; 11,2709013206505
15622; 20; 0; 0; 0,999998498483049; 0,999998498483049; 7,05156359990031
15630; 3; 2; 0; 0,475889597122357; 0,351922693266001; 7,0272281598274
15641; 16; 0; 0; 1; 1; 11,2665342791647
15659; 10; 0; 0; 0,410626548385233; 0,410626548385233; 4,97352669566138
15671; 16; 0; 0; 1; 1; 9,34401960736808
15683; 16; 0; 0; 1; 1; 9,35018015420054
15686; 10; 0; 0; 1; 1; 11,2665342791721
15689; 2; 0; 0; 1; 1; 4,68671209810032
15703; 16; 0; 0; 1; 1; 11,2128235288417
15703; 10; 0; 0; 1; 1; 11,2809050151125
15707; 10; 0; 0; 1; 1; 8,46187631988036
15718; 2; 0; 0; 1; 1; 4,68981150753662
15726; 19; 0; 0; 0,999650054178523; 0,999650054178523; 5,6422452910514
15736; 2; 0; 0; 1; 1; 4,67573464995681
15740; 2; 1; 0; 0,702992858006683; 0,297007141993317; 10,5600997620791
15750; 2; 0; 0; 0,725896107940624; 0,725896107940624; 5,628207982213
15754; 10; 0; 0; 1; 1; 11,2227458104754
15759; 19; 0; 0; 1; 1; 8,01387428216485
15772; 19; 2; 0; 0,510484184866381; 0,205165804429461; 6,48472784414331
15773; 19; 0; 0; 1; 1; 7,0417451552157
15776; 19; 0; 0; 0,992252632183495; 0,992252632183495; 5,6097119975154
15798; 2; 0; 0; 1; 1; 14,0861337751169
15810; 16; 0; 0; 1; 1; 11,2202161850407
15810; 2; 1; 0; 0,774107148347236; 0,225892851652764; 4,32939075554846
15815; 2; 1; 0; 0,697410989998137; 0,302589010001863; 6,24511627057775
15819; 2; 0; 0; 0,725896107940624; 0,725896107940624; 5,628207982213
15830; 23; 0; 0; 1; 1; 16,9262884137738
15831; 19; 2; 0; 0,832683918711413; 0,00744369746656419; 9,33178223441473
15840; 10; 0; 0; 0,999486859057189; 0,999486859057189; 6,27811334125051
15850; 2; 1; 0; 0,799376238290738; 0,200623761709262; 6,24511627057775
15865; 19; 0; 0; 1; 1; 11,2194239950308
15875; 16; 0; 0; 0,711669598863152; 0,711669598863152; 4,33818405571111
15900; 16; 0; 0; 1; 1; 9,34401960736808
