
Scenario Summaries

Total of vehicles entered: 5097
Total of vehicles detected: 5097

SECTIONS
Total inferences: 1260
FPR:  914
FPR2: 915
ER:   1057,7604348363
CR:   278,40198788435
FPR RATIO:   0,725396825396825
FPR2 RATIO:   0,726190476190476

TRIPS
Total inferences: 1209
FPR:  918
FPR2: 986
ER:   1007,81133967815
CR:   256,624879433104
FPR RATIO:   0,759305210918114
FPR2 RATIO:   0,815550041356493

FLOWS
Link	Tail	Head	RealAll	EstAll	RealInfer	EstInfer	ReInf1	Estinf1	ReInf2	Estinf2	ReInf3	Estinf3
0	509	519	384	133,139034514215	101	83,1390345142145	38	23,8510293008283	50	48,6429874676025	13	10,6450177457837
1	509	539	280	166,860965485786	81	98,8609654857854	18	33,1489706991717	47	47,3570125323975	16	18,3549822542163
2	519	529	199	99,848724057009	21	16,848724057009	6	3,29254328573508	13	10,6952055117905	2	2,86097525948339
3	519	549	344	187,589700930715	130	120,589700930715	37	28,175661794448	77	79,1385615086765	16	13,2754776275904
4	519	906	247	80,3111490346897	53	57,3111490346897	21	17,7388222031062	22	26,3793313170567	10	13,1929955145268
5	529	519	128	92,610539508199	35	43,6105395081989	13	12,3559979824609	15	21,5701108699211	7	9,68443065581688
6	529	539	66	35,2688296726126	17	22,2688296726126	2	3,04357829265344	12	14,9372661282676	3	4,28798525169156
7	539	529	101	58,5077164251986	2	8,50771642519859	1	3,94845245250063	1	3,77207007437917	0	0,78719389831879
8	539	549	281	147,346449954662	105	99,3464499546623	27	30,6413267812462	54	46,3162659018356	24	22,3888572715806
9	539	1114	222	143,275628778537	74	96,2756287785374	17	26,6027697580783	42	51,2059426844503	15	18,4669163360085
10	549	913	316	157,190175578243	120	118,190175578244	34	30,8194972078515	62	69,0014878495204	24	18,3691905208717
11	549	946	133	91,0200265514888	57	53,0200265514889	8	9,11268704687923	30	26,2727812038621	19	17,6345583007475
12	549	1044	344	185,787239955391	151	147,787239955391	39	42,9720204169355	90	72,2514930065992	22	32,5637265318561
13	549	1142	160	111,217738139794	54	49,2177381397939	15	13,2121035698495	30	26,0704846467061	9	9,93514992323826
14	906	913	240	113,83203607212	76	81,8320360721199	25	23,1042268646231	35	39,6374771163278	16	19,0903320911689
15	906	946	155	63,8375118402425	20	20,8375118402424	4	3,66254628373918	13	11,2282216541345	3	5,94674390236879
16	913	943	85	32,0434390218033	18	24,0434390218033	5	5,01830337033193	5	11,4712868862757	8	7,55384876519567
17	913	1067	129	108,159329316101	44	62,1593293161012	11	14,3538415281654	27	40,6274605434744	6	7,17802724446138
18	913	1100	330	178,2840978771	130	120,2840978771	42	32,7198692471713	58	60,3027173171356	30	27,2615113127928
19	943	913	117	92,5387713445407	18	31,5387713445406	1	3,51332598597713	14	23,1863941193048	3	4,8390512392587
20	943	946	272	140,603800731089	72	72,6038007310886	16	18,9532313396316	34	30,4858630414973	22	23,1647063499597
21	946	906	199	148,358398877673	97	99,3583988776726	28	30,0279509452561	41	39,4863674534056	28	29,844080479011
22	946	529	252	102,416000690971	50	62,4160006909707	8	11,691910563028	32	36,099658921442	10	14,6244312065006
23	946	549	197	125,310276699251	93	83,3102766992514	19	20,2348583891836	51	36,1967625801636	23	26,878655729904
24	1044	1067	190	160,328130482168	86	90,3281304821678	19	18,6080147141037	42	41,4697665169731	25	30,250349251091
25	1044	1100	286	151,935196875002	94	105,935196875002	18	27,2735364622348	64	59,6022818894302	12	19,0593785233368
26	1044	1201	214	128,962063610096	92	88,9620636100965	37	36,496412210896	33	29,7787822227297	22	22,6868691764707
27	1067	913	183	129,9258832201	69	65,9258832201001	18	15,6549640872169	31	30,5761056617326	20	19,6948134711506
28	1067	946	329	179,623337145075	127	134,623337145075	31	34,2262552272177	69	68,7959230555176	27	31,6011588623395
29	1067	1044	162	119,24674425587	79	82,2467442558698	25	23,8525981563853	34	37,9191938866727	20	20,4749522128118
30	1067	1142	278	149,784513398895	99	101,784513398895	21	20,629351487274	57	60,8183775911149	21	20,3367843205063
31	1075	943	224	126,099133053826	57	65,099133053826	12	16,4482539552768	37	37,2009702745264	8	11,4499088240228
32	1075	1067	335	167,996964492152	137	126,996964492152	32	33,7360298402004	72	62,2215140312573	33	31,0394206206947
33	1075	1100	104	69,0971927405423	1	13,0971927405423	0	3,9930609979606	1	6,26962407707344	0	2,83450766550824
34	1100	1075	130	64,6049708253531	44	42,6049708253531	7	7,50555119923833	31	28,3920927671277	6	6,70732685898709
35	1100	1176	156	121,577112326469	72	81,5771123264689	22	24,1768641665461	34	39,307516602688	16	18,0927315572347
36	1114	1044	275	160,814887810903	101	111,814887810903	22	27,7967660831341	46	51,7584314047826	33	32,2596903229867
37	1114	1142	139	87,9289429258149	29	43,9289429258148	4	8,21367320618701	21	26,8385381760097	4	8,87673154361815
38	1142	529	249	120,106928007633	95	94,1069280076334	29	27,4666699738506	47	49,940442490577	19	16,6998155432057
39	1142	549	172	125,968752640289	63	73,9687526402885	5	9,06446127663794	38	39,9446567160121	20	24,9596346476386
40	1142	1114	107	54,4682019581809	29	32,4682019581809	8	7,40766953124274	9	12,3910268963419	12	12,6695055305963
41	1176	1067	332	175,096053729518	128	126,096053729519	37	31,6652828756245	63	66,7908591033329	28	27,6399117505612
42	1176	1100	145	78,8655956591783	31	24,8655956591783	6	4,69594865841777	19	15,5249860861765	6	4,64466091458397
43	1176	1201	183	79,0271434766046	42	48,0271434766046	16	18,1438390383044	21	22,6916557974491	5	7,19164864085097
44	1189	1075	279	156,588319461168	80	91,5883194611675	20	28,6717935941994	42	42,3000156157294	18	20,6165102512386
45	1189	1176	278	133,411680538832	81	69,4116805388325	28	20,3282064058006	36	34,6999843842706	17	14,3834897487614
46	1201	1044	139	92,3765189451022	25	27,3765189451022	7	7,75657873077965	13	11,9217123310787	5	7,69822788324382
47	1201	1142	256	121,612688141599	84	84,6126881415988	21	20,8836725184208	39	40,5487256891001	24	23,1802899340778
Thanks for chose TyggerSoftware Inc. 2017
