MAC; alternativas; MasProb; Elección; MaxProb; ElecProb; %linkOK; %linkNO; %DistOK; %DistNO
21; 2; 1; 0; 0,586530506999222; 0,413469493000778; 1; 0; 1; 0
32; 10; 0; 0; 1; 1; 1; 0; 1; 0
46; 10; 0; 0; 1; 1; 1; 0; 1; 0
54; 10; 0; 0; 0,99992990247133; 0,99992990247133; 1; 0; 1; 0
68; 19; 0; 0; 1; 1; 1; 0; 1; 0
70; 16; 0; 0; 1; 1; 1; 0; 1; 0
77; 16; 0; 0; 0,981138032334484; 0,981138032334484; 1; 0; 1; 0
98; 2; 0; 1; 1; 0; 0; 1; 0; 1
113; 10; 0; 0; 1; 1; 1; 0; 1; 0
158; 2; 1; 0; 0,794473717657268; 0,205526282342732; 1; 0; 1; 0
176; 10; 2; 0; 0,597729306214135; 0,0880831637667212; 1; 0; 1; 0
191; 10; 2; 0; 0,778869283156772; 0,0449485813434637; 1; 0; 1; 0
213; 2; 0; 1; 0,716941584001791; 0,283058415998209; 0; 0; 0,334384756660017; 0,665615243339983
231; 10; 0; 0; 0,988159041253463; 0,988159041253463; 1; 0; 1; 0
244; 10; 0; 0; 1; 1; 1; 0; 1; 0
273; 19; 0; 0; 0,990463743192778; 0,990463743192778; 1; 0; 1; 0
281; 11; 1; 1; 0,373525133849015; 0,373525133849015; 0; 0; 0,331599996738756; 0,668400003261244
302; 3; 1; 1; 1; 1; 0; 0; 0,334175033414952; 0,665824966585048
321; 170; 0; 0; 0,998712426988723; 0,998712426988723; 1; 0; 1; 0
340; 19; 0; 0; 1; 1; 1; 0; 1; 0
352; 10; 1; 1; 0,406660344106949; 0,406660344106949; 0; 1; 0; 1
358; 2; 1; 0; 0,763092870787489; 0,236907129212511; 1; 0; 1; 0
362; 2; 0; 1; 1; 0; 0; 1; 0; 1
363; 20; 10; 0; 0,0507429000082171; 0,0358848998438746; 1; 0; 1; 0
365; 21; 0; 0; 1; 1; 1; 0; 1; 0
379; 32; 16; 16; 0,664343060597795; 0,664343060597795; 0; 0; 0,499214513767447; 0,500785486232553
402; 16; 0; 0; 1; 1; 1; 0; 1; 0
412; 16; 0; 0; 1; 1; 1; 0; 1; 0
468; 2; 1; 1; 0,772753765068445; 0,772753765068445; 0; 1; 0; 1
498; 2; 0; 0; 0,600789819096152; 0,600789819096152; 1; 0; 1; 0
503; 2; 1; 1; 0,784372030384403; 0,784372030384403; 0; 0; 0,3333415426568; 0,6666584573432
510; 18; 0; 0; 0,999999707472609; 0,999999707472609; 1; 0; 1; 0
528; 20; 0; 0; 0,999969751521397; 0,999969751521397; 1; 0; 1; 0
543; 10; 0; 0; 1; 1; 1; 0; 1; 0
546; 18; 0; 0; 0,999969668612969; 0,999969668612969; 1; 0; 1; 0
555; 2; 0; 0; 0,963993325450964; 0,963993325450964; 1; 0; 1; 0
615; 2; 0; 0; 1; 1; 1; 0; 1; 0
620; 3; 1; 2; 0,674663611188739; 0,1785968253748; 0; 0; 0,249836158183357; 0,750163841816643
630; 160; 0; 0; 1; 1; 1; 0; 1; 0
647; 2; 0; 0; 1; 1; 1; 0; 1; 0
671; 2; 0; 1; 0,661654498098793; 0,338345501901207; 0; 0; 0,33232712869403; 0,66767287130597
673; 11; 2; 0; 0,941093598826562; 0,0434671629431787; 1; 0; 1; 0
679; 32; 0; 0; 1; 1; 1; 0; 1; 0
692; 19; 1; 0; 0,522845134807539; 0,113165166624052; 1; 0; 1; 0
718; 2; 0; 0; 1; 1; 1; 0; 1; 0
730; 10; 0; 0; 0,999989979670591; 0,999989979670591; 1; 0; 1; 0
794; 11; 2; 0; 0,60154853098412; 0,178987091285991; 1; 0; 1; 0
825; 19; 0; 0; 1; 1; 1; 0; 1; 0
827; 10; 5; 0; 0,105253661856762; 0,0527170432891406; 1; 0; 1; 0
828; 22; 14; 0; 0,0520831913506653; 0,0208090579821423; 1; 0; 1; 0
830; 16; 0; 0; 1; 1; 1; 0; 1; 0
844; 19; 0; 0; 1; 1; 1; 0; 1; 0
881; 3; 1; 2; 0,737974770096749; 0,153187673339849; 0; 0; 0,249836158183357; 0,750163841816643
882; 2; 0; 1; 0,705145466969331; 0,294854533030669; 0; 1; 0; 1
919; 10; 0; 0; 1; 1; 1; 0; 1; 0
923; 2; 0; 0; 0,541845409927086; 0,541845409927086; 1; 0; 1; 0
935; 2; 0; 0; 1; 1; 1; 0; 1; 0
987; 11; 2; 0; 0,483896782460508; 0,218482581006975; 1; 0; 1; 0
991; 19; 0; 0; 1; 1; 1; 0; 1; 0
1007; 20; 0; 0; 1; 1; 1; 0; 1; 0
1015; 13; 0; 0; 1; 1; 1; 0; 1; 0
1018; 3; 0; 0; 0,999141354483233; 0,999141354483233; 1; 0; 1; 0
1051; 2; 1; 1; 0,794756987987639; 0,794756987987639; 0; 1; 0; 1
1092; 2; 0; 0; 0,535253757847886; 0,535253757847886; 1; 0; 1; 0
1093; 16; 0; 0; 1; 1; 1; 0; 1; 0
1098; 10; 0; 0; 1; 1; 1; 0; 1; 0
1102; 16; 0; 0; 1; 1; 1; 0; 1; 0
1111; 10; 1; 2; 0,400361266282829; 0,342850217301893; 0; 0; 0,499619597261387; 0,500380402738613
1127; 16; 0; 0; 1; 1; 1; 0; 1; 0
1138; 10; 1; 1; 0,46577064423037; 0,46577064423037; 0; 0; 0,33232712869403; 0,66767287130597
1155; 2; 1; 0; 0,718255860497377; 0,281744139502623; 1; 0; 1; 0
1183; 2; 0; 1; 0,658085673613727; 0,341914326386273; 0; 0; 0,332132797202093; 0,667867202797907
1224; 2; 1; 0; 0,514169225642952; 0,485830774357048; 1; 0; 1; 0
1250; 20; 0; 0; 1; 1; 1; 0; 1; 0
1267; 20; 0; 0; 1; 1; 1; 0; 1; 0
1271; 2; 0; 0; 1; 1; 1; 0; 1; 0
1273; 19; 0; 0; 0,999968258284939; 0,999968258284939; 1; 0; 1; 0
1281; 19; 0; 0; 0,999986526011135; 0,999986526011135; 1; 0; 1; 0
1315; 20; 0; 0; 1; 1; 1; 0; 1; 0
1329; 17; 0; 0; 0,999955076889783; 0,999955076889783; 1; 0; 1; 0
1331; 18; 0; 0; 1; 1; 1; 0; 1; 0
1338; 16; 0; 0; 0,923723908295837; 0,923723908295837; 1; 0; 1; 0
1342; 16; 0; 0; 1; 1; 1; 0; 1; 0
1347; 11; 2; 0; 0,69093225932256; 0,151194689726342; 1; 0; 1; 0
1354; 19; 0; 0; 1; 1; 1; 0; 1; 0
1370; 160; 0; 0; 1; 1; 1; 0; 1; 0
1376; 2; 0; 0; 1; 1; 1; 0; 1; 0
1380; 32; 16; 16; 0,790813031749553; 0,790813031749553; 0; 0; 0,49919472412182; 0,500805275878179
1431; 18; 0; 0; 1; 1; 1; 0; 1; 0
1438; 2; 0; 0; 1; 1; 1; 0; 1; 0
1471; 2; 1; 0; 0,759035359121657; 0,240964640878343; 1; 0; 1; 0
1474; 19; 0; 0; 1; 1; 1; 0; 1; 0
1478; 20; 0; 0; 0,999949621726332; 0,999949621726332; 1; 0; 1; 0
1484; 20; 0; 0; 1; 1; 1; 0; 1; 0
1495; 10; 0; 0; 0,989475225834593; 0,989475225834593; 1; 0; 1; 0
1527; 10; 5; 0; 0,104127184155824; 0,0628553425975872; 1; 0; 1; 0
1573; 16; 0; 0; 1; 1; 1; 0; 1; 0
1576; 32; 16; 16; 0,790812287762359; 0,790812287762359; 0; 0; 0,49919472412182; 0,500805275878179
1581; 19; 0; 0; 0,934026640471656; 0,934026640471656; 1; 0; 1; 0
1587; 19; 0; 0; 1; 1; 1; 0; 1; 0
1588; 20; 0; 0; 0,999997861213847; 0,999997861213847; 1; 0; 1; 0
1597; 19; 0; 0; 1; 1; 1; 0; 1; 0
1607; 19; 2; 0; 0,756264132460903; 0,0953333637954159; 1; 0; 1; 0
1611; 19; 0; 0; 0,999945124966929; 0,999945124966929; 1; 0; 1; 0
1618; 20; 0; 0; 1; 1; 1; 0; 1; 0
1624; 19; 0; 0; 1; 1; 1; 0; 1; 0
1649; 23; 0; 0; 1; 1; 1; 0; 1; 0
1650; 2; 0; 0; 0,629103444574556; 0,629103444574556; 1; 0; 1; 0
1675; 11; 2; 0; 0,897499252831195; 0,0664841571846344; 1; 0; 1; 0
1676; 2; 0; 0; 1; 1; 1; 0; 1; 0
1687; 2; 0; 0; 0,999627114322213; 0,999627114322213; 1; 0; 1; 0
1688; 19; 0; 0; 1; 1; 1; 0; 1; 0
1691; 23; 0; 0; 1; 1; 1; 0; 1; 0
1692; 2; 0; 0; 0,999658112917078; 0,999658112917078; 1; 0; 1; 0
1703; 24; 1; 5; 0,220796209445601; 0,204551365458581; 0; 1; 0; 1
1753; 3; 0; 2; 0,403985377183164; 0,310983706280218; 0; 1; 0; 1
1770; 2; 0; 1; 0,499999999997999; 0,500000000002001; 0; 1; 0; 1
1800; 4; 0; 0; 0,508231466179049; 0,508231466179049; 1; 0; 1; 0
1803; 2; 0; 1; 0,542345656411905; 0,457654343588095; 0; 0; 0,331582898370668; 0,668417101629332
1808; 3; 1; 2; 0,687725571715244; 0,172531597995996; 0; 0; 0,249836158183357; 0,750163841816643
1809; 23; 0; 0; 1; 1; 1; 0; 1; 0
1811; 3; 1; 2; 0,556866260383795; 0,229816391852687; 0; 0; 0,249836158183357; 0,750163841816643
1813; 2; 1; 0; 0,730929428641248; 0,269070571358752; 1; 0; 1; 0
1842; 2; 1; 0; 0,572031732461656; 0,427968267538344; 1; 0; 1; 0
1875; 32; 0; 0; 1; 1; 1; 0; 1; 0
1883; 2; 0; 1; 0,725916089840939; 0,274083910159061; 0; 0; 0,332651268006151; 0,667348731993848
1954; 21; 0; 0; 1; 1; 1; 0; 1; 0
1965; 2; 1; 1; 0,811627666958093; 0,811627666958093; 0; 1; 0; 1
1980; 20; 0; 0; 1; 1; 1; 0; 1; 0
1984; 15; 0; 0; 0,999975955840869; 0,999975955840869; 1; 0; 1; 0
1997; 2; 0; 0; 0,950766784315146; 0,950766784315146; 1; 0; 1; 0
2008; 23; 0; 0; 1; 1; 1; 0; 1; 0
2031; 19; 0; 0; 1; 1; 1; 0; 1; 0
2032; 2; 1; 0; 0,986061582055395; 0,0139384179446053; 1; 0; 1; 0
2033; 2; 0; 0; 0,910877283056289; 0,910877283056289; 1; 0; 1; 0
2041; 20; 0; 0; 1; 1; 1; 0; 1; 0
2059; 2; 1; 0; 0,655083204907416; 0,344916795092584; 1; 0; 1; 0
2102; 10; 0; 0; 1; 1; 1; 0; 1; 0
2122; 10; 0; 0; 1; 1; 1; 0; 1; 0
2126; 10; 0; 0; 1; 1; 1; 0; 1; 0
2136; 13; 0; 0; 1; 1; 1; 0; 1; 0
2145; 20; 0; 0; 1; 1; 1; 0; 1; 0
2163; 2; 0; 0; 0,976802299954938; 0,976802299954938; 1; 0; 1; 0
2187; 2; 0; 0; 0,907061170381887; 0,907061170381887; 1; 0; 1; 0
2190; 2; 1; 1; 0,87498907919678; 0,87498907919678; 0; 1; 0; 1
2199; 19; 0; 0; 0,63844294789284; 0,63844294789284; 1; 0; 1; 0
2233; 10; 0; 0; 1; 1; 1; 0; 1; 0
2234; 2; 0; 0; 0,899521129431427; 0,899521129431427; 1; 0; 1; 0
2246; 10; 0; 2; 0,576172338433963; 0,0188380272980045; 0; 1; 0; 1
2267; 2; 1; 0; 0,847908835092402; 0,152091164907598; 1; 0; 1; 0
2278; 2; 0; 0; 0,532078406659606; 0,532078406659606; 1; 0; 1; 0
2283; 2; 0; 0; 0,532078406659606; 0,532078406659606; 1; 0; 1; 0
2294; 19; 0; 0; 0,900177359332304; 0,900177359332304; 1; 0; 1; 0
2299; 16; 0; 0; 1; 1; 1; 0; 1; 0
2300; 19; 2; 1; 0,404007356698678; 0,297379264780252; 0; 1; 0; 1
2310; 20; 0; 0; 1; 1; 1; 0; 1; 0
2329; 23; 0; 0; 0,999997592200677; 0,999997592200677; 1; 0; 1; 0
2423; 19; 0; 0; 0,888312484380981; 0,888312484380981; 1; 0; 1; 0
2442; 20; 0; 0; 1; 1; 1; 0; 1; 0
2453; 10; 2; 0; 0,463859644386438; 0,355692351817064; 1; 0; 1; 0
2456; 2; 1; 1; 0,936323777356931; 0,936323777356931; 0; 0; 0,332790223572103; 0,667209776427897
2478; 19; 0; 0; 1; 1; 1; 0; 1; 0
2496; 16; 0; 0; 1; 1; 1; 0; 1; 0
2498; 19; 0; 0; 0,949651097670506; 0,949651097670506; 1; 0; 1; 0
2514; 160; 0; 0; 1; 1; 1; 0; 1; 0
2516; 19; 0; 0; 0,363189430541739; 0,363189430541739; 1; 0; 1; 0
2518; 2; 1; 0; 1; 0; 1; 0; 1; 0
2519; 2; 1; 0; 0,730922131842953; 0,269077868157047; 1; 0; 1; 0
2531; 23; 0; 0; 0,999997592200677; 0,999997592200677; 1; 0; 1; 0
2532; 25; 1; 0; 0,350209383175836; 0,131618803390375; 1; 0; 1; 0
2536; 19; 0; 0; 0,379478079724968; 0,379478079724968; 1; 0; 1; 0
2542; 2; 0; 0; 0,567064973419612; 0,567064973419612; 1; 0; 1; 0
2553; 2; 0; 0; 1; 1; 1; 0; 1; 0
2571; 19; 0; 0; 1; 1; 1; 0; 1; 0
2626; 17; 1; 2; 0,399418782708649; 0,252502040782396; 0; 0; 0,250318178027965; 0,749681821972035
2627; 3; 1; 0; 0,405223097392351; 0,324155369191901; 1; 0; 1; 0
2657; 10; 0; 0; 1; 1; 1; 0; 1; 0
2663; 19; 0; 0; 0,33521907487254; 0,33521907487254; 1; 0; 1; 0
2708; 2; 1; 0; 0,533838572364214; 0,466161427635786; 1; 0; 1; 0
2738; 2; 1; 0; 0,584931638629863; 0,415068361370137; 1; 0; 1; 0
2760; 19; 0; 0; 1; 1; 1; 0; 1; 0
2762; 20; 0; 0; 1; 1; 1; 0; 1; 0
2766; 22; 1; 0; 0,666170462911724; 0,316780206806089; 1; 0; 1; 0
2801; 2; 0; 0; 0,766797288103108; 0,766797288103108; 1; 0; 1; 0
2814; 2; 0; 0; 0,561197346420708; 0,561197346420708; 1; 0; 1; 0
2832; 19; 2; 0; 0,337885062592779; 0,32770825883282; 1; 0; 1; 0
2856; 2; 0; 0; 1; 1; 1; 0; 1; 0
2858; 16; 0; 0; 1; 1; 1; 0; 1; 0
2872; 10; 1; 2; 0,449202121731989; 0,236656939943825; 0; 0; 0,500296553284424; 0,499703446715576
2875; 20; 0; 0; 1; 1; 1; 0; 1; 0
2883; 20; 0; 0; 1; 1; 1; 0; 1; 0
2898; 19; 0; 0; 1; 1; 1; 0; 1; 0
2911; 2; 0; 0; 1; 1; 1; 0; 1; 0
2921; 2; 0; 1; 0,61369250860732; 0,38630749139268; 0; 1; 0; 1
2922; 19; 1; 1; 0,46532286207335; 0,46532286207335; 0; 0; 0,250436147319357; 0,749563852680643
2931; 2; 0; 0; 0,948932259050838; 0,948932259050838; 1; 0; 1; 0
2936; 10; 0; 0; 1; 1; 1; 0; 1; 0
2945; 2; 1; 0; 0,570390411483996; 0,429609588516005; 1; 0; 1; 0
2952; 19; 2; 0; 0,345338198478404; 0,318068289848876; 1; 0; 1; 0
2957; 19; 0; 0; 0,534586305429822; 0,534586305429822; 1; 0; 1; 0
2973; 2; 1; 0; 1; 0; 1; 0; 1; 0
2992; 2; 1; 0; 0,708494903858349; 0,291505096141651; 1; 0; 1; 0
3018; 2; 0; 0; 0,553639766892877; 0,553639766892877; 1; 0; 1; 0
3053; 10; 0; 0; 1; 1; 1; 0; 1; 0
3060; 2; 0; 0; 1; 1; 1; 0; 1; 0
3063; 4; 1; 2; 0,399233385179735; 0,133029395916365; 0; 0; 0,599588066379012; 0,400411933620988
3081; 10; 0; 0; 1; 1; 1; 0; 1; 0
3082; 19; 0; 0; 0,995844746118232; 0,995844746118232; 1; 0; 1; 0
3103; 2; 0; 0; 0,506605397037846; 0,506605397037846; 1; 0; 1; 0
3121; 2; 1; 1; 0,995895913967166; 0,995895913967166; 0; 0; 0,249787733109149; 0,750212266890851
3129; 16; 0; 0; 1; 1; 1; 0; 1; 0
3135; 2; 0; 0; 0,694759775299812; 0,694759775299812; 1; 0; 1; 0
3152; 19; 0; 0; 1; 1; 1; 0; 1; 0
3160; 19; 0; 0; 0,363189430541739; 0,363189430541739; 1; 0; 1; 0
3169; 10; 0; 0; 1; 1; 1; 0; 1; 0
3196; 10; 0; 0; 1; 1; 1; 0; 1; 0
3212; 23; 0; 0; 1; 1; 1; 0; 1; 0
3214; 2; 1; 1; 0,83614140497877; 0,83614140497877; 0; 1; 0; 1
3220; 10; 0; 0; 1; 1; 1; 0; 1; 0
3225; 2; 0; 0; 0,570294852903387; 0,570294852903387; 1; 0; 1; 0
3229; 11; 1; 0; 0,617328947387149; 0,329753790986326; 1; 0; 1; 0
3275; 10; 0; 0; 1; 1; 1; 0; 1; 0
3292; 2; 1; 0; 0,87498907919678; 0,12501092080322; 1; 0; 1; 0
3321; 16; 0; 0; 0,97765695235614; 0,97765695235614; 1; 0; 1; 0
3327; 3; 1; 0; 0,414415932182572; 0,349522323801333; 1; 0; 1; 0
3336; 2; 1; 1; 0,641996073903484; 0,641996073903484; 0; 0; 0,3333415426568; 0,6666584573432
3347; 19; 0; 0; 1; 1; 1; 0; 1; 0
3354; 19; 0; 0; 1; 1; 1; 0; 1; 0
3359; 2; 1; 1; 0,776788893045249; 0,776788893045249; 0; 0; 0,332790223572103; 0,667209776427897
3366; 2; 0; 0; 0,509235326080384; 0,509235326080384; 1; 0; 1; 0
3395; 3; 0; 2; 0,480992829808777; 0,218749660730375; 0; 0; 0,249836158183357; 0,750163841816643
3402; 19; 0; 0; 0,93640120190642; 0,93640120190642; 1; 0; 1; 0
3409; 10; 0; 0; 0,999999970824089; 0,999999970824089; 1; 0; 1; 0
3420; 2; 0; 0; 0,678670896126127; 0,678670896126127; 1; 0; 1; 0
3435; 2; 1; 1; 0,595198660623285; 0,595198660623285; 0; 1; 0; 1
3440; 19; 0; 0; 0,998694512533084; 0,998694512533084; 1; 0; 1; 0
3469; 18; 0; 0; 0,997838423024154; 0,997838423024154; 1; 0; 1; 0
3472; 18; 0; 0; 1; 1; 1; 0; 1; 0
3475; 2; 0; 0; 0,997123701189568; 0,997123701189568; 1; 0; 1; 0
3477; 13; 0; 0; 1; 1; 1; 0; 1; 0
3484; 19; 0; 0; 0,995841855488322; 0,995841855488322; 1; 0; 1; 0
3512; 2; 1; 1; 1; 1; 0; 0; 0,332132797202093; 0,667867202797907
3539; 19; 0; 0; 1; 1; 1; 0; 1; 0
3567; 16; 0; 0; 1; 1; 1; 0; 1; 0
3570; 20; 0; 0; 1; 1; 1; 0; 1; 0
3578; 15; 0; 0; 0,981421568349819; 0,981421568349819; 1; 0; 1; 0
3594; 19; 0; 0; 1; 1; 1; 0; 1; 0
3600; 19; 0; 0; 1; 1; 1; 0; 1; 0
3604; 10; 1; 2; 0,427434014124414; 0,269514188268836; 0; 0; 0,500296553284424; 0,499703446715576
3648; 2; 1; 1; 0,52085197526451; 0,52085197526451; 0; 1; 0; 1
3657; 2; 1; 0; 0,512744901085637; 0,487255098914363; 1; 0; 1; 0
3676; 18; 0; 0; 1; 1; 1; 0; 1; 0
3695; 10; 0; 0; 1; 1; 1; 0; 1; 0
3697; 20; 0; 0; 1; 1; 1; 0; 1; 0
3769; 2; 1; 1; 0,991678340396614; 0,991678340396614; 0; 1; 0; 1
3771; 2; 1; 0; 1; 0; 1; 0; 1; 0
3783; 18; 0; 0; 1; 1; 1; 0; 1; 0
3790; 2; 1; 0; 0,574122425341679; 0,425877574658321; 1; 0; 1; 0
3806; 2; 1; 1; 1; 1; 0; 1; 0; 1
3809; 17; 0; 0; 1; 1; 1; 0; 1; 0
3817; 4; 0; 1; 0,590694007980773; 0,409305992019227; 0; 0; 0,500296553284424; 0,499703446715576
3824; 10; 1; 2; 0,443982332740662; 0,247675583972152; 0; 0; 0,500296553284424; 0,499703446715576
3843; 16; 0; 0; 1; 1; 1; 0; 1; 0
3846; 20; 0; 0; 0,999991690888801; 0,999991690888801; 1; 0; 1; 0
3849; 19; 0; 0; 0,425671764862531; 0,425671764862531; 1; 0; 1; 0
3875; 10; 0; 0; 1; 1; 1; 0; 1; 0
3951; 20; 0; 0; 1; 1; 1; 0; 1; 0
3958; 19; 0; 0; 0,949651097670506; 0,949651097670506; 1; 0; 1; 0
3964; 16; 0; 0; 1; 1; 1; 0; 1; 0
3970; 2; 1; 1; 0,537483065542712; 0,537483065542712; 0; 0; 0,33305199406266; 0,66694800593734
3977; 2; 0; 0; 0,964590428863948; 0,964590428863948; 1; 0; 1; 0
3984; 10; 0; 0; 1; 1; 1; 0; 1; 0
3997; 10; 0; 0; 1; 1; 1; 0; 1; 0
4017; 2; 1; 0; 0,525734707465758; 0,474265292534242; 1; 0; 1; 0
4032; 21; 0; 0; 0,99823069795153; 0,99823069795153; 1; 0; 1; 0
4044; 10; 0; 0; 1; 1; 1; 0; 1; 0
4047; 2; 0; 0; 1; 1; 1; 0; 1; 0
4055; 20; 0; 0; 1; 1; 1; 0; 1; 0
4069; 23; 0; 0; 1; 1; 1; 0; 1; 0
4083; 19; 0; 0; 1; 1; 1; 0; 1; 0
4108; 2; 1; 0; 0,53675819865627; 0,46324180134373; 1; 0; 1; 0
4124; 18; 0; 0; 1; 1; 1; 0; 1; 0
4125; 10; 0; 0; 0,999775440413761; 0,999775440413761; 1; 0; 1; 0
4136; 19; 0; 0; 0,999971419599785; 0,999971419599785; 1; 0; 1; 0
4138; 19; 0; 0; 1; 1; 1; 0; 1; 0
4144; 160; 0; 0; 1; 1; 1; 0; 1; 0
4147; 23; 0; 0; 1; 1; 1; 0; 1; 0
4193; 16; 0; 0; 1; 1; 1; 0; 1; 0
4225; 4; 2; 2; 0,576229014528248; 0,576229014528248; 0; 0; 0,499662038165893; 0,500337961834107
4234; 2; 0; 0; 1; 1; 1; 0; 1; 0
4242; 2; 0; 0; 0,532088104091722; 0,532088104091722; 1; 0; 1; 0
4245; 11; 1; 2; 0,402996229998408; 0,250985099431077; 0; 1; 0; 1
4278; 10; 0; 0; 1; 1; 1; 0; 1; 0
4311; 10; 0; 0; 0,995351543474141; 0,995351543474141; 1; 0; 1; 0
4317; 20; 0; 0; 0,999990569439446; 0,999990569439446; 1; 0; 1; 0
4335; 16; 0; 0; 1; 1; 1; 0; 1; 0
4341; 2; 0; 0; 0,56786978214086; 0,56786978214086; 1; 0; 1; 0
4351; 2; 0; 0; 0,552520524268485; 0,552520524268485; 1; 0; 1; 0
4354; 2; 0; 0; 1; 1; 1; 0; 1; 0
4375; 2; 0; 1; 0,519619037315611; 0,480380962684389; 0; 0; 0,33305199406266; 0,66694800593734
4391; 2; 1; 1; 0,944450904304495; 0,944450904304495; 0; 1; 0; 1
4392; 24; 1; 3; 0,207622201811604; 0,17240342823394; 0; 0; 0,500256624585928; 0,499743375414072
4427; 10; 0; 0; 1; 1; 1; 0; 1; 0
4436; 10; 1; 1; 0,401043107502345; 0,401043107502345; 0; 1; 0; 1
4466; 10; 0; 0; 0,999367160208447; 0,999367160208447; 1; 0; 1; 0
4486; 10; 0; 0; 1; 1; 1; 0; 1; 0
4488; 20; 0; 0; 1; 1; 1; 0; 1; 0
4497; 10; 1; 2; 0,405632091804613; 0,298315907021182; 0; 0; 0,500296553284424; 0,499703446715576
4512; 10; 0; 0; 1; 1; 1; 0; 1; 0
4514; 10; 0; 0; 1; 1; 1; 0; 1; 0
4517; 2; 1; 1; 1; 1; 0; 1; 0; 1
4565; 10; 0; 0; 0,999923822486154; 0,999923822486154; 1; 0; 1; 0
4577; 19; 0; 0; 0,33521907487254; 0,33521907487254; 1; 0; 1; 0
4589; 10; 2; 6; 0,337573947048206; 0,285959441073768; 0; 1; 0; 1
4590; 24; 2; 3; 0,184327661725103; 0,161710930385459; 0; 0; 0,500256624585928; 0,499743375414072
4592; 2; 0; 1; 0,542967132670949; 0,457032867329051; 0; 0; 0,333430975862548; 0,666569024137453
4608; 2; 0; 0; 1; 1; 1; 0; 1; 0
4619; 18; 0; 0; 0,999873023811002; 0,999873023811002; 1; 0; 1; 0
4621; 19; 0; 0; 1; 1; 1; 0; 1; 0
4622; 19; 1; 0; 0,358252153311537; 0,306022978858455; 1; 0; 1; 0
4645; 2; 0; 1; 0,526726901583085; 0,473273098416915; 0; 0; 0,499214513767447; 0,500785486232553
4656; 10; 2; 2; 0,427511548477526; 0,427511548477526; 0; 0; 0,499743375414072; 0,500256624585928
4666; 10; 0; 0; 0,999570241270102; 0,999570241270102; 1; 0; 1; 0
4704; 18; 0; 0; 1; 1; 1; 0; 1; 0
4724; 2; 1; 0; 0,579109751949953; 0,420890248050047; 1; 0; 1; 0
4747; 10; 0; 0; 0,999895302202579; 0,999895302202579; 1; 0; 1; 0
4749; 19; 0; 0; 0,999830527047054; 0,999830527047054; 1; 0; 1; 0
4758; 3; 1; 0; 0,405920861806255; 0,391133555861346; 1; 0; 1; 0
4776; 2; 0; 0; 0,55449845362761; 0,55449845362761; 1; 0; 1; 0
4812; 16; 0; 0; 1; 1; 1; 0; 1; 0
4816; 15; 0; 0; 0,999980435576839; 0,999980435576839; 1; 0; 1; 0
4824; 2; 1; 1; 0,562525585604991; 0,562525585604991; 0; 1; 0; 1
4881; 19; 0; 0; 0,999958998814521; 0,999958998814521; 1; 0; 1; 0
4914; 20; 0; 0; 1; 1; 1; 0; 1; 0
4924; 16; 0; 0; 0,999579506175767; 0,999579506175767; 1; 0; 1; 0
4927; 2; 0; 0; 0,999993515419003; 0,999993515419003; 1; 0; 1; 0
4936; 19; 0; 0; 1; 1; 1; 0; 1; 0
4943; 2; 0; 0; 0,505129550559181; 0,505129550559181; 1; 0; 1; 0
5003; 16; 0; 0; 0,999924746818061; 0,999924746818061; 1; 0; 1; 0
5120; 2; 1; 0; 0,525294256096641; 0,474705743903359; 1; 0; 1; 0
5160; 2; 1; 1; 0,752365202989343; 0,752365202989343; 0; 1; 0; 1
5174; 2; 1; 0; 0,63649546073636; 0,36350453926364; 1; 0; 1; 0
5194; 2; 0; 0; 0,999991286437586; 0,999991286437586; 1; 0; 1; 0
5211; 2; 1; 0; 0,553170223696978; 0,446829776303022; 1; 0; 1; 0
5223; 19; 0; 0; 0,996536789503681; 0,996536789503681; 1; 0; 1; 0
5227; 10; 0; 0; 1; 1; 1; 0; 1; 0
5243; 10; 0; 0; 0,998222392459455; 0,998222392459455; 1; 0; 1; 0
5279; 19; 0; 0; 0,999989713035401; 0,999989713035401; 1; 0; 1; 0
5300; 2; 1; 0; 0,566664948901713; 0,433335051098287; 1; 0; 1; 0
5302; 19; 0; 0; 0,999855650363015; 0,999855650363015; 1; 0; 1; 0
5306; 16; 0; 0; 0,999930773695623; 0,999930773695623; 1; 0; 1; 0
5321; 2; 1; 1; 0,553170223696978; 0,553170223696978; 0; 1; 0; 1
5331; 2; 0; 1; 0,57301374961176; 0,426986250388239; 0; 0; 0,334208340751588; 0,665791659248412
5355; 2; 0; 0; 0,845800583585727; 0,845800583585727; 1; 0; 1; 0
5358; 2; 0; 0; 0,898121534698389; 0,898121534698389; 1; 0; 1; 0
5360; 19; 0; 0; 0,999973971526158; 0,999973971526158; 1; 0; 1; 0
5375; 16; 0; 0; 0,998572375037361; 0,998572375037361; 1; 0; 1; 0
5396; 20; 0; 0; 1; 1; 1; 0; 1; 0
5397; 16; 0; 0; 0,999695753768795; 0,999695753768795; 1; 0; 1; 0
5424; 20; 0; 0; 0,999565933083355; 0,999565933083355; 1; 0; 1; 0
5441; 15; 0; 0; 0,999139145414725; 0,999139145414725; 1; 0; 1; 0
5452; 19; 0; 0; 1; 1; 1; 0; 1; 0
5458; 2; 0; 0; 0,548958730976726; 0,548958730976726; 1; 0; 1; 0
5464; 2; 0; 0; 0,960452174776192; 0,960452174776192; 1; 0; 1; 0
5518; 2; 0; 1; 0,85479442434886; 0,14520557565114; 0; 1; 0; 1
5533; 2; 0; 0; 0,925962600027253; 0,925962600027253; 1; 0; 1; 0
5547; 19; 0; 0; 0,931276186788205; 0,931276186788205; 1; 0; 1; 0
5548; 19; 0; 0; 0,999718498199419; 0,999718498199419; 1; 0; 1; 0
5715; 2; 1; 1; 0,559669683274975; 0,559669683274975; 0; 0; 0,599312937944437; 0,400687062055563
5716; 16; 0; 0; 0,997519367397093; 0,997519367397093; 1; 0; 1; 0
5732; 10; 0; 0; 0,999873334284449; 0,999873334284449; 1; 0; 1; 0
5798; 16; 0; 0; 0,999983906531271; 0,999983906531271; 1; 0; 1; 0
5800; 190; 20; 0; 0,672669215206524; 0,099412880217235; 1; 0; 1; 0
5804; 2; 0; 0; 0,999999235421138; 0,999999235421138; 1; 0; 1; 0
5805; 32; 0; 0; 0,508980031264205; 0,508980031264205; 1; 0; 1; 0
5814; 2; 1; 0; 0,875630525861189; 0,124369474138811; 1; 0; 1; 0
5833; 2; 0; 0; 1; 1; 1; 0; 1; 0
5874; 3; 0; 0; 1; 1; 1; 0; 1; 0
5889; 2; 1; 1; 0,882456981349787; 0,882456981349787; 0; 0; 0,500338827293833; 0,499661172706167
5908; 25; 3; 0; 0,33014508124; 0,102738237888193; 1; 0; 1; 0
5930; 10; 0; 1; 0,463455775880435; 0,15199527969558; 0; 1; 0; 1
5932; 2; 0; 1; 0,904187639825185; 0,0958123601748145; 0; 0; 0,24956858462723; 0,75043141537277
5937; 10; 0; 0; 0,999965473716722; 0,999965473716722; 1; 0; 1; 0
5951; 10; 0; 0; 0,999988334569694; 0,999988334569694; 1; 0; 1; 0
6023; 2; 0; 1; 0,754429604935077; 0,245570395064923; 0; 0; 0,33232712869403; 0,66767287130597
6032; 18; 0; 0; 0,999954995444769; 0,999954995444769; 1; 0; 1; 0
6042; 19; 1; 1; 0,99021767722483; 0,99021767722483; 0; 0; 0,248629335125633; 0,751370664874367
6057; 19; 0; 0; 0,999736872850112; 0,999736872850112; 1; 0; 1; 0
6062; 19; 0; 0; 0,999911882032823; 0,999911882032823; 1; 0; 1; 0
6066; 15; 0; 0; 0,999956475264849; 0,999956475264849; 1; 0; 1; 0
6076; 2; 0; 1; 0,55346849930718; 0,44653150069282; 0; 1; 0; 1
6077; 20; 0; 0; 0,98572078473389; 0,98572078473389; 1; 0; 1; 0
6108; 10; 0; 0; 0,999999675390089; 0,999999675390089; 1; 0; 1; 0
6119; 11; 2; 2; 0,405290612878245; 0,405290612878245; 0; 0; 0,251375822415968; 0,748624177584032
6130; 3; 2; 2; 0,668812370644044; 0,668812370644044; 0; 1; 0; 1
6153; 2; 1; 1; 0,500180869912838; 0,500180869912838; 0; 1; 0; 1
6160; 10; 2; 1; 0,353013105215057; 0,347163695390844; 0; 0; 0,33232712869403; 0,66767287130597
6169; 3; 2; 2; 0,604772042243223; 0,604772042243223; 0; 0; 0,334757627560464; 0,665242372439536
6171; 2; 0; 0; 0,99999961324868; 0,99999961324868; 1; 0; 1; 0
6204; 2; 1; 0; 0,598481922561746; 0,401518077438254; 1; 0; 1; 0
6206; 160; 0; 0; 0,999973748490864; 0,999973748490864; 1; 0; 1; 0
6209; 10; 3; 1; 0,545409552415016; 0,256628127886352; 0; 1; 0; 1
6213; 2; 0; 0; 0,530156143196557; 0,530156143196557; 1; 0; 1; 0
6226; 2; 0; 0; 0,524795816475178; 0,524795816475178; 1; 0; 1; 0
6231; 10; 0; 0; 0,997446879667844; 0,997446879667844; 1; 0; 1; 0
6236; 16; 0; 0; 0,999985816911205; 0,999985816911205; 1; 0; 1; 0
6268; 3; 2; 1; 0,413096985146833; 0,315131269889213; 0; 0; 0,334208340751588; 0,665791659248412
6281; 20; 0; 0; 0,996789282228535; 0,996789282228535; 1; 0; 1; 0
6287; 2; 0; 0; 0,998035537988998; 0,998035537988998; 1; 0; 1; 0
6297; 2; 1; 0; 0,581523322348778; 0,418476677651222; 1; 0; 1; 0
6323; 19; 0; 0; 0,999107245517089; 0,999107245517089; 1; 0; 1; 0
6334; 2; 0; 0; 1; 1; 1; 0; 1; 0
6346; 10; 0; 0; 1; 1; 1; 0; 1; 0
6389; 2; 0; 1; 0,646740257140758; 0,353259742859242; 0; 0; 0,332596470775875; 0,667403529224125
6397; 19; 0; 0; 0,999890131623397; 0,999890131623397; 1; 0; 1; 0
6450; 2; 0; 0; 1; 1; 1; 0; 1; 0
6453; 2; 0; 1; 0,505325147667618; 0,494674852332382; 0; 0; 0,498907759353759; 0,501092240646241
6472; 24; 5; 0; 0,21210354876015; 0,198969805669932; 1; 0; 1; 0
6495; 2; 0; 0; 0,688666040176748; 0,688666040176748; 1; 0; 1; 0
6503; 19; 2; 0; 0,484331027850993; 0,341556145367417; 1; 0; 1; 0
6511; 3; 1; 0; 0,416398099145991; 0,369453485509328; 1; 0; 1; 0
6515; 18; 0; 0; 0,986239306670828; 0,986239306670828; 1; 0; 1; 0
6528; 13; 0; 0; 0,999972167654627; 0,999972167654627; 1; 0; 1; 0
6543; 18; 0; 0; 0,999763237108828; 0,999763237108828; 1; 0; 1; 0
6549; 2; 0; 0; 1; 1; 1; 0; 1; 0
6587; 19; 0; 0; 0,931276186788205; 0,931276186788205; 1; 0; 1; 0
6594; 10; 0; 0; 0,99936860471886; 0,99936860471886; 1; 0; 1; 0
6651; 20; 0; 0; 0,969947548106826; 0,969947548106826; 1; 0; 1; 0
6676; 2; 1; 0; 0,754104126817572; 0,245895873182428; 1; 0; 1; 0
6682; 19; 0; 0; 0,978215731098266; 0,978215731098266; 1; 0; 1; 0
6687; 2; 1; 1; 0,591559931488187; 0,591559931488187; 0; 1; 0; 1
6704; 2; 0; 1; 0,593199066706106; 0,406800933293894; 0; 1; 0; 1
6718; 10; 0; 0; 1; 1; 1; 0; 1; 0
6724; 2; 1; 0; 0,505116254923346; 0,494883745076654; 1; 0; 1; 0
6739; 19; 0; 0; 0,853244218990482; 0,853244218990482; 1; 0; 1; 0
6749; 2; 1; 0; 0,596413970814746; 0,403586029185253; 1; 0; 1; 0
6787; 10; 0; 0; 0,999990593620013; 0,999990593620013; 1; 0; 1; 0
6794; 16; 0; 0; 0,992957844879086; 0,992957844879086; 1; 0; 1; 0
6804; 18; 0; 0; 0,999333509005151; 0,999333509005151; 1; 0; 1; 0
6820; 21; 0; 0; 0,995013248631368; 0,995013248631368; 1; 0; 1; 0
6824; 19; 3; 0; 0,506118368262607; 0,0966193111523649; 1; 0; 1; 0
6826; 2; 0; 0; 0,999992383299028; 0,999992383299028; 1; 0; 1; 0
6863; 19; 0; 0; 1; 1; 1; 0; 1; 0
6866; 15; 0; 0; 0,974106320886719; 0,974106320886719; 1; 0; 1; 0
6903; 18; 0; 0; 0,999863273672176; 0,999863273672176; 1; 0; 1; 0
6907; 18; 0; 0; 0,998987878658796; 0,998987878658796; 1; 0; 1; 0
6909; 18; 0; 0; 0,999756229148383; 0,999756229148383; 1; 0; 1; 0
6912; 2; 1; 1; 0,853189752164373; 0,853189752164373; 0; 1; 0; 1
6934; 10; 0; 0; 1; 1; 1; 0; 1; 0
6937; 2; 0; 0; 1; 1; 1; 0; 1; 0
6947; 10; 0; 0; 1; 1; 1; 0; 1; 0
6960; 2; 0; 0; 1; 1; 1; 0; 1; 0
6961; 20; 0; 0; 0,99508428957453; 0,99508428957453; 1; 0; 1; 0
6967; 20; 0; 0; 0,999920339984241; 0,999920339984241; 1; 0; 1; 0
6970; 13; 0; 0; 0,999937317427617; 0,999937317427617; 1; 0; 1; 0
6989; 10; 0; 0; 0,994991396042334; 0,994991396042334; 1; 0; 1; 0
7011; 16; 0; 0; 0,996849101919123; 0,996849101919123; 1; 0; 1; 0
7034; 16; 0; 0; 0,999924307015034; 0,999924307015034; 1; 0; 1; 0
7035; 13; 0; 0; 0,97190374026846; 0,97190374026846; 1; 0; 1; 0
7038; 13; 0; 0; 0,946140033990061; 0,946140033990061; 1; 0; 1; 0
7041; 16; 0; 0; 0,999456090482491; 0,999456090482491; 1; 0; 1; 0
7047; 16; 0; 0; 0,997996215379403; 0,997996215379403; 1; 0; 1; 0
7056; 16; 0; 0; 0,999944327748553; 0,999944327748553; 1; 0; 1; 0
7090; 2; 1; 1; 0,9952433312805; 0,9952433312805; 0; 1; 0; 1
7092; 13; 0; 0; 0,999895908281481; 0,999895908281481; 1; 0; 1; 0
7140; 2; 1; 0; 0,597898443836563; 0,402101556163437; 1; 0; 1; 0
7145; 10; 0; 0; 0,999902015729907; 0,999902015729907; 1; 0; 1; 0
7155; 2; 1; 0; 1; 0; 1; 0; 1; 0
7158; 2; 1; 1; 0,54467586873739; 0,54467586873739; 0; 0; 0,332651268006151; 0,667348731993848
7175; 10; 0; 0; 1; 1; 1; 0; 1; 0
7213; 13; 0; 0; 1; 1; 1; 0; 1; 0
7248; 10; 1; 0; 0,482423119681543; 0,206706161353283; 1; 0; 1; 0
7262; 10; 0; 0; 1; 1; 1; 0; 1; 0
7266; 2; 0; 1; 0,637498974470575; 0,362501025529425; 0; 0; 0,332267532977796; 0,667732467022204
7278; 18; 0; 0; 0,999900354286948; 0,999900354286948; 1; 0; 1; 0
7279; 20; 0; 0; 0,999853090507703; 0,999853090507703; 1; 0; 1; 0
7280; 10; 0; 0; 0,999938226166357; 0,999938226166357; 1; 0; 1; 0
7283; 2; 1; 0; 0,506214442377747; 0,493785557622253; 1; 0; 1; 0
7287; 10; 0; 2; 0,410087963903528; 0,391103268027728; 0; 0; 0,500296553284424; 0,499703446715576
7316; 18; 0; 0; 1; 1; 1; 0; 1; 0
7318; 19; 0; 0; 0,55389347190782; 0,55389347190782; 1; 0; 1; 0
7332; 10; 0; 0; 1; 1; 1; 0; 1; 0
7335; 19; 0; 0; 0,949368005839036; 0,949368005839036; 1; 0; 1; 0
7344; 2; 1; 1; 0,576449954478698; 0,576449954478698; 0; 0; 0,334175033414952; 0,665824966585048
7345; 19; 0; 0; 0,99938843844924; 0,99938843844924; 1; 0; 1; 0
7364; 18; 1; 0; 0,578709266709431; 0; 1; 0; 1; 0
7375; 2; 1; 0; 0,990433205226065; 0,00956679477393507; 1; 0; 1; 0
7418; 2; 1; 0; 0,885735672036331; 0,114264327963669; 1; 0; 1; 0
7450; 19; 0; 0; 0,999999823892028; 0,999999823892028; 1; 0; 1; 0
7466; 19; 0; 0; 0,999290467518231; 0,999290467518231; 1; 0; 1; 0
7470; 10; 0; 0; 0,999998000461063; 0,999998000461063; 1; 0; 1; 0
7473; 10; 2; 1; 0,490264864870362; 0,348205494192023; 0; 0; 0,599288829618811; 0,400711170381189
7495; 2; 0; 0; 0,660029765191972; 0,660029765191972; 1; 0; 1; 0
7522; 16; 0; 0; 0,983864309317808; 0,983864309317808; 1; 0; 1; 0
7528; 10; 0; 0; 0,999986765665787; 0,999986765665787; 1; 0; 1; 0
7538; 2; 1; 0; 0,580310320327167; 0,419689679672833; 1; 0; 1; 0
7539; 10; 2; 2; 0,388909921813508; 0,388909921813508; 0; 0; 0,334668139623265; 0,665331860376735
7542; 2; 0; 1; 0,618419216668679; 0,381580783331321; 0; 0; 0,500461757218196; 0,499538242781804
7547; 18; 0; 0; 0,999803619616272; 0,999803619616272; 1; 0; 1; 0
7552; 10; 0; 0; 1; 1; 1; 0; 1; 0
7564; 16; 0; 0; 0,999533465173233; 0,999533465173233; 1; 0; 1; 0
7580; 10; 0; 0; 1; 1; 1; 0; 1; 0
7584; 2; 0; 0; 0,999994934084583; 0,999994934084583; 1; 0; 1; 0
7597; 16; 0; 0; 0,996177835253372; 0,996177835253372; 1; 0; 1; 0
7599; 2; 1; 0; 1; 0; 1; 0; 1; 0
7623; 16; 0; 0; 0,930333882343766; 0,930333882343766; 1; 0; 1; 0
7626; 4; 2; 2; 0,519897659638243; 0,519897659638243; 0; 0; 0,499662038165893; 0,500337961834107
7657; 13; 0; 0; 0,999994419757104; 0,999994419757104; 1; 0; 1; 0
7662; 19; 0; 1; 0,308407683234858; 0,223435684252109; 0; 0; 0,248629335125633; 0,751370664874367
7668; 20; 0; 0; 0,999165575604874; 0,999165575604874; 1; 0; 1; 0
7692; 2; 0; 0; 0,981422319918318; 0,981422319918318; 1; 0; 1; 0
7698; 4; 3; 1; 0,486235535117972; 0,0584403336194181; 0; 0; 0,499610192640042; 0,500389807359958
7701; 2; 1; 1; 0,705050481831679; 0,705050481831679; 0; 0; 0,332790223572103; 0,667209776427897
7703; 2; 0; 0; 0,514853425139074; 0,514853425139074; 1; 0; 1; 0
7721; 2; 0; 0; 1; 1; 1; 0; 1; 0
7724; 10; 0; 0; 0,843484366283105; 0,843484366283105; 1; 0; 1; 0
7731; 2; 1; 0; 0,576901322677302; 0,423098677322698; 1; 0; 1; 0
7738; 2; 0; 0; 0,522807990709997; 0,522807990709997; 1; 0; 1; 0
7759; 10; 2; 0; 0,442520449387787; 0,348727961179706; 1; 0; 1; 0
7807; 16; 0; 0; 0,999981652938302; 0,999981652938302; 1; 0; 1; 0
7812; 10; 0; 0; 0,67740807967031; 0,67740807967031; 1; 0; 1; 0
7815; 19; 0; 0; 0,999999297332333; 0,999999297332333; 1; 0; 1; 0
7820; 19; 0; 0; 0,999666739689812; 0,999666739689812; 1; 0; 1; 0
7832; 2; 0; 1; 0,514853425139074; 0,485146574860926; 0; 1; 0; 1
7841; 10; 0; 0; 1; 1; 1; 0; 1; 0
7843; 10; 1; 0; 0,575322926038839; 0,159371597895101; 1; 0; 1; 0
7846; 10; 0; 0; 1; 1; 1; 0; 1; 0
7853; 2; 0; 0; 1; 1; 1; 0; 1; 0
7859; 2; 1; 1; 0,99920447485763; 0,99920447485763; 0; 1; 0; 1
7861; 21; 0; 0; 0,998706605458066; 0,998706605458066; 1; 0; 1; 0
7875; 19; 0; 0; 0,999421315975268; 0,999421315975268; 1; 0; 1; 0
7904; 18; 0; 0; 0,892813636233378; 0,892813636233378; 1; 0; 1; 0
7974; 16; 2; 0; 0,310652758806136; 0,0814072032841573; 1; 0; 1; 0
7989; 10; 0; 0; 0,998319490757695; 0,998319490757695; 1; 0; 1; 0
8007; 10; 1; 0; 0,408489291168626; 0,221435285709508; 1; 0; 1; 0
8014; 16; 0; 0; 0,999611005308375; 0,999611005308375; 1; 0; 1; 0
8075; 2; 0; 0; 1; 1; 1; 0; 1; 0
8093; 2; 1; 0; 0,587107433546678; 0,412892566453321; 1; 0; 1; 0
8117; 10; 0; 0; 1; 1; 1; 0; 1; 0
8125; 18; 1; 0; 0,547497815446865; 0; 1; 0; 1; 0
8130; 4; 1; 1; 0,64841934844163; 0,64841934844163; 0; 0; 0,500296553284424; 0,499703446715576
8136; 21; 0; 0; 0,998819759853572; 0,998819759853572; 1; 0; 1; 0
8140; 2; 1; 1; 0,953936760817604; 0,953936760817604; 0; 0; 0,249121077163523; 0,750878922836477
8156; 2; 1; 1; 0,638681587941966; 0,638681587941966; 0; 0; 0,33232712869403; 0,66767287130597
8164; 2; 1; 1; 0,739673713073559; 0,739673713073559; 0; 0; 0,331599996738756; 0,668400003261244
8170; 2; 0; 1; 0,522199101291475; 0,477800898708526; 0; 1; 0; 1
8197; 2; 0; 1; 0,512084892099324; 0,487915107900676; 0; 1; 0; 1
8203; 32; 0; 0; 0,339268808278254; 0,339268808278254; 1; 0; 1; 0
8206; 2; 0; 1; 0,526302648397227; 0,473697351602773; 0; 1; 0; 1
8214; 11; 2; 0; 0,43731336169249; 0,255112841769083; 1; 0; 1; 0
8245; 2; 1; 0; 0,65719791236031; 0,34280208763969; 1; 0; 1; 0
8260; 2; 0; 0; 0,871758132662334; 0,871758132662334; 1; 0; 1; 0
8263; 2; 1; 0; 0,537704588608679; 0,462295411391321; 1; 0; 1; 0
8296; 19; 0; 0; 1; 1; 1; 0; 1; 0
8304; 16; 0; 0; 0,984253758211571; 0,984253758211571; 1; 0; 1; 0
8307; 2; 1; 0; 0,535477333277041; 0,464522666722959; 1; 0; 1; 0
8312; 10; 2; 0; 0,394389583112263; 0,291001477113166; 1; 0; 1; 0
8315; 2; 1; 0; 0,500376763702002; 0,499623236297998; 1; 0; 1; 0
8352; 2; 1; 0; 0,824645919713182; 0,175354080286818; 1; 0; 1; 0
8356; 2; 1; 0; 1; 0; 1; 0; 1; 0
8357; 10; 0; 0; 0,999530834962795; 0,999530834962795; 1; 0; 1; 0
8358; 19; 0; 0; 0,997666122230832; 0,997666122230832; 1; 0; 1; 0
8361; 20; 0; 0; 0,77619354273067; 0,77619354273067; 1; 0; 1; 0
8373; 10; 0; 0; 0,999998581617101; 0,999998581617101; 1; 0; 1; 0
8375; 10; 2; 0; 0,550536096963257; 0,0177798722578711; 1; 0; 1; 0
8376; 10; 0; 0; 0,999335891304125; 0,999335891304125; 1; 0; 1; 0
8381; 10; 0; 0; 1; 1; 1; 0; 1; 0
8408; 10; 0; 2; 0,63633572027095; 0,265994153265658; 0; 0; 0,332032239591889; 0,667967760408111
8413; 10; 0; 0; 1; 1; 1; 0; 1; 0
8419; 2; 0; 0; 1; 1; 1; 0; 1; 0
8436; 19; 0; 0; 1; 1; 1; 0; 1; 0
8445; 20; 0; 0; 1; 1; 1; 0; 1; 0
8451; 25; 7; 0; 0,273454779412933; 0,223543925331469; 1; 0; 1; 0
8462; 16; 0; 0; 1; 1; 1; 0; 1; 0
8483; 2; 1; 1; 0,747232890440783; 0,747232890440783; 0; 0; 0,500461757218196; 0,499538242781804
8512; 2; 0; 0; 0,976637152305444; 0,976637152305444; 1; 0; 1; 0
8530; 19; 0; 0; 0,999989438077061; 0,999989438077061; 1; 0; 1; 0
8550; 2; 1; 0; 0,618643840962112; 0,381356159037888; 1; 0; 1; 0
8554; 10; 0; 0; 1; 1; 1; 0; 1; 0
8565; 3; 2; 2; 0,668812370644044; 0,668812370644044; 0; 0; 0,249836158183357; 0,750163841816643
8608; 2; 0; 0; 0,981430744195602; 0,981430744195602; 1; 0; 1; 0
8609; 10; 0; 0; 0,999999460729071; 0,999999460729071; 1; 0; 1; 0
8623; 3; 2; 2; 0,634197595896605; 0,634197595896605; 0; 1; 0; 1
8625; 2; 0; 0; 0,957652855581126; 0,957652855581126; 1; 0; 1; 0
8627; 23; 0; 0; 0,904855988506555; 0,904855988506555; 1; 0; 1; 0
8641; 13; 0; 0; 0,994042789803999; 0,994042789803999; 1; 0; 1; 0
8661; 2; 1; 0; 0,909877796288752; 0,0901222037112482; 1; 0; 1; 0
8669; 16; 0; 0; 0,999950834251078; 0,999950834251078; 1; 0; 1; 0
8703; 2; 0; 0; 0,999995461131376; 0,999995461131376; 1; 0; 1; 0
8705; 2; 1; 0; 0,916337436669293; 0,0836625633307068; 1; 0; 1; 0
8713; 4; 0; 0; 0,98239406600981; 0,98239406600981; 1; 0; 1; 0
8736; 19; 0; 0; 0,984558311342447; 0,984558311342447; 1; 0; 1; 0
8754; 2; 0; 0; 0,999997092773325; 0,999997092773325; 1; 0; 1; 0
8762; 2; 1; 1; 0,533887814002089; 0,533887814002089; 0; 0; 0,333771566185375; 0,666228433814625
8771; 2; 1; 0; 0,660385284725783; 0,339614715274217; 1; 0; 1; 0
8796; 15; 0; 0; 0,806887597457678; 0,806887597457678; 1; 0; 1; 0
8800; 19; 0; 0; 1; 1; 1; 0; 1; 0
8801; 3; 2; 0; 0,606027483135601; 0,263382070525097; 1; 0; 1; 0
8803; 3; 1; 2; 0,425747664476902; 0,247104885143368; 0; 0; 0,334757627560464; 0,665242372439536
8815; 21; 0; 0; 0,998955894552228; 0,998955894552228; 1; 0; 1; 0
8822; 10; 0; 0; 0,995630052830269; 0,995630052830269; 1; 0; 1; 0
8823; 10; 0; 0; 1; 1; 1; 0; 1; 0
8824; 10; 0; 0; 0,999925519665094; 0,999925519665094; 1; 0; 1; 0
8831; 18; 0; 0; 0,996895303591093; 0,996895303591093; 1; 0; 1; 0
8856; 13; 0; 0; 0,999963606825378; 0,999963606825378; 1; 0; 1; 0
8865; 160; 0; 0; 0,999855911867666; 0,999855911867666; 1; 0; 1; 0
8886; 20; 0; 0; 0,999999672991153; 0,999999672991153; 1; 0; 1; 0
8902; 15; 0; 0; 0,999295898616122; 0,999295898616122; 1; 0; 1; 0
8903; 2; 1; 0; 0,95234648303139; 0,04765351696861; 1; 0; 1; 0
8909; 10; 0; 0; 0,999999299085875; 0,999999299085875; 1; 0; 1; 0
8922; 18; 0; 0; 0,98392249848274; 0,98392249848274; 1; 0; 1; 0
8926; 16; 2; 0; 0,331960420247606; 0,0296021536089747; 1; 0; 1; 0
8948; 2; 0; 0; 0,999999664285889; 0,999999664285889; 1; 0; 1; 0
8951; 10; 0; 0; 0,99873920099851; 0,99873920099851; 1; 0; 1; 0
8956; 19; 0; 0; 0,999724647421868; 0,999724647421868; 1; 0; 1; 0
8962; 3; 0; 1; 0,422329722878134; 0,353802566444384; 0; 0; 0,499214513767447; 0,500785486232553
8965; 10; 0; 0; 0,999985331010975; 0,999985331010975; 1; 0; 1; 0
8976; 2; 0; 1; 0,753847351122452; 0,246152648877548; 0; 1; 0; 1
8994; 2; 0; 0; 0,565933114250247; 0,565933114250247; 1; 0; 1; 0
9010; 2; 0; 1; 0,696548205138262; 0,303451794861738; 0; 0; 0,332596470775875; 0,667403529224125
9039; 10; 0; 0; 0,741090762945236; 0,741090762945236; 1; 0; 1; 0
9044; 2; 1; 1; 1; 1; 0; 1; 0; 1
9051; 20; 0; 0; 0,999647685773624; 0,999647685773624; 1; 0; 1; 0
9060; 22; 0; 0; 0,999523483069978; 0,999523483069978; 1; 0; 1; 0
9088; 18; 0; 0; 0,999340567763142; 0,999340567763142; 1; 0; 1; 0
9089; 2; 0; 0; 0,999986806180386; 0,999986806180386; 1; 0; 1; 0
9123; 10; 0; 0; 0,998005170560013; 0,998005170560013; 1; 0; 1; 0
9165; 2; 1; 1; 0,55590120481681; 0,55590120481681; 0; 1; 0; 1
9172; 3; 0; 2; 0,348500543797116; 0,345323079655424; 0; 0; 0,249822203064474; 0,750177796935526
9188; 2; 0; 1; 0,774486985840488; 0,225513014159512; 0; 1; 0; 1
9192; 10; 0; 0; 0,91206389969068; 0,91206389969068; 1; 0; 1; 0
9198; 10; 0; 0; 0,999999807100888; 0,999999807100888; 1; 0; 1; 0
9201; 18; 0; 0; 0,998171566111007; 0,998171566111007; 1; 0; 1; 0
9203; 13; 0; 0; 0,993767800673182; 0,993767800673182; 1; 0; 1; 0
9204; 10; 0; 2; 0,369380311419154; 0,332512484865822; 0; 0; 0,499743375414072; 0,500256624585928
9205; 10; 0; 0; 1; 1; 1; 0; 1; 0
9213; 10; 0; 0; 0,999998120439819; 0,999998120439819; 1; 0; 1; 0
9220; 18; 0; 0; 0,999999966096327; 0,999999966096327; 1; 0; 1; 0
9236; 19; 0; 0; 0,985299048863041; 0,985299048863041; 1; 0; 1; 0
9240; 13; 0; 0; 0,999945097850751; 0,999945097850751; 1; 0; 1; 0
9247; 18; 0; 0; 0,999613716416153; 0,999613716416153; 1; 0; 1; 0
9253; 4; 0; 1; 0,564364827791035; 0,407827207977408; 0; 0; 0,500296553284424; 0,499703446715576
9258; 19; 0; 0; 0,999997200510869; 0,999997200510869; 1; 0; 1; 0
9260; 10; 0; 0; 1; 1; 1; 0; 1; 0
9275; 16; 0; 0; 0,974282522393273; 0,974282522393273; 1; 0; 1; 0
9280; 2; 0; 1; 0,565605886585389; 0,434394113414611; 0; 1; 0; 1
9287; 16; 0; 0; 0,979304769156036; 0,979304769156036; 1; 0; 1; 0
9298; 20; 0; 0; 0,999985624925491; 0,999985624925491; 1; 0; 1; 0
9313; 13; 0; 0; 0,999956215951365; 0,999956215951365; 1; 0; 1; 0
9314; 19; 1; 2; 0,780899934348871; 0,15662956921329; 0; 1; 0; 1
9344; 2; 1; 1; 0,512070938582023; 0,512070938582023; 0; 0; 0,332651268006151; 0,667348731993848
9345; 16; 0; 0; 0,999540897527578; 0,999540897527578; 1; 0; 1; 0
9381; 10; 0; 0; 0,999999838971672; 0,999999838971672; 1; 0; 1; 0
9389; 2; 0; 0; 0,975101281554922; 0,975101281554922; 1; 0; 1; 0
9402; 10; 0; 0; 0,999932725079948; 0,999932725079948; 1; 0; 1; 0
9403; 13; 0; 0; 0,994042789803999; 0,994042789803999; 1; 0; 1; 0
9419; 2; 0; 1; 0,502835727878372; 0,497164272121628; 0; 1; 0; 1
9420; 13; 0; 0; 0,992562423274144; 0,992562423274144; 1; 0; 1; 0
9423; 2; 1; 1; 0,610602837214403; 0,610602837214403; 0; 0; 0,500338827293833; 0,499661172706167
9450; 16; 1; 0; 0,272434947263511; 0,0519178633159386; 1; 0; 1; 0
9451; 19; 0; 0; 0,992778213938177; 0,992778213938177; 1; 0; 1; 0
9456; 10; 0; 1; 0,519115907551493; 0,207452721110014; 0; 1; 0; 1
9460; 22; 0; 0; 0,999879692972488; 0,999879692972488; 1; 0; 1; 0
9469; 2; 0; 1; 0,813027209800175; 0,186972790199825; 0; 1; 0; 1
9486; 10; 0; 0; 0,999984807990166; 0,999984807990166; 1; 0; 1; 0
9495; 13; 0; 0; 0,996393988880932; 0,996393988880932; 1; 0; 1; 0
9526; 10; 0; 0; 0,99033533177805; 0,99033533177805; 1; 0; 1; 0
9527; 2; 0; 1; 0,502240508825328; 0,497759491174672; 0; 1; 0; 1
9533; 3; 1; 0; 0,691562471603256; 0,242066500039438; 1; 0; 1; 0
9560; 18; 0; 0; 0,999998774894665; 0,999998774894665; 1; 0; 1; 0
9591; 10; 0; 1; 0,438503447838915; 0,248369979435588; 0; 1; 0; 1
9614; 2; 0; 1; 0,590519128721335; 0,409480871278665; 0; 0; 0,333995352560381; 0,66600464743962
9615; 2; 1; 1; 0,704250794871043; 0,704250794871043; 0; 0; 0,332596470775875; 0,667403529224125
9619; 10; 0; 0; 0,991871165818965; 0,991871165818965; 1; 0; 1; 0
9620; 22; 0; 0; 0,98696686180311; 0,98696686180311; 1; 0; 1; 0
9633; 2; 1; 0; 0,739086161944399; 0,260913838055601; 1; 0; 1; 0
9636; 10; 0; 0; 0,998776585760776; 0,998776585760776; 1; 0; 1; 0
9671; 2; 0; 0; 0,995229844275874; 0,995229844275874; 1; 0; 1; 0
9705; 16; 0; 0; 0,997868079656206; 0,997868079656206; 1; 0; 1; 0
9726; 342; 0; 0; 0,99972179761145; 0,99972179761145; 1; 0; 1; 0
9756; 19; 0; 0; 0,638210710186; 0,638210710186; 1; 0; 1; 0
9764; 2; 0; 0; 0,5520597231242; 0,5520597231242; 1; 0; 1; 0
9773; 18; 0; 0; 0,99999988757937; 0,99999988757937; 1; 0; 1; 0
9774; 304; 0; 0; 0,801908735595184; 0,801908735595184; 1; 0; 1; 0
9778; 2; 1; 0; 0,603923726524452; 0,396076273475548; 1; 0; 1; 0
9807; 2; 1; 1; 0,500351960107355; 0,500351960107355; 0; 0; 0,334208340751588; 0,665791659248412
9813; 19; 0; 0; 0,987545064381562; 0,987545064381562; 1; 0; 1; 0
9826; 2; 1; 1; 0,563142515343958; 0,563142515343958; 0; 0; 0,332790223572103; 0,667209776427897
9834; 2; 0; 0; 0,576100236222027; 0,576100236222027; 1; 0; 1; 0
9835; 2; 1; 0; 0,533643116156502; 0,466356883843498; 1; 0; 1; 0
9841; 3; 2; 0; 0,890323828757498; 0,0666458076170766; 1; 0; 1; 0
9846; 2; 1; 1; 1; 1; 0; 0; 0,331599996738756; 0,668400003261244
9849; 2; 0; 0; 0,569733327333193; 0,569733327333193; 1; 0; 1; 0
9856; 19; 0; 0; 0,999987879291458; 0,999987879291458; 1; 0; 1; 0
9881; 17; 0; 0; 0,780990874047688; 0,780990874047688; 1; 0; 1; 0
9923; 13; 0; 0; 0,993767800673182; 0,993767800673182; 1; 0; 1; 0
9940; 2; 1; 0; 0,571333232287558; 0,428666767712442; 1; 0; 1; 0
9942; 19; 0; 0; 0,332958714043288; 0,332958714043288; 1; 0; 1; 0
9960; 2; 1; 0; 0,673839180267448; 0,326160819732552; 1; 0; 1; 0
9961; 18; 0; 0; 0,999996079447947; 0,999996079447947; 1; 0; 1; 0
9987; 19; 0; 0; 0,999997915182127; 0,999997915182127; 1; 0; 1; 0
9995; 10; 2; 0; 0,591467754693075; 0,26655037477474; 1; 0; 1; 0
10009; 2; 1; 0; 0,727364905444095; 0,272635094555905; 1; 0; 1; 0
10018; 2; 0; 1; 0,65207359235149; 0,34792640764851; 0; 1; 0; 1
10038; 2; 0; 0; 0,874908950528297; 0,874908950528297; 1; 0; 1; 0
10049; 19; 0; 0; 0,703172773196579; 0,703172773196579; 1; 0; 1; 0
10058; 2; 0; 1; 0,51785457324888; 0,48214542675112; 0; 0; 0,499610192640042; 0,500389807359958
10065; 10; 0; 0; 1; 1; 1; 0; 1; 0
10091; 19; 0; 0; 0,998684054611444; 0,998684054611444; 1; 0; 1; 0
10133; 2; 0; 0; 1; 1; 1; 0; 1; 0
10135; 2; 1; 0; 0,68142147705729; 0,31857852294271; 1; 0; 1; 0
10161; 10; 0; 0; 0,985675734752174; 0,985675734752174; 1; 0; 1; 0
10163; 2; 0; 0; 0,947815900883578; 0,947815900883578; 1; 0; 1; 0
10172; 10; 0; 0; 0,99955891881047; 0,99955891881047; 1; 0; 1; 0
10175; 2; 1; 0; 0,575445777943784; 0,424554222056216; 1; 0; 1; 0
10190; 10; 0; 0; 0,794832829576299; 0,794832829576299; 1; 0; 1; 0
10193; 10; 2; 0; 0,595639452026486; 0,261139150060735; 1; 0; 1; 0
10200; 10; 0; 2; 0,605322436644019; 0,0387240186998598; 0; 1; 0; 1
10201; 2; 1; 0; 0,552238974902237; 0,447761025097763; 1; 0; 1; 0
10202; 2; 1; 0; 0,511225945272269; 0,488774054727731; 1; 0; 1; 0
10203; 20; 0; 0; 0,996236405682682; 0,996236405682682; 1; 0; 1; 0
10216; 19; 0; 0; 0,999968378687991; 0,999968378687991; 1; 0; 1; 0
10223; 16; 0; 0; 0,999406776687981; 0,999406776687981; 1; 0; 1; 0
10233; 42; 0; 0; 0,988697991615086; 0,988697991615086; 1; 0; 1; 0
10236; 10; 0; 0; 0,999260982806834; 0,999260982806834; 1; 0; 1; 0
10237; 16; 0; 0; 0,978671944214214; 0,978671944214214; 1; 0; 1; 0
10240; 20; 0; 0; 0,999827039337729; 0,999827039337729; 1; 0; 1; 0
10249; 20; 0; 0; 0,984577035122636; 0,984577035122636; 1; 0; 1; 0
10251; 3; 1; 0; 0,438113565323993; 0,401210474110392; 1; 0; 1; 0
10269; 2; 1; 1; 0,907931483719192; 0,907931483719192; 0; 1; 0; 1
10309; 18; 0; 0; 0,999999087822926; 0,999999087822926; 1; 0; 1; 0
10314; 3; 1; 0; 0,596021050059218; 0,360920820560168; 1; 0; 1; 0
10333; 18; 0; 0; 0,999775745775933; 0,999775745775933; 1; 0; 1; 0
10362; 18; 0; 0; 1; 1; 1; 0; 1; 0
10363; 21; 0; 0; 0,999996653686305; 0,999996653686305; 1; 0; 1; 0
10384; 19; 0; 0; 0,999165673629491; 0,999165673629491; 1; 0; 1; 0
10385; 10; 0; 0; 0,998514382072179; 0,998514382072179; 1; 0; 1; 0
10411; 2; 0; 0; 0,999999787148088; 0,999999787148088; 1; 0; 1; 0
10414; 2; 0; 0; 0,585049126586908; 0,585049126586908; 1; 0; 1; 0
10440; 19; 0; 0; 0,999432512793703; 0,999432512793703; 1; 0; 1; 0
10453; 21; 0; 0; 0,999947770719808; 0,999947770719808; 1; 0; 1; 0
10457; 10; 0; 0; 0,999636368525538; 0,999636368525538; 1; 0; 1; 0
10508; 2; 0; 1; 0,563791791683314; 0,436208208316686; 0; 0; 0,333918879743881; 0,666081120256119
10526; 20; 0; 0; 0,981810601236037; 0,981810601236037; 1; 0; 1; 0
10528; 20; 0; 0; 0,999989208549405; 0,999989208549405; 1; 0; 1; 0
10558; 2; 1; 1; 0,651646313340892; 0,651646313340892; 0; 0; 0,332651268006151; 0,667348731993848
10575; 19; 0; 0; 0,999996171388748; 0,999996171388748; 1; 0; 1; 0
10579; 13; 0; 0; 0,994736239909184; 0,994736239909184; 1; 0; 1; 0
10598; 20; 0; 0; 0,969261866184905; 0,969261866184905; 1; 0; 1; 0
10602; 2; 0; 0; 0,999999936105107; 0,999999936105107; 1; 0; 1; 0
10609; 2; 1; 0; 0,51898074729996; 0,481019252700039; 1; 0; 1; 0
10614; 19; 0; 0; 0,98300710010626; 0,98300710010626; 1; 0; 1; 0
10618; 19; 0; 0; 0,999554338770731; 0,999554338770731; 1; 0; 1; 0
10641; 2; 0; 1; 0,535436767822941; 0,464563232177059; 0; 0; 0,249822203064474; 0,750177796935526
10645; 11; 2; 2; 0,48858681266474; 0,48858681266474; 0; 1; 0; 1
10651; 3; 1; 0; 0,453077071048998; 0,315394793582023; 1; 0; 1; 0
10661; 2; 0; 0; 0,528268487450888; 0,528268487450888; 1; 0; 1; 0
10662; 3; 2; 0; 0,793658797310832; 0,152399854045096; 1; 0; 1; 0
10675; 13; 0; 0; 0,999860858795083; 0,999860858795083; 1; 0; 1; 0
10678; 10; 0; 0; 0,734840936593543; 0,734840936593543; 1; 0; 1; 0
10687; 18; 0; 0; 1; 1; 1; 0; 1; 0
10694; 16; 0; 0; 0,810006164497663; 0,810006164497663; 1; 0; 1; 0
10699; 2; 1; 1; 0,564152021647789; 0,564152021647789; 0; 1; 0; 1
10706; 18; 0; 0; 0,999615691084045; 0,999615691084045; 1; 0; 1; 0
10709; 19; 2; 0; 0,482933978106024; 0,187249895433613; 1; 0; 1; 0
10767; 10; 1; 0; 0,534873013119399; 0,0955163059381994; 1; 0; 1; 0
10771; 10; 0; 0; 0,999972371977169; 0,999972371977169; 1; 0; 1; 0
10777; 2; 0; 0; 0,613527020829918; 0,613527020829918; 1; 0; 1; 0
10791; 16; 0; 0; 0,993121462149488; 0,993121462149488; 1; 0; 1; 0
10830; 2; 1; 0; 0,545745900381539; 0,454254099618461; 1; 0; 1; 0
10841; 20; 0; 0; 0,999573874697135; 0,999573874697135; 1; 0; 1; 0
10844; 19; 0; 0; 0,990983927430722; 0,990983927430722; 1; 0; 1; 0
10872; 13; 0; 0; 1; 1; 1; 0; 1; 0
10883; 13; 0; 0; 0,999964177664568; 0,999964177664568; 1; 0; 1; 0
10888; 2; 0; 0; 0,988654329384318; 0,988654329384318; 1; 0; 1; 0
10909; 16; 0; 0; 0,996543510774293; 0,996543510774293; 1; 0; 1; 0
10917; 10; 0; 0; 0,478417547823353; 0,478417547823353; 1; 0; 1; 0
10919; 21; 0; 0; 0,999866958808076; 0,999866958808076; 1; 0; 1; 0
10921; 2; 1; 1; 1; 1; 0; 1; 0; 1
10964; 15; 0; 0; 0,999818535608754; 0,999818535608754; 1; 0; 1; 0
10975; 10; 0; 0; 0,999892662111346; 0,999892662111346; 1; 0; 1; 0
10984; 19; 0; 0; 0,747000717210317; 0,747000717210317; 1; 0; 1; 0
10989; 10; 0; 0; 0,689849561638919; 0,689849561638919; 1; 0; 1; 0
11009; 2; 1; 1; 0,597790686595522; 0,597790686595522; 0; 0; 0,500338827293833; 0,499661172706167
11025; 11; 2; 0; 0,480394684367563; 0,335768091154941; 1; 0; 1; 0
11028; 18; 0; 0; 0,991339000004557; 0,991339000004557; 1; 0; 1; 0
11030; 2; 0; 0; 0,588333173374991; 0,588333173374991; 1; 0; 1; 0
11032; 2; 1; 0; 0,559148676995493; 0,440851323004507; 1; 0; 1; 0
11044; 20; 0; 0; 0,999941770562587; 0,999941770562587; 1; 0; 1; 0
11119; 19; 0; 0; 0,994950991105372; 0,994950991105372; 1; 0; 1; 0
11120; 2; 1; 0; 0,622532400111179; 0,377467599888821; 1; 0; 1; 0
11130; 10; 0; 0; 0,298003459714025; 0,298003459714025; 1; 0; 1; 0
11158; 2; 0; 0; 1; 1; 1; 0; 1; 0
11172; 20; 0; 0; 0,910022588289024; 0,910022588289024; 1; 0; 1; 0
11208; 10; 0; 1; 0,486033583242343; 0,276239941009394; 0; 1; 0; 1
11226; 2; 0; 1; 0,664936755397733; 0,335063244602267; 0; 1; 0; 1
11229; 2; 1; 1; 0,996700057308732; 0,996700057308732; 0; 1; 0; 1
11233; 21; 0; 0; 0,999997881870116; 0,999997881870116; 1; 0; 1; 0
11252; 10; 0; 0; 0,999932361437364; 0,999932361437364; 1; 0; 1; 0
11295; 20; 0; 0; 0,999422837737522; 0,999422837737522; 1; 0; 1; 0
11298; 2; 0; 0; 0,979656934091936; 0,979656934091936; 1; 0; 1; 0
11306; 2; 1; 1; 0,570651868735937; 0,570651868735937; 0; 0; 0,499214513767447; 0,500785486232553
11315; 2; 0; 0; 0,526105407263128; 0,526105407263128; 1; 0; 1; 0
11317; 2; 1; 0; 1; 0; 1; 0; 1; 0
11319; 16; 0; 0; 0,997028059811618; 0,997028059811618; 1; 0; 1; 0
11320; 16; 0; 0; 0,922841398495966; 0,922841398495966; 1; 0; 1; 0
11323; 23; 0; 0; 0,997340370817817; 0,997340370817817; 1; 0; 1; 0
11329; 19; 0; 0; 0,999984958884613; 0,999984958884613; 1; 0; 1; 0
11352; 19; 0; 0; 0,96334864768245; 0,96334864768245; 1; 0; 1; 0
11365; 17; 0; 0; 0,691729938446079; 0,691729938446079; 1; 0; 1; 0
11373; 22; 0; 0; 0,594654105084106; 0,594654105084106; 1; 0; 1; 0
11379; 10; 0; 0; 1; 1; 1; 0; 1; 0
11381; 20; 0; 0; 0,999953299884395; 0,999953299884395; 1; 0; 1; 0
11406; 19; 0; 0; 0,999817830724109; 0,999817830724109; 1; 0; 1; 0
11412; 2; 0; 0; 1; 1; 1; 0; 1; 0
11414; 2; 1; 0; 0,664620327171163; 0,335379672828837; 1; 0; 1; 0
11415; 18; 0; 0; 0,998856492911315; 0,998856492911315; 1; 0; 1; 0
11453; 19; 0; 0; 0,999996389966449; 0,999996389966449; 1; 0; 1; 0
11485; 20; 0; 0; 0,904894148310724; 0,904894148310724; 1; 0; 1; 0
11489; 10; 1; 1; 0,36693499021929; 0,36693499021929; 0; 1; 0; 1
11496; 10; 0; 2; 0,371005045436963; 0,302540245173928; 0; 0; 0,499743375414072; 0,500256624585928
11499; 2; 1; 0; 0,578374759444992; 0,421625240555008; 1; 0; 1; 0
11508; 2; 0; 1; 0,560435465491258; 0,439564534508742; 0; 0; 0,500338827293833; 0,499661172706167
11513; 17; 0; 0; 0,838061367813129; 0,838061367813129; 1; 0; 1; 0
11528; 10; 0; 0; 0,999858607706251; 0,999858607706251; 1; 0; 1; 0
11534; 13; 0; 0; 0,998320246692756; 0,998320246692756; 1; 0; 1; 0
11547; 13; 0; 0; 0,999991107892587; 0,999991107892587; 1; 0; 1; 0
11548; 13; 1; 0; 0,441856932757053; 0,427212412083907; 1; 0; 1; 0
11552; 10; 0; 0; 0,999982466208828; 0,999982466208828; 1; 0; 1; 0
11553; 2; 1; 1; 0,670342374267781; 0,670342374267781; 0; 1; 0; 1
11555; 19; 0; 0; 0,999802676371803; 0,999802676371803; 1; 0; 1; 0
11573; 2; 1; 1; 0,532033312215728; 0,532033312215728; 0; 1; 0; 1
11581; 2; 0; 0; 0,659105507818938; 0,659105507818938; 1; 0; 1; 0
11583; 10; 1; 0; 0,492201274110118; 0,172007128230127; 1; 0; 1; 0
11588; 2; 0; 0; 0,837344787167866; 0,837344787167866; 1; 0; 1; 0
11599; 2; 1; 0; 0,539487030324336; 0,460512969675664; 1; 0; 1; 0
11604; 10; 3; 0; 0,352880385863726; 0; 1; 0; 1; 0
11607; 2; 0; 0; 0,977006358565047; 0,977006358565047; 1; 0; 1; 0
11613; 4; 0; 1; 0,643140314621015; 0,079137386335165; 0; 0; 0,500337961834107; 0,499662038165893
11634; 10; 0; 0; 1; 1; 1; 0; 1; 0
11660; 10; 0; 0; 0,361500750543892; 0,361500750543892; 1; 0; 1; 0
11663; 2; 1; 0; 0,524129614433162; 0,475870385566838; 1; 0; 1; 0
11666; 13; 1; 0; 0,444319014654619; 0,419240912644964; 1; 0; 1; 0
11668; 15; 0; 0; 0,999992398265414; 0,999992398265414; 1; 0; 1; 0
11680; 11; 2; 0; 0,469008370996359; 0,345084126568001; 1; 0; 1; 0
11697; 2; 1; 0; 0,619803681721361; 0,380196318278639; 1; 0; 1; 0
11723; 19; 0; 0; 0,999984818654279; 0,999984818654279; 1; 0; 1; 0
11749; 10; 0; 0; 0,999956848542146; 0,999956848542146; 1; 0; 1; 0
11806; 2; 0; 1; 1; 0; 0; 0; 0,332790223572103; 0,667209776427897
11810; 13; 0; 0; 0,897182534641049; 0,897182534641049; 1; 0; 1; 0
11848; 2; 1; 1; 0,534101705450347; 0,534101705450347; 0; 1; 0; 1
11853; 2; 0; 1; 0,51641406366446; 0,48358593633554; 0; 0; 0,332651268006151; 0,667348731993848
11868; 10; 0; 0; 0,997677992322884; 0,997677992322884; 1; 0; 1; 0
11886; 13; 0; 0; 0,779823669158816; 0,779823669158816; 1; 0; 1; 0
11910; 2; 0; 1; 0,588333173374991; 0,411666826625009; 0; 0; 0,499743375414072; 0,500256624585928
11949; 17; 0; 0; 0,983942205627637; 0,983942205627637; 1; 0; 1; 0
11957; 2; 1; 0; 0,670342374267781; 0,329657625732219; 1; 0; 1; 0
11960; 2; 0; 0; 0,508078995259833; 0,508078995259833; 1; 0; 1; 0
11967; 10; 0; 0; 0,997546948042092; 0,997546948042092; 1; 0; 1; 0
11968; 10; 0; 0; 0,986297746418258; 0,986297746418258; 1; 0; 1; 0
11973; 2; 1; 1; 0,500000082922298; 0,500000082922298; 0; 0; 0,500338827293833; 0,499661172706167
11980; 10; 0; 0; 0,997242390513384; 0,997242390513384; 1; 0; 1; 0
11987; 2; 0; 0; 1; 1; 1; 0; 1; 0
12014; 19; 0; 0; 0,998978621909228; 0,998978621909228; 1; 0; 1; 0
12082; 18; 0; 0; 0,997545665566899; 0,997545665566899; 1; 0; 1; 0
12097; 3; 1; 1; 0,449558109175311; 0,449558109175311; 0; 0; 0,334208340751588; 0,665791659248412
12105; 2; 0; 0; 0,968862677948714; 0,968862677948714; 1; 0; 1; 0
12120; 20; 8; 0; 0,362833259255822; 0; 1; 0; 1; 0
12162; 380; 0; 0; 0,999832575762509; 0,999832575762509; 1; 0; 1; 0
12175; 11; 0; 2; 0,349941608101768; 0,318199361549035; 0; 0; 0,251375822415968; 0,748624177584032
12181; 15; 0; 0; 0,835361614502563; 0,835361614502563; 1; 0; 1; 0
12192; 2; 1; 1; 0,795398389364501; 0,795398389364501; 0; 1; 0; 1
12195; 10; 0; 0; 0,999960871049175; 0,999960871049175; 1; 0; 1; 0
12199; 10; 7; 0; 0,146782675960217; 0,136119499048401; 1; 0; 1; 0
12213; 2; 1; 1; 1; 1; 0; 1; 0; 1
12214; 2; 0; 0; 0,575470181652121; 0,575470181652121; 1; 0; 1; 0
12223; 2; 1; 1; 0,52666187723154; 0,52666187723154; 0; 0; 0,251075422376785; 0,748924577623215
12226; 2; 1; 0; 0,50232408487106; 0,49767591512894; 1; 0; 1; 0
12228; 2; 1; 1; 0,985943694634801; 0,985943694634801; 0; 0; 0,334791303513529; 0,665208696486471
12248; 20; 0; 0; 0,999999065018202; 0,999999065018202; 1; 0; 1; 0
12255; 22; 0; 0; 0,999682962131787; 0,999682962131787; 1; 0; 1; 0
12258; 19; 0; 0; 0,999969305199408; 0,999969305199408; 1; 0; 1; 0
12268; 13; 0; 0; 0,481548349654852; 0,481548349654852; 1; 0; 1; 0
12273; 2; 0; 0; 1; 1; 1; 0; 1; 0
12274; 16; 1; 0; 0,275257213821848; 0; 1; 0; 1; 0
12288; 10; 0; 0; 0,997012280294952; 0,997012280294952; 1; 0; 1; 0
12294; 2; 1; 1; 1; 1; 0; 0; 0,332651268006151; 0,667348731993848
12301; 2; 0; 0; 0,862995506650154; 0,862995506650154; 1; 0; 1; 0
12315; 2; 1; 1; 1; 1; 0; 0; 0,335144729630729; 0,664855270369271
12345; 3; 2; 2; 1; 1; 0; 0; 0,249836158183357; 0,750163841816643
12360; 10; 0; 0; 0,974793426937609; 0,974793426937609; 1; 0; 1; 0
12365; 342; 0; 0; 0,999864634267027; 0,999864634267027; 1; 0; 1; 0
12383; 3; 2; 2; 1; 1; 0; 0; 0,249836158183357; 0,750163841816643
12400; 16; 0; 0; 1; 1; 1; 0; 1; 0
12404; 10; 0; 0; 0,993633761170687; 0,993633761170687; 1; 0; 1; 0
12427; 2; 1; 1; 1; 1; 0; 0; 0,334832981070151; 0,665167018929849
12431; 19; 0; 0; 0,950676325118417; 0,950676325118417; 1; 0; 1; 0
12434; 23; 0; 0; 1; 1; 1; 0; 1; 0
12437; 10; 0; 0; 1; 1; 1; 0; 1; 0
12453; 16; 1; 0; 0,296116096076111; 0; 1; 0; 1; 0
12462; 32; 17; 16; 0,294194669143561; 0; 0; 0; 0,49919472412182; 0,500805275878179
12482; 15; 2; 0; 0,250261921481846; 0,0887241002671974; 1; 0; 1; 0
12486; 19; 0; 0; 0,512829408137592; 0,512829408137592; 1; 0; 1; 0
12489; 22; 0; 0; 0,972752805902209; 0,972752805902209; 1; 0; 1; 0
12513; 16; 0; 0; 0,999905921052358; 0,999905921052358; 1; 0; 1; 0
12514; 15; 0; 0; 0,93873260442536; 0,93873260442536; 1; 0; 1; 0
12535; 2; 1; 1; 0,974073434373648; 0,974073434373648; 0; 0; 0,251037880566943; 0,748962119433057
12541; 16; 0; 0; 0,997530641688509; 0,997530641688509; 1; 0; 1; 0
12551; 16; 0; 0; 0,99988720323453; 0,99988720323453; 1; 0; 1; 0
12562; 17; 0; 0; 0,288839411955689; 0,288839411955689; 1; 0; 1; 0
12568; 10; 0; 0; 0,999504782822793; 0,999504782822793; 1; 0; 1; 0
12574; 19; 1; 1; 0,803250693015816; 0,803250693015816; 0; 0; 0,249209571837016; 0,750790428162984
12579; 16; 0; 0; 0,997028059811618; 0,997028059811618; 1; 0; 1; 0
12595; 170; 0; 0; 0,620622636004887; 0,620622636004887; 1; 0; 1; 0
12625; 36; 0; 0; 1; 1; 1; 0; 1; 0
12642; 2; 1; 0; 0,551589408105511; 0,448410591894489; 1; 0; 1; 0
12643; 20; 0; 0; 0,989572804251834; 0,989572804251834; 1; 0; 1; 0
12648; 2; 1; 1; 1; 1; 0; 0; 0,334384756660017; 0,665615243339983
12670; 20; 1; 1; 0,47689582431063; 0,47689582431063; 0; 0; 0,500984484812199; 0,499015515187801
12685; 2; 1; 1; 0,666737031422116; 0,666737031422116; 0; 0; 0,501026641301289; 0,498973358698711
12726; 19; 1; 1; 0,657479090590561; 0,657479090590561; 0; 1; 0; 1
12758; 13; 3; 0; 0,246119457578101; 0,0220926895771453; 1; 0; 1; 0
12780; 342; 0; 0; 0,97427362847073; 0,97427362847073; 1; 0; 1; 0
12793; 2; 1; 1; 0,513924347386925; 0,513924347386925; 0; 0; 0,333365627246346; 0,666634372753654
12804; 2; 1; 1; 1; 1; 0; 0; 0,599288829618811; 0,400711170381189
12809; 10; 0; 0; 0,999720615682111; 0,999720615682111; 1; 0; 1; 0
12833; 32; 0; 0; 0,462149050609484; 0,462149050609484; 1; 0; 1; 0
12840; 19; 0; 0; 0,342090200569323; 0,342090200569323; 1; 0; 1; 0
12850; 2; 0; 0; 0,904922075287861; 0,904922075287861; 1; 0; 1; 0
12874; 17; 0; 0; 0,862208736672163; 0,862208736672163; 1; 0; 1; 0
12896; 2; 1; 0; 0,595415300116188; 0,404584699883812; 1; 0; 1; 0
12901; 19; 0; 0; 1; 1; 1; 0; 1; 0
12920; 21; 1; 0; 0,281559612235068; 0,0390372236880389; 1; 0; 1; 0
12940; 19; 0; 0; 0,999999999243583; 0,999999999243583; 1; 0; 1; 0
12963; 4; 0; 0; 0,814183633483055; 0,814183633483055; 1; 0; 1; 0
12986; 10; 1; 0; 0,320070947865616; 0,268791941385745; 1; 0; 1; 0
13000; 13; 1; 0; 0,322396339024269; 0; 1; 0; 1; 0
13026; 10; 0; 0; 0,999606710026246; 0,999606710026246; 1; 0; 1; 0
13029; 21; 0; 0; 0,995624571787718; 0,995624571787718; 1; 0; 1; 0
13047; 3; 0; 1; 0,418620847974316; 0,399204142176389; 0; 0; 0,334208340751588; 0,665791659248412
13049; 19; 0; 0; 0,999977882833552; 0,999977882833552; 1; 0; 1; 0
13055; 10; 2; 0; 0,4734902116165; 0,188653156592541; 1; 0; 1; 0
13058; 10; 0; 0; 0,996703710971026; 0,996703710971026; 1; 0; 1; 0
13075; 19; 0; 0; 0,999971932758293; 0,999971932758293; 1; 0; 1; 0
13091; 13; 0; 0; 0,807550186718933; 0,807550186718933; 1; 0; 1; 0
13097; 19; 0; 0; 0,999999864478696; 0,999999864478696; 1; 0; 1; 0
13099; 160; 0; 0; 0,932673577306322; 0,932673577306322; 1; 0; 1; 0
13150; 2; 0; 0; 0,999376385573252; 0,999376385573252; 1; 0; 1; 0
13151; 10; 1; 0; 0,583765436214699; 0,164155450238882; 1; 0; 1; 0
13191; 2; 1; 1; 1; 1; 0; 1; 0; 1
13212; 18; 0; 0; 0,999808154028588; 0,999808154028588; 1; 0; 1; 0
13216; 2; 0; 0; 1; 1; 1; 0; 1; 0
13219; 17; 3; 0; 0,249836047937114; 0; 1; 0; 1; 0
13236; 4; 2; 3; 1; 0; 0; 1; 0; 1
13237; 2; 1; 1; 1; 1; 0; 0; 0,334384756660017; 0,665615243339983
13246; 2; 1; 1; 1; 1; 0; 1; 0; 1
13267; 2; 0; 0; 1; 1; 1; 0; 1; 0
13301; 20; 0; 0; 0,925539752700363; 0,925539752700363; 1; 0; 1; 0
13312; 2; 1; 1; 1; 1; 0; 0; 0,3333415426568; 0,6666584573432
13325; 21; 0; 0; 0,999304452517158; 0,999304452517158; 1; 0; 1; 0
13346; 2; 1; 1; 1; 1; 0; 1; 0; 1
13357; 20; 0; 0; 0,959351861756275; 0,959351861756275; 1; 0; 1; 0
13363; 10; 0; 0; 0,999999839737385; 0,999999839737385; 1; 0; 1; 0
13373; 20; 3; 0; 0,45231396338465; 0,151683328814869; 1; 0; 1; 0
13378; 13; 0; 0; 0,800089327967699; 0,800089327967699; 1; 0; 1; 0
13400; 2; 1; 0; 0,569808010045168; 0,430191989954832; 1; 0; 1; 0
13405; 2; 0; 0; 0,567301015595658; 0,567301015595658; 1; 0; 1; 0
13415; 2; 0; 0; 1; 1; 1; 0; 1; 0
13430; 19; 0; 0; 0,994153810196473; 0,994153810196473; 1; 0; 1; 0
13441; 2; 1; 1; 1; 1; 0; 0; 0,500256624585928; 0,499743375414072
13497; 20; 0; 0; 0,518202701360396; 0,518202701360396; 1; 0; 1; 0
13503; 2; 1; 1; 0,587395669780793; 0,587395669780793; 0; 1; 0; 1
13504; 10; 0; 0; 1; 1; 1; 0; 1; 0
13523; 2; 1; 0; 0,759410988757879; 0,240589011242121; 1; 0; 1; 0
13525; 10; 0; 0; 0,999980639600996; 0,999980639600996; 1; 0; 1; 0
13571; 10; 0; 0; 0,98730524028397; 0,98730524028397; 1; 0; 1; 0
13583; 18; 0; 0; 0,999522755126226; 0,999522755126226; 1; 0; 1; 0
13586; 19; 0; 0; 0,999690492993002; 0,999690492993002; 1; 0; 1; 0
13597; 13; 0; 0; 0,998023800409038; 0,998023800409038; 1; 0; 1; 0
13612; 2; 0; 1; 0,915483618442252; 0,0845163815577483; 0; 1; 0; 1
13614; 2; 0; 0; 0,999110107458016; 0,999110107458016; 1; 0; 1; 0
13619; 21; 0; 0; 0,649405595366004; 0,649405595366004; 1; 0; 1; 0
13633; 2; 0; 0; 0,996747993207648; 0,996747993207648; 1; 0; 1; 0
13644; 19; 5; 0; 0,403760199498295; 0; 1; 0; 1; 0
13645; 2; 0; 1; 0,537345317709555; 0,462654682290445; 0; 1; 0; 1
13653; 20; 0; 0; 0,792481009084153; 0,792481009084153; 1; 0; 1; 0
13685; 10; 0; 0; 1; 1; 1; 0; 1; 0
13690; 16; 1; 0; 0,355111561615428; 0; 1; 0; 1; 0
13691; 2; 1; 0; 0,800955293636901; 0,199044706363099; 1; 0; 1; 0
13720; 19; 0; 0; 0,999999999958318; 0,999999999958318; 1; 0; 1; 0
13735; 20; 0; 0; 0,997217520759375; 0,997217520759375; 1; 0; 1; 0
13737; 10; 0; 0; 0,999700012144288; 0,999700012144288; 1; 0; 1; 0
13745; 2; 0; 1; 0,552060906381679; 0,447939093618321; 0; 0; 0,334208340751588; 0,665791659248412
13746; 19; 0; 0; 0,967163591746134; 0,967163591746134; 1; 0; 1; 0
13766; 19; 0; 0; 0,999563772731963; 0,999563772731963; 1; 0; 1; 0
13777; 17; 0; 0; 0,994455737398269; 0,994455737398269; 1; 0; 1; 0
13797; 16; 2; 0; 0,312145888619088; 0,00116888518343108; 1; 0; 1; 0
13803; 10; 0; 0; 1; 1; 1; 0; 1; 0
13823; 17; 0; 0; 0,995128652670178; 0,995128652670178; 1; 0; 1; 0
13848; 19; 0; 0; 0,996309706228491; 0,996309706228491; 1; 0; 1; 0
13879; 2; 1; 0; 0,524275337146336; 0,475724662853664; 1; 0; 1; 0
13880; 19; 0; 0; 0,999752886024355; 0,999752886024355; 1; 0; 1; 0
13894; 19; 0; 0; 0,999449145453996; 0,999449145453996; 1; 0; 1; 0
13897; 18; 0; 0; 0,999661437760177; 0,999661437760177; 1; 0; 1; 0
13904; 2; 1; 0; 0,523553224680882; 0,476446775319118; 1; 0; 1; 0
13905; 19; 3; 0; 0,417190810273573; 0,202136698605778; 1; 0; 1; 0
13927; 19; 0; 0; 0,973008687590298; 0,973008687590298; 1; 0; 1; 0
13947; 19; 0; 0; 0,998632762731438; 0,998632762731438; 1; 0; 1; 0
13951; 19; 0; 0; 0,594337932703459; 0,594337932703459; 1; 0; 1; 0
13974; 2; 0; 0; 0,837173430796126; 0,837173430796126; 1; 0; 1; 0
13996; 2; 0; 0; 0,706096447063272; 0,706096447063272; 1; 0; 1; 0
14020; 10; 0; 0; 0,998998170185451; 0,998998170185451; 1; 0; 1; 0
14022; 19; 0; 0; 0,999483046721878; 0,999483046721878; 1; 0; 1; 0
14029; 10; 3; 0; 0,312285551555891; 0; 1; 0; 1; 0
14032; 10; 2; 0; 0,55274428936741; 0,274398081560949; 1; 0; 1; 0
14036; 2; 1; 1; 0,989969365802471; 0,989969365802471; 0; 1; 0; 1
14040; 16; 0; 0; 0,983414534888008; 0,983414534888008; 1; 0; 1; 0
14059; 10; 3; 0; 0,104092696464167; 0,0631657318224957; 1; 0; 1; 0
14073; 2; 0; 0; 0,913582039109136; 0,913582039109136; 1; 0; 1; 0
14079; 18; 0; 0; 0,992029719764007; 0,992029719764007; 1; 0; 1; 0
14104; 10; 0; 0; 1; 1; 1; 0; 1; 0
14119; 19; 0; 0; 0,999956650364748; 0,999956650364748; 1; 0; 1; 0
14126; 19; 0; 0; 0,999010176781144; 0,999010176781144; 1; 0; 1; 0
14128; 32; 0; 16; 0,656165569728736; 0,342815649638553; 0; 0; 0,49919472412182; 0,500805275878179
14139; 18; 0; 0; 1; 1; 1; 0; 1; 0
14166; 18; 0; 0; 0,998420014489825; 0,998420014489825; 1; 0; 1; 0
14185; 3; 0; 0; 1; 1; 1; 0; 1; 0
14195; 10; 0; 0; 0,999998715583957; 0,999998715583957; 1; 0; 1; 0
14196; 3; 2; 1; 0,740080894182892; 0,164753393595863; 0; 0; 0,334208340751588; 0,665791659248412
14201; 16; 0; 0; 0,999893475825071; 0,999893475825071; 1; 0; 1; 0
14218; 20; 0; 0; 0,994092476505207; 0,994092476505207; 1; 0; 1; 0
14219; 19; 0; 0; 1; 1; 1; 0; 1; 0
14225; 20; 0; 0; 0,994092476505207; 0,994092476505207; 1; 0; 1; 0
14231; 20; 0; 0; 0,734453245027934; 0,734453245027934; 1; 0; 1; 0
14247; 160; 0; 0; 0,999995923012783; 0,999995923012783; 1; 0; 1; 0
14268; 2; 0; 0; 0,954236969628576; 0,954236969628576; 1; 0; 1; 0
14269; 3; 1; 0; 0,89632913402395; 0; 1; 0; 1; 0
14291; 10; 0; 0; 0,998998170185451; 0,998998170185451; 1; 0; 1; 0
14303; 2; 0; 0; 0,91501765140235; 0,91501765140235; 1; 0; 1; 0
14305; 2; 0; 0; 0,914674303984793; 0,914674303984793; 1; 0; 1; 0
14324; 10; 1; 1; 0,724375956480003; 0,724375956480003; 0; 0; 0,250770353395758; 0,749229646604242
14333; 16; 0; 0; 0,98833751530158; 0,98833751530158; 1; 0; 1; 0
14347; 16; 0; 0; 0,973681901846106; 0,973681901846106; 1; 0; 1; 0
14350; 2; 0; 0; 0,865869114791822; 0,865869114791822; 1; 0; 1; 0
14361; 20; 0; 0; 0,999985016359058; 0,999985016359058; 1; 0; 1; 0
14365; 19; 0; 0; 0,998944552365727; 0,998944552365727; 1; 0; 1; 0
14370; 19; 0; 0; 0,999963647544914; 0,999963647544914; 1; 0; 1; 0
14371; 11; 0; 0; 0,956306682633553; 0,956306682633553; 1; 0; 1; 0
14390; 23; 0; 2; 0,904539429894025; 0,0807911022287006; 0; 1; 0; 1
14392; 2; 0; 0; 0,997819153281253; 0,997819153281253; 1; 0; 1; 0
14417; 18; 0; 0; 0,999952394377978; 0,999952394377978; 1; 0; 1; 0
14427; 10; 0; 0; 0,999985111152289; 0,999985111152289; 1; 0; 1; 0
14431; 10; 0; 0; 1; 1; 1; 0; 1; 0
14444; 19; 0; 0; 1; 1; 1; 0; 1; 0
14445; 10; 0; 0; 0,999984536302193; 0,999984536302193; 1; 0; 1; 0
14455; 10; 0; 0; 0,965998010027473; 0,965998010027473; 1; 0; 1; 0
14463; 20; 0; 0; 0,999831861371689; 0,999831861371689; 1; 0; 1; 0
14468; 24; 4; 5; 0,663489924300455; 0,0205783960582728; 0; 1; 0; 1
14491; 16; 0; 0; 0,999875910127322; 0,999875910127322; 1; 0; 1; 0
14495; 2; 0; 1; 0,836269115758025; 0,163730884241975; 0; 0; 0,33305199406266; 0,66694800593734
14508; 2; 1; 1; 0,840075592803653; 0,840075592803653; 0; 0; 0,33305199406266; 0,66694800593734
14524; 19; 0; 0; 0,999999999956826; 0,999999999956826; 1; 0; 1; 0
14535; 20; 0; 0; 0,994611038890747; 0,994611038890747; 1; 0; 1; 0
14539; 19; 6; 0; 0,0537462569310902; 0,0325673752403757; 1; 0; 1; 0
14555; 2; 1; 1; 0,767071989595323; 0,767071989595323; 0; 0; 0,500256624585928; 0,499743375414072
14556; 10; 0; 0; 0,999975128482004; 0,999975128482004; 1; 0; 1; 0
14562; 2; 1; 1; 0,927852651247035; 0,927852651247035; 0; 1; 0; 1
14569; 21; 0; 0; 0,973704464685538; 0,973704464685538; 1; 0; 1; 0
14570; 22; 0; 0; 1; 1; 1; 0; 1; 0
14573; 2; 1; 0; 0,881603376366304; 0,118396623633696; 1; 0; 1; 0
14576; 2; 0; 1; 0,963462035019917; 0,036537964980083; 0; 0; 0,500296553284424; 0,499703446715576
14586; 10; 0; 2; 0,881096406142871; 0,0722184346287595; 0; 0; 0,500296553284424; 0,499703446715576
14609; 2; 1; 0; 0,848337135247722; 0,151662864752278; 1; 0; 1; 0
14618; 16; 0; 0; 0,999997515422873; 0,999997515422873; 1; 0; 1; 0
14625; 10; 2; 0; 0,685461038727482; 0,185940016075203; 1; 0; 1; 0
14634; 2; 0; 0; 0,901464562211199; 0,901464562211199; 1; 0; 1; 0
14637; 2; 1; 1; 0,618941550225298; 0,618941550225298; 0; 0; 0,332972855135825; 0,667027144864175
14642; 20; 0; 0; 0,999960975334602; 0,999960975334602; 1; 0; 1; 0
14649; 10; 0; 0; 1; 1; 1; 0; 1; 0
14650; 2; 0; 0; 1; 1; 1; 0; 1; 0
14656; 10; 0; 2; 0,952624888406171; 0,0194889457007907; 0; 0; 0,500296553284424; 0,499703446715576
14677; 20; 0; 0; 0,999876790457349; 0,999876790457349; 1; 0; 1; 0
14681; 10; 2; 0; 0,894136249111912; 0,0726658281002558; 1; 0; 1; 0
14682; 20; 0; 0; 1; 1; 1; 0; 1; 0
14702; 10; 0; 0; 1; 1; 1; 0; 1; 0
14706; 2; 1; 1; 0,935714872888497; 0,935714872888497; 0; 0; 0,499619597261387; 0,500380402738613
14719; 2; 0; 0; 0,677101816566889; 0,677101816566889; 1; 0; 1; 0
14721; 19; 0; 0; 0,999889474580171; 0,999889474580171; 1; 0; 1; 0
14724; 160; 0; 0; 0,999970250900314; 0,999970250900314; 1; 0; 1; 0
14811; 361; 0; 0; 0,999989593032643; 0,999989593032643; 1; 0; 1; 0
14826; 16; 0; 0; 0,997303730801507; 0,997303730801507; 1; 0; 1; 0
14827; 32; 24; 0; 0,0338143490704902; 0,0211203475316109; 1; 0; 1; 0
14830; 2; 1; 0; 0,640356951436678; 0,359643048563322; 1; 0; 1; 0
14833; 16; 0; 0; 1; 1; 1; 0; 1; 0
14834; 19; 0; 0; 0,949513673951139; 0,949513673951139; 1; 0; 1; 0
14852; 2; 0; 0; 0,749359442238953; 0,749359442238953; 1; 0; 1; 0
14858; 3; 2; 2; 0,822677310240234; 0,822677310240234; 0; 0; 0,249836158183357; 0,750163841816643
14867; 10; 1; 0; 0,530965057926839; 0,0860951129525665; 1; 0; 1; 0
14872; 16; 0; 0; 1; 1; 1; 0; 1; 0
14875; 10; 0; 0; 1; 1; 1; 0; 1; 0
14893; 10; 0; 0; 1; 1; 1; 0; 1; 0
14917; 2; 1; 1; 0,868224669236914; 0,868224669236914; 0; 0; 0,3333415426568; 0,6666584573432
14919; 10; 1; 0; 0,65881859357836; 0,256621802928017; 1; 0; 1; 0
14931; 2; 0; 0; 1; 1; 1; 0; 1; 0
14954; 25; 2; 3; 0,593964810524317; 0,0120072606470093; 0; 0; 0,599567055666355; 0,400432944333645
14955; 10; 0; 0; 1; 1; 1; 0; 1; 0
14958; 16; 2; 0; 1; 0; 1; 0; 1; 0
14972; 16; 0; 0; 0,982178894918731; 0,982178894918731; 1; 0; 1; 0
14973; 16; 0; 0; 1; 1; 1; 0; 1; 0
14978; 2; 1; 1; 0,65623642060227; 0,65623642060227; 0; 0; 0,49960009096743; 0,50039990903257
14980; 16; 0; 0; 1; 1; 1; 0; 1; 0
14991; 16; 0; 0; 1; 1; 1; 0; 1; 0
14996; 2; 0; 0; 0,641828959230557; 0,641828959230557; 1; 0; 1; 0
14998; 16; 0; 0; 1; 1; 1; 0; 1; 0
15010; 2; 1; 1; 0,553104674365453; 0,553104674365453; 0; 0; 0,333430975862548; 0,666569024137453
15018; 10; 0; 0; 1; 1; 1; 0; 1; 0
15032; 10; 0; 0; 1; 1; 1; 0; 1; 0
15038; 20; 0; 0; 1; 1; 1; 0; 1; 0
15041; 2; 0; 0; 1; 1; 1; 0; 1; 0
15050; 2; 1; 1; 0,699954662866802; 0,699954662866802; 0; 0; 0,249787733109149; 0,750212266890851
15056; 20; 0; 0; 1; 1; 1; 0; 1; 0
15057; 20; 0; 0; 1; 1; 1; 0; 1; 0
15078; 19; 0; 0; 0,99999323192158; 0,99999323192158; 1; 0; 1; 0
15083; 16; 0; 0; 1; 1; 1; 0; 1; 0
15102; 19; 0; 0; 1; 1; 1; 0; 1; 0
15115; 16; 2; 0; 1; 0; 1; 0; 1; 0
15134; 23; 2; 2; 0,999999681261359; 0,999999681261359; 0; 1; 0; 1
15142; 13; 0; 0; 1; 1; 1; 0; 1; 0
15165; 10; 0; 0; 1; 1; 1; 0; 1; 0
15168; 2; 0; 0; 1; 1; 1; 0; 1; 0
15169; 17; 0; 0; 1; 1; 1; 0; 1; 0
15185; 170; 0; 0; 1; 1; 1; 0; 1; 0
15187; 16; 0; 0; 1; 1; 1; 0; 1; 0
15194; 4; 0; 1; 0,519643141915794; 0,480356858084206; 0; 0; 0,500256624585928; 0,499743375414072
15213; 20; 2; 0; 1; 0; 1; 0; 1; 0
15216; 10; 0; 0; 1; 1; 1; 0; 1; 0
15224; 2; 1; 0; 0,672046220138415; 0,327953779861585; 1; 0; 1; 0
15226; 20; 0; 0; 1; 1; 1; 0; 1; 0
15239; 10; 0; 0; 1; 1; 1; 0; 1; 0
15254; 2; 1; 0; 0,622685612673698; 0,377314387326302; 1; 0; 1; 0
15261; 19; 2; 2; 0,993319524400235; 0,993319524400235; 0; 0; 0,250253057687106; 0,749746942312894
15272; 19; 0; 0; 0,999992265640545; 0,999992265640545; 1; 0; 1; 0
15283; 10; 0; 0; 1; 1; 1; 0; 1; 0
15284; 23; 0; 0; 1; 1; 1; 0; 1; 0
15286; 2; 1; 1; 0,693051267924006; 0,693051267924006; 0; 0; 0,248693709895991; 0,751306290104009
15287; 2; 0; 0; 0,770264086315992; 0,770264086315992; 1; 0; 1; 0
15295; 20; 0; 0; 1; 1; 1; 0; 1; 0
15299; 3; 2; 2; 0,415601391547147; 0,415601391547147; 0; 0; 0,249836158183357; 0,750163841816643
15311; 19; 0; 0; 1; 1; 1; 0; 1; 0
15350; 16; 2; 0; 1; 0; 1; 0; 1; 0
15385; 16; 0; 0; 1; 1; 1; 0; 1; 0
15393; 17; 2; 2; 0,424600120887063; 0,424600120887063; 0; 0; 0,250318178027965; 0,749681821972035
15419; 20; 0; 0; 1; 1; 1; 0; 1; 0
15430; 20; 0; 0; 1; 1; 1; 0; 1; 0
15432; 18; 0; 0; 0,999901453474328; 0,999901453474328; 1; 0; 1; 0
15454; 2; 0; 0; 0,745642737795008; 0,745642737795008; 1; 0; 1; 0
15456; 19; 0; 0; 1; 1; 1; 0; 1; 0
15458; 160; 0; 0; 1; 1; 1; 0; 1; 0
15462; 16; 0; 0; 1; 1; 1; 0; 1; 0
15466; 16; 0; 0; 1; 1; 1; 0; 1; 0
15478; 2; 1; 1; 1; 1; 0; 1; 0; 1
15485; 23; 0; 0; 1; 1; 1; 0; 1; 0
15505; 19; 0; 0; 0,949048374694064; 0,949048374694064; 1; 0; 1; 0
15507; 16; 1; 1; 0,325415763765897; 0,325415763765897; 0; 0; 0,499548856822914; 0,500451143177086
15511; 10; 0; 0; 0,999632722486681; 0,999632722486681; 1; 0; 1; 0
15514; 10; 0; 0; 0,999998524971234; 0,999998524971234; 1; 0; 1; 0
15522; 2; 1; 0; 0,585674324238768; 0,414325675761233; 1; 0; 1; 0
15530; 16; 0; 0; 1; 1; 1; 0; 1; 0
15531; 19; 0; 0; 1; 1; 1; 0; 1; 0
15546; 10; 0; 0; 1; 1; 1; 0; 1; 0
15554; 18; 9; 0; 0,0564870364007877; 0,0397203811866091; 1; 0; 1; 0
15562; 3; 2; 2; 0,777787802555102; 0,777787802555102; 0; 0; 0,249836158183357; 0,750163841816643
15574; 2; 1; 1; 1; 1; 0; 1; 0; 1
15580; 2; 1; 1; 1; 1; 0; 1; 0; 1
15587; 10; 0; 0; 0,997878866668498; 0,997878866668498; 1; 0; 1; 0
15594; 19; 0; 0; 0,980238657821495; 0,980238657821495; 1; 0; 1; 0
15602; 2; 1; 0; 0,712860478902184; 0,287139521097816; 1; 0; 1; 0
15620; 20; 0; 0; 1; 1; 1; 0; 1; 0
15622; 20; 0; 0; 0,999998498483049; 0,999998498483049; 1; 0; 1; 0
15630; 3; 2; 0; 0,475889597122357; 0,351922693266001; 1; 0; 1; 0
15641; 16; 0; 0; 1; 1; 1; 0; 1; 0
15659; 10; 0; 2; 0,410626548385233; 0,312073482681536; 0; 0; 0,334384756660017; 0,665615243339983
15671; 16; 0; 0; 1; 1; 1; 0; 1; 0
15683; 16; 0; 0; 1; 1; 1; 0; 1; 0
15686; 10; 0; 0; 1; 1; 1; 0; 1; 0
15689; 2; 0; 1; 1; 0; 0; 0; 0,332032239591889; 0,667967760408111
15703; 160; 0; 0; 1; 1; 1; 0; 1; 0
15707; 10; 0; 0; 1; 1; 1; 0; 1; 0
15718; 2; 0; 0; 1; 1; 1; 0; 1; 0
15726; 19; 0; 0; 0,999650054178523; 0,999650054178523; 1; 0; 1; 0
15736; 2; 0; 0; 1; 1; 1; 0; 1; 0
15740; 2; 1; 1; 0,702992858006683; 0,702992858006683; 0; 1; 0; 1
15750; 2; 0; 1; 0,725896107940624; 0,274103892059376; 0; 0; 0,500338827293833; 0,499661172706167
15754; 10; 0; 0; 1; 1; 1; 0; 1; 0
15759; 19; 0; 0; 1; 1; 1; 0; 1; 0
15772; 19; 2; 0; 0,510484184866381; 0,205165804429461; 1; 0; 1; 0
15773; 19; 0; 0; 1; 1; 1; 0; 1; 0
15776; 19; 0; 0; 0,992252632183495; 0,992252632183495; 1; 0; 1; 0
15798; 2; 0; 0; 1; 1; 1; 0; 1; 0
15810; 32; 16; 16; 0,774107148347236; 0,774107148347236; 0; 0; 0,49919472412182; 0,500805275878179
15815; 2; 1; 1; 0,697410989998137; 0,697410989998137; 0; 1; 0; 1
15819; 2; 0; 0; 0,725896107940624; 0,725896107940624; 1; 0; 1; 0
15830; 23; 0; 0; 1; 1; 1; 0; 1; 0
15831; 19; 2; 1; 0,832683918711413; 0,159872383822023; 0; 1; 0; 1
15840; 10; 0; 0; 0,999486859057189; 0,999486859057189; 1; 0; 1; 0
15850; 2; 1; 1; 0,799376238290738; 0,799376238290738; 0; 1; 0; 1
15865; 19; 0; 0; 1; 1; 1; 0; 1; 0
15875; 16; 0; 0; 0,711669598863152; 0,711669598863152; 1; 0; 1; 0
15900; 16; 0; 0; 1; 1; 1; 0; 1; 0
