MAC; alternativas; MasProb; Elección; MaxProb; ElecProb; velocidad
21; 2; 0; 0; 1; 1; 14,0261431922664
32; 10; 0; 0; 1; 1; 11,2809050151125
46; 10; 0; 0; 1; 1; 11,2665342791721
54; 10; 0; 0; 1; 1; 6,27811334125051
68; 19; 0; 0; 1; 1; 9,42637634920573
70; 16; 0; 0; 1; 1; 14,0990981810611
77; 16; 0; 0; 1; 1; 5,63963927242444
98; 2; 0; 0; 1; 1; 4,01983843503138
113; 10; 0; 0; 1; 1; 8,0577892965089
158; 2; 0; 0; 1; 1; 8,42020344544312
176; 10; 1; 0; 1; 0; 8,44782127273656
191; 10; 0; 0; 1; 1; 9,35516627376719
213; 2; 0; 0; 1; 1; 4,68981150753662
231; 10; 0; 0; 1; 1; 5,13663818829587
244; 10; 0; 0; 1; 1; 9,41717001187576
273; 19; 0; 0; 1; 1; 5,65582580952344
281; 11; 0; 0; 1; 1; 4,00941393917601
302; 3; 1; 0; 0,333333333333333; 0,333333333333333; 9,38527357450115
321; 17; 0; 0; 1; 1; 6,24496312394683
321; 10; 0; 0; 1; 1; 11,2809050151125
340; 19; 0; 0; 1; 1; 11,2763014683212
352; 10; 2; 0; 1; 0; 6,03928241616025
358; 2; 1; 0; 1; 0; 7,65473040494829
362; 2; 0; 0; 0,5; 0,5; 8,02733356117959
363; 20; 0; 0; 1; 1; 14,0886266508131
365; 21; 0; 0; 1; 1; 7,98998492008638
379; 16; 0; 0; 1; 1; 11,2128235288417
379; 2; 0; 0; 1; 1; 7,03006814715048
402; 16; 0; 0; 1; 1; 18,7775571319412
412; 16; 0; 0; 1; 1; 11,2128235288417
468; 2; 1; 0; 1; 0; 4,69017331851084
498; 2; 1; 0; 1; 0; 9,37962301507323
503; 2; 1; 0; 1; 0; 4,01366678058979
510; 18; 0; 0; 1; 1; 7,03173696477135
528; 20; 0; 0; 1; 1; 7,05156359990031
543; 10; 0; 0; 1; 1; 8,07186001017923
546; 18; 0; 0; 1; 1; 6,98856855717409
555; 2; 1; 0; 1; 0; 4,00180962368914
615; 2; 0; 0; 1; 1; 11,2209145538131
620; 3; 1; 0; 1; 0; 8,66056665018511
630; 16; 0; 0; 1; 1; 11,2128235288417
630; 10; 0; 0; 1; 1; 11,2809050151125
647; 2; 0; 0; 1; 1; 8,02733356117959
671; 2; 0; 0; 1; 1; 6,24253821842544
673; 11; 2; 0; 1; 0; 10,524711590337
679; 16; 0; 0; 1; 1; 8,00915966345835
679; 2; 1; 0; 0,5; 0,5; 4,32619578286184
692; 19; 1; 0; 1; 0; 7,02512183115526
718; 2; 0; 0; 1; 1; 11,2763014685775
730; 10; 0; 0; 1; 1; 7,0515635999003
794; 11; 1; 0; 1; 0; 6,47674559405356
825; 19; 0; 0; 1; 1; 9,35392291611798
827; 10; 0; 0; 1; 1; 14,1031271998006
828; 22; 0; 0; 1; 1; 12,0024392296373
830; 16; 0; 0; 1; 1; 9,34401960736808
844; 19; 0; 0; 1; 1; 9,34951999585899
881; 3; 0; 0; 1; 1; 9,38228053770054
882; 2; 0; 0; 1; 1; 6,24356899160744
919; 10; 0; 0; 1; 1; 8,0577892965089
923; 2; 1; 0; 1; 0; 5,61346896362875
935; 2; 0; 0; 1; 1; 8,05450104898394
987; 11; 2; 0; 1; 0; 6,01412090876402
991; 19; 0; 0; 1; 1; 8,07975115646205
1007; 20; 0; 0; 1; 1; 9,39241776720872
1015; 13; 0; 0; 1; 1; 11,3116516190217
1018; 3; 0; 0; 1; 1; 5,6206046436487
1051; 2; 0; 0; 1; 1; 4,69017331851084
1092; 2; 0; 0; 1; 1; 6,22503719240532
1093; 16; 0; 0; 1; 1; 11,2202161850407
1098; 10; 0; 0; 1; 1; 11,2809050151125
1102; 16; 0; 0; 1; 1; 9,35018015420054
1111; 10; 2; 0; 1; 0; 5,63666358841623
1127; 16; 0; 0; 1; 1; 9,35018015420054
1138; 10; 0; 0; 1; 1; 5,60981746005197
1155; 2; 0; 0; 1; 1; 6,47707957341778
1183; 2; 0; 0; 1; 1; 6,24800874209192
1224; 2; 0; 0; 1; 1; 14,0705199555325
1250; 20; 0; 0; 1; 1; 11,2709013206505
1267; 20; 0; 0; 1; 1; 8,07334044259562
1271; 2; 0; 0; 1; 1; 11,2689070200935
1273; 19; 0; 0; 1; 1; 7,06978226190429
1281; 19; 0; 0; 1; 1; 7,04768841770077
1315; 20; 0; 0; 1; 1; 9,39241776720872
1329; 17; 0; 0; 1; 1; 7,02558351444018
1331; 18; 0; 0; 1; 1; 13,9771371143482
1338; 16; 0; 0; 1; 1; 5,12694479311313
1342; 16; 0; 0; 1; 1; 11,2665342791647
1347; 11; 2; 0; 1; 0; 7,01647439355802
1354; 19; 0; 0; 1; 1; 11,1859736324442
1370; 16; 0; 0; 1; 1; 11,2202161850407
1370; 10; 0; 0; 1; 1; 14,0831678489652
1376; 2; 0; 0; 1; 1; 14,0953768357219
1380; 16; 0; 0; 1; 1; 9,35018015420054
1380; 2; 0; 0; 1; 1; 4,32939075554846
1431; 18; 0; 0; 1; 1; 7,04660407849692
1438; 2; 1; 0; 0,5; 0,5; 3,50336252376883
1471; 2; 1; 0; 1; 0; 12,0528715954319
1474; 19; 0; 0; 1; 1; 8,07975115646205
1478; 20; 0; 0; 1; 1; 6,22005108177243
1484; 20; 0; 0; 1; 1; 7,04431332540654
1495; 10; 0; 0; 1; 1; 5,13663818829587
1527; 10; 0; 0; 1; 1; 11,212224664152
1573; 16; 0; 0; 1; 1; 7,01263511565041
1576; 16; 0; 0; 1; 1; 6,23345343613369
1576; 2; 0; 0; 1; 1; 4,32939075554846
1581; 19; 0; 0; 1; 1; 4,6747599979295
1587; 19; 0; 0; 1; 1; 7,69397085143373
1588; 20; 0; 0; 1; 1; 7,69261483625488
1597; 19; 0; 0; 1; 1; 9,34951999585899
1607; 19; 0; 0; 1; 1; 8,03847984507575
1611; 19; 0; 0; 1; 1; 6,23301333057266
1618; 20; 0; 0; 1; 1; 6,23159404235021
1624; 19; 0; 0; 1; 1; 9,32164469370353
1649; 23; 0; 0; 1; 1; 7,69376746080626
1650; 2; 0; 0; 1; 1; 5,09580003457285
1675; 11; 0; 0; 1; 1; 9,3552991914107
1676; 2; 0; 0; 1; 1; 9,35076212817762
1687; 2; 0; 0; 1; 1; 4,69537792503896
1688; 19; 0; 0; 1; 1; 11,2194239950308
1691; 23; 0; 0; 1; 1; 8,46314420688689
1692; 2; 0; 0; 1; 1; 5,12559157662614
1703; 24; 4; 0; 1; 0; 5,3534947210968
1753; 3; 0; 0; 1; 1; 5,27868570987221
1770; 2; 0; 0; 1; 1; 3,30541887790982
1800; 2; 0; 0; 1; 1; 4,3235420334769
1800; 2; 0; 0; 1; 1; 9,38034663702167
1803; 2; 0; 0; 1; 1; 7,03525997776626
1808; 3; 0; 0; 1; 1; 8,66056665018511
1809; 23; 0; 0; 1; 1; 9,40349356320765
1811; 3; 2; 0; 1; 0; 7,50582443016043
1813; 2; 1; 0; 1; 0; 6,47628517339648
1842; 2; 1; 0; 1; 0; 5,25985156742805
1875; 16; 0; 0; 1; 1; 8,01444013217189
1875; 2; 0; 0; 1; 1; 7,04306688755844
1883; 2; 0; 0; 1; 1; 6,24356899160744
1954; 21; 0; 0; 1; 1; 11,1859788881209
1965; 2; 1; 0; 1; 0; 5,1083031752961
1980; 20; 0; 0; 1; 1; 18,8377943660565
1984; 15; 0; 0; 1; 1; 6,25170573476092
1997; 2; 1; 0; 1; 0; 4,32905677618765
2008; 23; 0; 0; 1; 1; 10,5789302586086
2031; 19; 0; 0; 1; 1; 7,69397085143373
2032; 2; 0; 0; 1; 1; 3,51142774786431
2033; 2; 0; 0; 1; 1; 4,31183079848472
2041; 20; 0; 0; 1; 1; 8,01120497311003
2059; 2; 1; 0; 1; 0; 5,61050833858992
2102; 10; 0; 0; 1; 1; 13,9813837515407
2122; 10; 0; 0; 1; 1; 11,1840738443303
2126; 10; 0; 0; 1; 1; 11,2809050151125
2136; 13; 0; 0; 1; 1; 8,0797511564441
2145; 20; 0; 0; 1; 1; 7,01054329764399
2163; 2; 1; 0; 1; 0; 4,32905677618765
2187; 2; 1; 0; 1; 0; 4,00384288430724
2190; 2; 1; 0; 1; 0; 4,69017331851084
2199; 19; 0; 0; 1; 1; 4,6747599979295
2233; 10; 0; 0; 1; 1; 7,04158392448259
2234; 2; 1; 0; 1; 0; 6,24348165869524
2246; 10; 1; 0; 1; 0; 6,47286630005997
2267; 2; 1; 0; 1; 0; 5,1083031752961
2278; 2; 1; 0; 1; 0; 7,01597560451285
2283; 2; 1; 0; 1; 0; 7,01597560451285
2294; 19; 0; 0; 1; 1; 5,08453346929284
2299; 16; 0; 0; 1; 1; 11,2128235288417
2300; 19; 2; 0; 1; 0; 4,66589111720736
2310; 20; 0; 0; 1; 1; 11,215686962354
2329; 23; 0; 0; 1; 1; 7,69376746080626
2423; 19; 0; 0; 1; 1; 4,6944967701438
2442; 20; 0; 0; 1; 1; 11,3026766196339
2453; 10; 2; 0; 1; 0; 4,97352669566138
2456; 2; 0; 0; 1; 1; 3,83429087212697
2478; 19; 0; 0; 1; 1; 11,2763014683212
2496; 16; 0; 0; 1; 1; 11,2792785448489
2498; 19; 0; 0; 1; 1; 5,09973817955945
2514; 16; 0; 0; 1; 1; 9,34401960736808
2514; 10; 0; 0; 1; 1; 11,2809050151125
2516; 19; 0; 0; 1; 1; 4,31516307501184
2518; 2; 0; 0; 0,5; 0,5; 3,52153344377922
2519; 2; 1; 0; 1; 0; 6,22393001913003
2531; 23; 0; 0; 1; 1; 7,69376746080626
2532; 25; 3; 0; 1; 0; 6,69248703919827
2536; 19; 1; 0; 1; 0; 6,48472784414331
2542; 2; 1; 0; 1; 0; 7,0131354232374
2553; 2; 0; 0; 1; 1; 11,2763014685775
2571; 19; 0; 0; 1; 1; 8,07975115646205
2626; 17; 1; 0; 1; 0; 5,34495082317091
2627; 3; 0; 0; 1; 1; 6,03339015503646
2657; 10; 0; 0; 1; 1; 6,99069187577033
2663; 19; 1; 0; 1; 0; 5,92309041216108
2708; 2; 0; 0; 1; 1; 5,09580003457285
2738; 2; 0; 0; 1; 1; 6,24511627057775
2760; 19; 0; 0; 1; 1; 11,2194239950308
2762; 20; 0; 0; 1; 1; 7,06417288727117
2766; 11; 1; 0; 1; 0; 10,524711590337
2766; 2; 0; 0; 1; 1; 11,2689070200935
2801; 2; 1; 0; 1; 0; 7,03525997776626
2814; 2; 1; 0; 1; 0; 5,26262715340195
2832; 19; 0; 0; 1; 1; 6,25215099061447
2856; 2; 0; 0; 1; 1; 14,0953768357219
2858; 16; 0; 0; 1; 1; 14,0160294110521
2872; 10; 0; 0; 1; 1; 5,92748806267931
2875; 20; 0; 0; 1; 1; 9,39241776720872
2883; 20; 0; 0; 1; 1; 9,39241776720872
2898; 19; 0; 0; 1; 1; 6,28425089947048
2911; 2; 0; 0; 1; 1; 7,04306688755844
2921; 2; 1; 0; 1; 0; 5,6192120924467
2922; 19; 1; 0; 1; 0; 7,63509455543023
2931; 2; 1; 0; 1; 0; 4,32619578286184
2936; 10; 0; 0; 1; 1; 9,41717001187576
2945; 2; 1; 0; 1; 0; 6,47665357414358
2952; 19; 0; 0; 1; 1; 7,50258118873737
2957; 19; 0; 0; 1; 1; 7,03737643804431
2973; 2; 1; 0; 1; 0; 3,74880524525515
2992; 2; 1; 0; 1; 0; 5,61309976425777
3018; 2; 1; 0; 1; 0; 7,01597560451285
3053; 10; 0; 0; 1; 1; 9,38877856597679
3060; 2; 0; 0; 1; 1; 11,2689070200935
3063; 2; 1; 0; 1; 0; 7,02575580439997
3063; 2; 1; 0; 1; 0; 6,0253142276281
3081; 10; 0; 0; 1; 1; 11,2665342791721
3082; 19; 0; 0; 1; 1; 5,14165982683949
3103; 2; 1; 0; 1; 0; 9,34725681610777
3121; 2; 1; 0; 1; 0; 10,5600997620791
3129; 16; 0; 0; 1; 1; 11,2792785448489
3135; 2; 1; 0; 1; 0; 4,68671209810032
3152; 19; 0; 0; 1; 1; 8,07975115646205
3160; 19; 0; 0; 1; 1; 4,31516307501184
3169; 10; 0; 0; 1; 1; 9,40208479986707
3196; 10; 0; 0; 1; 1; 7,04158392448259
3212; 23; 0; 0; 1; 1; 14,1052403448115
3214; 2; 1; 0; 1; 0; 5,62320786788273
3220; 10; 0; 0; 1; 1; 12,0048119551263
3225; 2; 0; 0; 1; 1; 5,60253347316479
3229; 11; 0; 0; 1; 1; 9,3552991914107
3275; 10; 0; 0; 1; 1; 9,38877856597679
3292; 2; 1; 0; 1; 0; 4,69017331851084
3321; 16; 0; 0; 1; 1; 5,12694479311313
3327; 3; 0; 0; 1; 1; 7,03895518087587
3336; 2; 0; 0; 1; 1; 4,21440201570333
3347; 19; 0; 0; 1; 1; 11,2763014683212
3354; 19; 0; 0; 1; 1; 11,2763014683212
3359; 2; 0; 0; 1; 1; 5,11655271110273
3366; 2; 0; 0; 1; 1; 6,24253821842544
3395; 3; 1; 0; 1; 0; 7,50582443016043
3402; 19; 0; 0; 1; 1; 5,09973817955945
3409; 10; 0; 0; 1; 1; 8,42091445922846
3420; 2; 1; 0; 1; 0; 7,65069318898626
3435; 2; 1; 0; 1; 0; 5,628207982213
3440; 19; 0; 0; 1; 1; 5,59298681622212
3469; 18; 0; 0; 1; 1; 5,62405451771657
3472; 18; 0; 0; 1; 1; 11,1817096914785
3475; 2; 0; 0; 1; 1; 4,69537792503896
3477; 13; 0; 0; 1; 1; 14,1395645237772
3484; 19; 0; 0; 1; 1; 5,6097119975154
3512; 2; 0; 0; 0,5; 0,5; 4,01657704848766
3539; 19; 0; 0; 1; 1; 8,07975115646205
3567; 16; 0; 0; 1; 1; 9,39939878737407
3570; 20; 0; 0; 1; 1; 14,0886266508131
3578; 15; 0; 0; 1; 1; 5,62653516128482
3594; 19; 0; 0; 1; 1; 8,07975115646205
3600; 19; 0; 0; 1; 1; 8,07975115646205
3604; 10; 2; 0; 1; 0; 6,62483959946511
3648; 2; 0; 0; 1; 1; 4,68190366381908
3657; 2; 0; 0; 1; 1; 5,60153701721702
3676; 18; 0; 0; 1; 1; 11,1817096914785
3695; 10; 0; 0; 1; 1; 7,98936214373752
3697; 20; 0; 0; 1; 1; 9,3464058019617
3769; 2; 0; 0; 1; 1; 4,32939075554846
3771; 2; 0; 0; 0,5; 0,5; 3,7350223154432
3783; 18; 0; 0; 1; 1; 6,2120609397103
3790; 2; 1; 0; 1; 0; 4,00180962368914
3806; 2; 1; 0; 1; 0; 3,74608899521714
3809; 17; 0; 0; 1; 1; 8,02923830221735
3817; 2; 0; 0; 1; 1; 6,25308201004882
3817; 2; 0; 0; 1; 1; 7,04306688755844
3824; 10; 0; 0; 1; 1; 6,25679295505038
3843; 16; 0; 0; 1; 1; 11,2792785448489
3846; 20; 0; 0; 1; 1; 7,05156359990031
3849; 19; 0; 0; 1; 1; 4,31516307501184
3875; 10; 0; 0; 1; 1; 14,0831678489652
3951; 20; 0; 0; 1; 1; 11,215686962354
3958; 19; 0; 0; 1; 1; 5,09973817955945
3964; 16; 0; 0; 1; 1; 11,2202161850407
3970; 2; 0; 0; 1; 1; 7,65932963892381
3977; 2; 0; 0; 1; 1; 4,32619578286184
3984; 10; 0; 0; 1; 1; 8,07186001017923
3997; 10; 0; 0; 1; 1; 8,46187631988036
4017; 2; 0; 0; 1; 1; 8,02943520502854
4032; 21; 0; 0; 1; 1; 5,59298944406047
4044; 10; 0; 0; 1; 1; 8,46187631988036
4047; 2; 1; 0; 0,5; 0,5; 4,32905677618765
4055; 20; 0; 0; 1; 1; 11,2709013206505
4069; 23; 0; 0; 1; 1; 12,0902060098384
4083; 19; 0; 0; 1; 1; 7,69397085143373
4108; 2; 0; 0; 1; 1; 5,09580003457285
4124; 18; 0; 0; 1; 1; 11,1817096914785
4125; 10; 0; 0; 1; 1; 6,26716945284026
4136; 19; 0; 0; 1; 1; 6,21442979580235
4138; 19; 0; 0; 1; 1; 9,34951999585899
4144; 16; 0; 0; 1; 1; 9,35018015420054
4144; 10; 0; 0; 1; 1; 11,2665342791721
4147; 23; 0; 0; 1; 1; 8,46314420688689
4193; 16; 0; 0; 1; 1; 11,2128235288417
4225; 2; 1; 0; 1; 0; 3,74706976234665
4225; 2; 1; 0; 1; 0; 5,628207982213
4234; 2; 0; 0; 1; 1; 11,2763014685775
4242; 2; 1; 0; 1; 0; 6,47707957341778
4245; 11; 0; 0; 1; 1; 7,6543357020633
4278; 10; 0; 0; 1; 1; 8,07186001017923
4311; 10; 0; 0; 1; 1; 5,12115194507825
4317; 20; 0; 0; 1; 1; 7,04431332540654
4335; 16; 0; 0; 1; 1; 11,2128235288417
4341; 2; 1; 0; 1; 0; 5,60253347316479
4351; 2; 1; 0; 1; 0; 6,01443103245937
4354; 2; 0; 0; 1; 1; 14,0953768357219
4375; 2; 1; 0; 1; 0; 7,02105216901349
4391; 2; 1; 0; 1; 0; 4,68261124402143
4392; 24; 1; 0; 1; 0; 5,62116945715164
4427; 10; 0; 0; 1; 1; 11,212224664152
4436; 10; 0; 0; 1; 1; 6,47665357414652
4466; 10; 0; 0; 1; 1; 5,08413954601478
4486; 10; 0; 0; 1; 1; 7,06287750890682
4488; 20; 0; 0; 1; 1; 14,0196087029426
4497; 10; 1; 0; 1; 0; 7,03889207443168
4512; 10; 0; 0; 1; 1; 8,07186001017923
4514; 10; 0; 0; 1; 1; 8,01023805627021
4517; 2; 1; 0; 0,5; 0,5; 3,74608899521714
4565; 10; 0; 0; 1; 1; 5,59255350061626
4577; 19; 0; 0; 1; 1; 5,92309041216108
4589; 10; 0; 0; 0,1; 0,1; 3,52330203917853
4590; 24; 0; 0; 1; 1; 4,32397650550126
4592; 2; 0; 0; 1; 1; 6,4892672133291
4608; 2; 0; 0; 1; 1; 7,04306688755844
4619; 18; 0; 0; 1; 1; 7,03006814714571
4621; 19; 0; 0; 1; 1; 9,34951999585899
4622; 19; 0; 0; 1; 1; 8,03847984507575
4645; 2; 1; 0; 1; 0; 7,03006814715048
4656; 10; 1; 0; 1; 0; 4,43139455073183
4666; 10; 0; 0; 1; 1; 5,08366992924104
4704; 18; 0; 0; 1; 1; 13,9771371143482
4724; 2; 1; 0; 1; 0; 6,25308201004882
4747; 10; 0; 0; 1; 1; 7,05056563444529
4749; 19; 0; 0; 1; 1; 8,07975115646205
4758; 3; 0; 0; 1; 1; 5,63116414470069
4776; 2; 0; 0; 1; 1; 6,24348165869524
4812; 16; 0; 0; 1; 1; 11,2792785448489
4816; 15; 0; 0; 1; 1; 5,62653516128482
4824; 2; 1; 0; 1; 0; 7,67983752066968
4881; 19; 0; 0; 1; 1; 5,6097119975154
4914; 20; 0; 0; 1; 1; 11,2709013206505
4924; 16; 0; 0; 1; 1; 5,12115194507487
4927; 2; 0; 0; 1; 1; 5,12559157662614
4936; 19; 0; 0; 1; 1; 11,1859736324442
4943; 2; 1; 0; 1; 0; 5,0923063792882
5003; 16; 0; 0; 1; 1; 8,00915966345835
5120; 2; 1; 0; 1; 0; 4,42934868836047
5160; 2; 1; 0; 1; 0; 3,74614139496447
5174; 2; 1; 0; 1; 0; 4,32905677618765
5194; 2; 0; 0; 1; 1; 5,12559157662614
5211; 2; 1; 0; 1; 0; 4,68190366381908
5223; 19; 0; 0; 1; 1; 4,32320567631908
5227; 10; 0; 0; 1; 1; 8,07186001017923
5243; 10; 0; 0; 1; 1; 4,66003076847095
5279; 19; 0; 0; 1; 1; 5,63815073416062
5300; 2; 1; 0; 1; 0; 5,1083031752961
5302; 19; 0; 0; 1; 1; 8,07975115646205
5306; 16; 0; 0; 1; 1; 8,41650778726357
5321; 2; 0; 0; 1; 1; 4,68190366381908
5331; 2; 0; 0; 1; 1; 4,68600655656894
5355; 2; 0; 0; 1; 1; 3,74880524525515
5358; 2; 0; 0; 1; 1; 7,6542269512606
5360; 19; 0; 0; 1; 1; 5,08453346929284
5375; 16; 0; 0; 1; 1; 5,60641176442085
5396; 20; 0; 0; 1; 1; 11,215686962354
5397; 16; 0; 0; 1; 1; 7,00801470552606
5424; 20; 0; 0; 1; 1; 5,09857694374108
5441; 15; 0; 0; 1; 1; 5,11201109423631
5452; 19; 0; 0; 1; 1; 7,04768841770077
5458; 2; 1; 0; 1; 0; 7,02575580439997
5464; 2; 1; 0; 1; 0; 3,50768113207587
5518; 2; 1; 0; 1; 0; 7,67050380610696
5533; 2; 1; 0; 1; 0; 7,66702277844781
5547; 19; 0; 0; 1; 1; 4,00693714108243
5548; 19; 0; 0; 1; 1; 7,06978226190429
5715; 2; 0; 0; 1; 1; 4,96202348157608
5716; 16; 0; 0; 1; 1; 4,6943892829853
5732; 10; 0; 0; 1; 1; 5,59203692216514
5798; 16; 0; 0; 1; 1; 9,34401960736808
5800; 10; 0; 0; 1; 1; 6,21394833401807
5800; 19; 0; 0; 1; 1; 2,81669806208628
5804; 2; 0; 0; 1; 1; 4,69537792503896
5805; 16; 0; 0; 1; 1; 7,00801470552606
5805; 2; 1; 0; 1; 0; 4,0171817983717
5814; 2; 1; 0; 1; 0; 7,65379156855948
5833; 2; 0; 0; 0,5; 0,5; 2,80775347228001
5874; 3; 0; 0; 1; 1; 7,0234158438026
5889; 2; 1; 0; 1; 0; 3,75213865480867
5908; 25; 2; 0; 1; 0; 6,24832824769447
5930; 10; 2; 0; 1; 0; 5,61309976426031
5932; 2; 0; 0; 1; 1; 9,37506020746407
5937; 10; 0; 0; 1; 1; 6,27811633049087
5951; 10; 0; 0; 1; 1; 9,40075417926039
6023; 2; 1; 0; 1; 0; 3,74552293105527
6032; 18; 0; 0; 1; 1; 7,04660407849692
6042; 19; 0; 0; 1; 1; 10,2086814999485
6057; 19; 0; 0; 1; 1; 7,06978226190429
6062; 19; 0; 0; 1; 1; 9,42637634920573
6066; 15; 0; 0; 1; 1; 7,02901525457492
6076; 2; 0; 0; 1; 1; 5,27864349053323
6077; 20; 0; 0; 1; 1; 4,31372575475155
6108; 10; 0; 0; 1; 1; 6,5091356306772
6119; 11; 2; 0; 1; 0; 4,67764959570535
6130; 3; 2; 0; 1; 0; 6,03278366842539
6153; 2; 1; 0; 1; 0; 5,62405451772039
6160; 10; 0; 0; 1; 1; 4,42880325793577
6169; 3; 0; 0; 1; 1; 3,83943009865956
6171; 2; 0; 0; 1; 1; 4,69537792503896
6204; 2; 0; 0; 1; 1; 5,09321224833163
6206; 16; 0; 0; 1; 1; 9,34401960736808
6206; 10; 0; 0; 1; 1; 9,40075417926039
6209; 10; 4; 0; 0,1; 0,1; 2,33023062525678
6213; 2; 0; 0; 1; 1; 7,03006814715048
6226; 2; 0; 0; 1; 1; 5,0923063792882
6231; 10; 0; 0; 1; 1; 4,34638615932728
6236; 16; 0; 0; 1; 1; 9,34401960736808
6268; 3; 2; 0; 1; 0; 4,44520901883976
6281; 20; 0; 0; 1; 1; 4,30618921045784
6287; 2; 0; 0; 1; 1; 4,02460965003339
6297; 2; 1; 0; 1; 0; 5,60835408966466
6323; 19; 0; 0; 1; 1; 5,65582580952344
6334; 2; 0; 0; 1; 1; 8,01493896700939
6346; 10; 0; 0; 1; 1; 9,3209225010271
6389; 2; 1; 0; 1; 0; 3,51287790219998
6397; 19; 0; 0; 1; 1; 5,12559157650965
6450; 2; 0; 0; 1; 1; 5,61932379282275
6453; 2; 1; 0; 1; 0; 4,68635551037741
6472; 24; 2; 0; 1; 0; 4,16382922751973
6495; 2; 1; 0; 1; 0; 8,03967687006277
6503; 19; 1; 0; 1; 0; 4,50154871324242
6511; 3; 0; 0; 1; 1; 4,02185577895026
6515; 18; 0; 0; 1; 1; 4,30065757364559
6528; 13; 0; 0; 1; 1; 8,0797511564441
6543; 18; 0; 0; 1; 1; 6,24894946412952
6549; 2; 0; 0; 1; 1; 2,67537352218233
6587; 19; 0; 0; 1; 1; 4,00693714108243
6594; 10; 0; 0; 1; 1; 4,97757430581198
6651; 20; 0; 0; 1; 1; 3,1157970211751
6676; 2; 0; 0; 1; 1; 3,74614139496447
6682; 19; 0; 0; 1; 1; 3,99431208726082
6687; 2; 0; 0; 1; 1; 5,10753126962082
6704; 2; 0; 0; 1; 1; 3,74706976234665
6718; 10; 0; 0; 1; 1; 9,35228817539618
6724; 2; 0; 0; 1; 1; 3,66071723755942
6739; 19; 1; 0; 1; 0; 6,61992457829768
6749; 2; 0; 0; 1; 1; 6,02373269467623
6787; 10; 0; 0; 1; 1; 5,65030200712546
6794; 16; 0; 0; 1; 1; 3,74007206168022
6804; 18; 0; 0; 1; 1; 5,62405451771657
6820; 21; 0; 0; 1; 1; 4,66082453671706
6824; 19; 0; 0; 1; 1; 2,54183496462052
6826; 2; 0; 0; 1; 1; 5,12559157662614
6863; 19; 0; 0; 1; 1; 8,01387428216485
6866; 15; 0; 0; 1; 1; 4,0067124232693
6903; 18; 0; 0; 1; 1; 6,26364806977504
6907; 18; 0; 0; 1; 1; 6,2120609397103
6909; 18; 0; 0; 1; 1; 6,26364806977504
6912; 2; 1; 0; 1; 0; 3,75184920602929
6934; 10; 0; 0; 1; 1; 13,9800923054129
6937; 2; 1; 0; 0,5; 0,5; 2,94870182798147
6947; 10; 0; 0; 1; 1; 7,04158392448259
6960; 2; 0; 0; 1; 1; 2,95821297027367
6961; 20; 0; 0; 1; 1; 4,67320290098085
6967; 20; 0; 0; 1; 1; 6,26161184480581
6970; 13; 0; 0; 1; 1; 8,05961370438118
6989; 10; 0; 0; 1; 1; 4,31239410159693
7011; 16; 0; 0; 1; 1; 5,12694479311313
7034; 16; 0; 0; 1; 1; 5,60704186335341
7035; 13; 0; 0; 1; 1; 4,02980685219059
7038; 13; 0; 0; 1; 1; 3,76115306204455
7041; 16; 0; 0; 1; 1; 5,12115194507487
7047; 16; 0; 0; 1; 1; 4,6943892829853
7056; 16; 0; 0; 1; 1; 5,63326713958236
7090; 2; 1; 0; 1; 0; 4,01366678058979
7092; 13; 0; 0; 1; 1; 7,06978226188859
7140; 2; 1; 0; 1; 0; 6,02373269467623
7145; 10; 0; 0; 1; 1; 5,11561387471793
7155; 2; 1; 0; 0,5; 0,5; 3,75630234003117
7158; 2; 1; 0; 1; 0; 4,01372292317622
7175; 10; 0; 0; 1; 1; 18,8343489914726
7213; 13; 0; 0; 1; 1; 14,1395645237772
7248; 10; 2; 0; 1; 0; 4,94983893533998
7262; 10; 0; 0; 1; 1; 6,99069187577033
7266; 2; 1; 0; 1; 0; 7,02391686603214
7278; 18; 0; 0; 1; 1; 9,31809140956545
7279; 20; 0; 0; 1; 1; 6,2309372013078
7280; 10; 0; 0; 1; 1; 5,59203692216514
7283; 2; 0; 0; 1; 1; 6,03415805195475
7287; 10; 2; 0; 1; 0; 4,89662057351769
7316; 18; 0; 0; 1; 1; 9,39513110520466
7318; 19; 0; 0; 1; 1; 2,79649340811106
7332; 10; 0; 0; 1; 1; 13,9800923054129
7335; 19; 0; 0; 1; 1; 3,72802461477676
7344; 2; 1; 0; 1; 0; 4,32619578286184
7345; 19; 0; 0; 1; 1; 6,28425089947048
7364; 18; 11; 0; 0,0555555555555555; 0,0555555555555555; 3,31592862536635
7375; 2; 0; 0; 1; 1; 3,50336252376883
7418; 2; 0; 0; 1; 1; 5,63583452700094
7450; 19; 0; 0; 1; 1; 6,26461192684513
7466; 19; 0; 0; 1; 1; 5,65582580952344
7470; 10; 0; 0; 1; 1; 5,62717526218973
7473; 10; 2; 0; 1; 0; 4,68748036772066
7495; 2; 0; 0; 1; 1; 8,02733356117959
7522; 16; 0; 0; 1; 1; 4,69969939368703
7528; 10; 0; 0; 1; 1; 7,06288087180223
7538; 2; 1; 0; 1; 0; 5,62215051503115
7539; 10; 0; 0; 1; 1; 4,44622172249293
7542; 2; 0; 0; 1; 1; 3,50841810226797
7547; 18; 0; 0; 1; 1; 5,6248417147394
7552; 10; 0; 0; 1; 1; 18,8343489914726
7564; 16; 0; 0; 1; 1; 5,12115194507487
7580; 10; 0; 0; 1; 1; 14,1257617436045
7584; 2; 0; 0; 1; 1; 5,12559157662614
7597; 16; 0; 0; 1; 1; 4,33328241506335
7599; 2; 0; 0; 0,5; 0,5; 3,74608899521714
7623; 16; 0; 0; 1; 1; 3,50400735276303
7626; 2; 1; 0; 1; 0; 3,12255813528887
7626; 2; 1; 0; 1; 0; 5,628207982213
7657; 13; 0; 0; 1; 1; 9,42637634918479
7662; 19; 1; 0; 1; 0; 3,30280872057158
7668; 20; 0; 0; 1; 1; 5,63545066032523
7692; 2; 0; 0; 1; 1; 2,67647840167618
7698; 2; 0; 0; 1; 1; 4,01372292317622
7698; 2; 0; 0; 1; 1; 2,67164632233646
7701; 2; 0; 0; 1; 1; 5,62362661245289
7703; 2; 0; 0; 1; 1; 6,24894946413376
7721; 2; 0; 0; 1; 1; 2,94870182798147
7724; 10; 0; 0; 1; 1; 3,76030167170416
7731; 2; 0; 0; 1; 1; 5,60835408966466
7738; 2; 0; 0; 1; 1; 5,26262715340195
7759; 10; 2; 0; 1; 0; 5,62848063070883
7807; 16; 0; 0; 1; 1; 7,01263511565041
7812; 10; 1; 0; 1; 0; 7,65422695126406
7815; 19; 0; 0; 1; 1; 6,23301333057266
7820; 19; 0; 0; 1; 1; 7,06978226190429
7832; 2; 0; 0; 1; 1; 6,24894946413376
7841; 10; 0; 0; 1; 1; 11,3006093948836
7843; 10; 2; 0; 1; 0; 5,60981746005197
7846; 10; 0; 0; 1; 1; 6,25241695798858
7853; 2; 1; 0; 0,5; 0,5; 2,55376563481041
7859; 2; 1; 0; 1; 0; 4,3224103790967
7861; 21; 0; 0; 1; 1; 5,08453585823679
7875; 19; 0; 0; 1; 1; 5,09973817955945
7904; 18; 0; 0; 1; 1; 3,10603046985515
7974; 16; 0; 0; 1; 1; 2,80352093167671
7989; 10; 0; 0; 1; 1; 4,66003076847095
8007; 10; 2; 0; 1; 0; 4,22391063636828
8014; 16; 0; 0; 1; 1; 5,09731078486674
8075; 2; 1; 0; 0,5; 0,5; 3,30134694783611
8093; 2; 1; 0; 1; 0; 6,22393001913003
8117; 10; 0; 0; 1; 1; 7,03396907773716
8125; 18; 9; 0; 0,0555555555555555; 0,0555555555555555; 3,13171036840155
8130; 2; 1; 0; 1; 0; 5,62777380904394
8130; 2; 0; 0; 1; 1; 4,02460965003339
8136; 21; 0; 0; 1; 1; 5,08453585823679
8140; 2; 1; 0; 1; 0; 7,03006392929263
8156; 2; 1; 0; 1; 0; 5,6182843965829
8164; 2; 1; 0; 1; 0; 3,75184920602929
8170; 2; 1; 0; 1; 0; 4,32247084034362
8197; 2; 1; 0; 1; 0; 3,36785985855466
8203; 16; 0; 0; 1; 1; 2,95074303390571
8203; 2; 1; 0; 1; 0; 4,0171817983717
8206; 2; 0; 0; 1; 1; 5,11200715262066
8214; 11; 0; 0; 1; 1; 4,00941393917601
8245; 2; 0; 0; 1; 1; 4,44069722196679
8260; 2; 0; 0; 1; 1; 2,81030232175999
8263; 2; 0; 0; 1; 1; 3,8271134756303
8296; 19; 0; 0; 1; 1; 9,34951999585899
8304; 16; 0; 0; 1; 1; 3,5063175578252
8307; 2; 1; 0; 1; 0; 4,95044853404993
8312; 10; 2; 0; 1; 0; 4,69040052559069
8315; 2; 0; 0; 1; 1; 2,24215201521205
8352; 2; 0; 0; 1; 1; 4,01983843503138
8356; 2; 0; 0; 0,5; 0,5; 2,66922858953816
8357; 10; 0; 0; 1; 1; 5,65030469744178
8358; 19; 0; 0; 1; 1; 4,68347281601233
8361; 20; 0; 0; 1; 1; 3,73856232078468
8373; 10; 0; 0; 1; 1; 8,07186385348826
8375; 10; 0; 0; 1; 1; 3,52528281722265
8376; 10; 0; 0; 1; 1; 6,26716945284026
8381; 10; 0; 0; 1; 1; 11,1840738443303
8408; 10; 2; 0; 1; 0; 7,01637470532539
8413; 10; 0; 0; 1; 1; 11,3006093948836
8419; 2; 0; 0; 1; 1; 5,63445351004675
8436; 19; 0; 0; 1; 1; 11,1840738443303
8445; 20; 0; 0; 1; 1; 9,39241776720872
8451; 25; 3; 0; 1; 0; 4,16555216512964
8462; 16; 0; 0; 1; 1; 9,3887785659706
8483; 2; 1; 0; 1; 0; 3,74614139496447
8512; 2; 1; 0; 1; 0; 2,67647840167618
8530; 19; 0; 0; 1; 1; 7,06978226190429
8550; 2; 1; 0; 1; 0; 5,09850371787696
8554; 10; 0; 0; 1; 1; 9,41717001187576
8565; 3; 1; 0; 1; 0; 6,03278366842539
8608; 2; 1; 0; 1; 0; 9,3508472309832
8609; 10; 0; 0; 1; 1; 8,07186385348826
8623; 3; 1; 0; 1; 0; 7,67808830526868
8625; 2; 1; 0; 1; 0; 2,8012667365824
8627; 23; 0; 0; 1; 1; 4,03006866994614
8641; 13; 0; 0; 1; 1; 4,71318817459239
8661; 2; 0; 0; 1; 1; 7,03110393478076
8669; 16; 0; 0; 1; 1; 5,63326713958236
8703; 2; 0; 0; 1; 1; 5,12559157662614
8705; 2; 0; 0; 1; 1; 7,03110393478076
8713; 2; 0; 0; 1; 1; 2,55482029250908
8713; 2; 0; 0; 1; 1; 5,63445351004675
8736; 19; 0; 0; 1; 1; 4,31516307501184
8754; 2; 0; 0; 1; 1; 5,12559157662614
8762; 2; 1; 0; 1; 0; 5,62060464351998
8771; 2; 1; 0; 1; 0; 5,11655271110273
8796; 15; 0; 0; 1; 1; 2,81160610182997
8800; 19; 0; 0; 1; 1; 14,0242799937885
8801; 3; 2; 0; 1; 0; 2,90981752376398
8803; 3; 2; 0; 1; 0; 4,96867424532414
8815; 21; 0; 0; 1; 1; 5,08453585823679
8822; 10; 0; 0; 1; 1; 4,45361911572651
8823; 10; 0; 0; 1; 1; 11,3006093948836
8824; 10; 0; 0; 1; 1; 8,0577892965089
8831; 18; 0; 0; 1; 1; 3,99346774695662
8856; 13; 0; 0; 1; 1; 8,0797511564441
8865; 16; 0; 0; 1; 1; 11,2665342791647
8865; 10; 0; 0; 1; 1; 11,2227458104754
8886; 20; 0; 0; 1; 1; 5,28867269992523
8902; 15; 0; 0; 1; 1; 4,68877930107069
8903; 2; 0; 0; 1; 1; 6,03839413607243
8909; 10; 0; 0; 1; 1; 8,07186385348826
8922; 18; 0; 0; 1; 1; 3,13171036840155
8926; 16; 0; 0; 1; 1; 2,6700199349302
8948; 2; 0; 0; 1; 1; 5,12223046367886
8951; 10; 0; 0; 1; 1; 4,70858724786815
8956; 19; 0; 0; 1; 1; 5,14165982683949
8962; 3; 0; 0; 1; 1; 3,66890035605023
8965; 10; 0; 0; 1; 1; 7,00895829923643
8976; 2; 1; 0; 1; 0; 9,37962301507323
8994; 2; 1; 0; 1; 0; 5,60835408966466
9010; 2; 1; 0; 1; 0; 3,51287790219998
9039; 10; 0; 0; 1; 1; 3,12620847899429
9044; 2; 1; 0; 1; 0; 2,72446115640425
9051; 20; 0; 0; 1; 1; 5,60784348117702
9060; 22; 0; 0; 1; 1; 5,60113830716406
9088; 18; 0; 0; 1; 1; 7,01316941837565
9089; 2; 0; 0; 1; 1; 4,69537792503896
9123; 10; 0; 0; 1; 1; 5,13664063403798
9165; 2; 0; 0; 1; 1; 3,75213865480867
9172; 3; 1; 0; 1; 0; 3,62796150169763
9188; 2; 1; 0; 1; 0; 3,12255813528887
9192; 10; 0; 0; 1; 1; 4,3388096211971
9198; 10; 0; 0; 1; 1; 8,07186001017923
9201; 18; 0; 0; 1; 1; 4,3261957828589
9203; 13; 0; 0; 1; 1; 4,35063523808529
9204; 10; 0; 0; 1; 1; 4,00935697447165
9205; 10; 0; 0; 1; 1; 9,41717001187576
9213; 10; 0; 0; 1; 1; 7,06287750890682
9220; 18; 0; 0; 1; 1; 9,39547210466256
9236; 19; 0; 0; 1; 1; 3,75876715610708
9240; 13; 0; 0; 1; 1; 7,06978226188859
9247; 18; 0; 0; 1; 1; 5,11277683428779
9253; 2; 1; 0; 1; 0; 6,25308201004882
9253; 2; 0; 0; 1; 1; 3,52153344377922
9258; 19; 0; 0; 1; 1; 8,07975115646205
9260; 10; 0; 0; 1; 1; 9,4171744957363
9275; 16; 0; 0; 1; 1; 4,69969939368703
9280; 2; 0; 0; 1; 1; 5,61088157994817
9287; 16; 0; 0; 1; 1; 4,69969939368703
9298; 20; 0; 0; 1; 1; 7,04431332540654
9313; 13; 0; 0; 1; 1; 7,06978226188859
9314; 19; 0; 0; 1; 1; 5,36181061946233
9344; 2; 0; 0; 1; 1; 4,00962068830625
9345; 16; 0; 0; 1; 1; 5,12115194507487
9381; 10; 0; 0; 1; 1; 9,32006153694191
9389; 2; 0; 0; 1; 1; 2,67647840167618
9402; 10; 0; 0; 1; 1; 5,13663818829587
9403; 13; 0; 0; 1; 1; 4,71318817459239
9419; 2; 1; 0; 1; 0; 4,21877709335883
9420; 13; 0; 0; 1; 1; 6,26858843674092
9423; 2; 0; 0; 1; 1; 3,51476663278306
9450; 16; 0; 0; 1; 1; 1,93324543600719
9451; 19; 0; 0; 1; 1; 4,03987557823103
9456; 10; 1; 0; 1; 0; 4,97352669566138
9460; 22; 0; 0; 1; 1; 7,00142288395508
9469; 2; 0; 0; 1; 1; 4,3224103790967
9486; 10; 0; 0; 1; 1; 6,21394833401807
9495; 13; 0; 0; 1; 1; 4,71318817459239
9526; 10; 0; 0; 1; 1; 5,12911754482389
9527; 2; 0; 0; 1; 1; 3,24839599417429
9533; 3; 0; 0; 1; 1; 7,03895518087587
9560; 18; 0; 0; 1; 1; 5,12461696647527
9591; 10; 1; 0; 1; 0; 4,22749769131218
9614; 2; 1; 0; 1; 0; 5,1020816466558
9615; 2; 1; 0; 1; 0; 5,10964058501816
9619; 10; 0; 0; 1; 1; 4,23093815994018
9620; 22; 0; 0; 1; 1; 4,97345224044199
9633; 2; 1; 0; 1; 0; 6,49679198834859
9636; 10; 0; 0; 1; 1; 4,30196423124328
9671; 2; 0; 0; 1; 1; 3,75630234003117
9705; 16; 0; 0; 1; 1; 4,6943892829853
9726; 19; 0; 0; 1; 1; 4,31420306994588
9726; 18; 0; 0; 1; 1; 7,04660407849692
9756; 19; 0; 0; 1; 1; 2,95748004865646
9764; 2; 0; 0; 1; 1; 4,00750595613566
9773; 18; 0; 0; 1; 1; 5,6370786631228
9774; 16; 0; 0; 1; 1; 3,31743486613202
9774; 19; 0; 0; 1; 1; 4,32320567631908
9778; 2; 0; 0; 1; 1; 5,628207982213
9807; 2; 0; 0; 1; 1; 4,01657704848766
9813; 19; 0; 0; 1; 1; 3,77055053968229
9826; 2; 1; 0; 1; 0; 3,83429087212697
9834; 2; 1; 0; 1; 0; 4,00877843665813
9835; 2; 1; 0; 1; 0; 5,09850371787696
9841; 3; 1; 0; 1; 0; 8,63793860381745
9846; 2; 1; 0; 1; 0; 3,31045518179055
9849; 2; 1; 0; 1; 0; 4,30887462862848
9856; 19; 0; 0; 1; 1; 8,01387428216485
9881; 17; 0; 0; 1; 1; 2,67581528211955
9923; 13; 0; 0; 1; 1; 4,35063523808529
9940; 2; 0; 0; 1; 1; 3,75213865480867
9942; 19; 0; 0; 1; 1; 2,45136988441766
9960; 2; 1; 0; 1; 0; 5,60253347316479
9961; 18; 0; 0; 1; 1; 4,69756555260233
9987; 19; 0; 0; 1; 1; 9,34951999585899
9995; 10; 2; 0; 1; 0; 6,49440072774096
10009; 2; 0; 0; 1; 1; 5,09580003457285
10018; 2; 0; 0; 1; 1; 3,74706976234665
10038; 2; 0; 0; 1; 1; 7,0131354232374
10049; 19; 0; 0; 1; 1; 2,81907536708031
10058; 2; 1; 0; 1; 0; 4,43168602391743
10065; 10; 0; 0; 1; 1; 11,1840738443303
10091; 19; 0; 0; 1; 1; 4,35063523809495
10133; 2; 0; 0; 1; 1; 5,12559157662614
10135; 2; 1; 0; 1; 0; 5,60253347316479
10161; 10; 0; 0; 1; 1; 3,76686979829452
10163; 2; 1; 0; 1; 0; 9,37080561810289
10172; 10; 0; 0; 1; 1; 4,69438928298839
10175; 2; 0; 0; 1; 1; 7,03006814715048
10190; 10; 0; 0; 1; 1; 3,12620847899429
10193; 10; 2; 0; 1; 0; 6,49440072774096
10200; 10; 1; 0; 1; 0; 4,94983893533998
10201; 2; 1; 0; 1; 0; 6,22393001913003
10202; 2; 1; 0; 1; 0; 4,32905677618765
10203; 20; 0; 0; 1; 1; 4,33496204640402
10216; 19; 0; 0; 1; 1; 6,28425089947048
10223; 16; 0; 0; 1; 1; 5,12115194507487
10233; 21; 0; 0; 1; 1; 4,30229957235421
10233; 2; 0; 0; 1; 1; 5,63445351004675
10236; 10; 0; 0; 1; 1; 4,33637174052742
10237; 16; 0; 0; 1; 1; 4,69969939368703
10240; 20; 0; 0; 1; 1; 4,70944859151411
10249; 20; 0; 0; 1; 1; 4,02532190023231
10251; 3; 2; 0; 1; 0; 4,44130043100818
10269; 2; 0; 0; 1; 1; 3,51200755777919
10309; 18; 0; 0; 1; 1; 5,12461696647527
10314; 3; 2; 0; 1; 0; 5,2792163856569
10333; 18; 0; 0; 1; 1; 5,62405451771657
10362; 18; 0; 0; 1; 1; 7,04634832890349
10363; 21; 0; 0; 1; 1; 9,32164907343411
10384; 19; 0; 0; 1; 1; 4,35063523809495
10385; 10; 0; 0; 1; 1; 4,67263886615762
10411; 2; 0; 0; 1; 1; 5,12223046367886
10414; 2; 0; 0; 1; 1; 3,51142774786431
10440; 19; 0; 0; 1; 1; 5,63815073416062
10453; 21; 0; 0; 1; 1; 6,99123680507559
10457; 10; 0; 0; 1; 1; 4,70858724786815
10508; 2; 1; 0; 1; 0; 5,61088157994817
10526; 20; 0; 0; 1; 1; 3,75696710688349
10528; 20; 0; 0; 1; 1; 5,65133830981694
10558; 2; 0; 0; 1; 1; 4,01372292317622
10575; 19; 0; 0; 1; 1; 8,07975115646205
10579; 13; 0; 0; 1; 1; 4,71318817459239
10598; 20; 0; 0; 1; 1; 3,73856232078468
10602; 2; 0; 0; 1; 1; 4,69845894524063
10609; 2; 1; 0; 1; 0; 3,50969184035001
10614; 19; 0; 0; 1; 1; 4,31516307501184
10618; 19; 0; 0; 1; 1; 4,71318817460286
10641; 2; 0; 0; 1; 1; 4,96294712753079
10645; 11; 2; 0; 1; 0; 4,67764959570535
10651; 3; 2; 0; 1; 0; 3,37835885431822
10661; 2; 1; 0; 1; 0; 5,26262715340195
10662; 3; 2; 0; 1; 0; 7,02859203357949
10675; 13; 0; 0; 1; 1; 6,28425089945653
10678; 10; 0; 0; 1; 1; 3,75245835151429
10687; 18; 0; 0; 1; 1; 7,04634832890349
10694; 16; 0; 0; 1; 1; 3,31743486613202
10699; 2; 1; 0; 1; 0; 3,51195843301607
10706; 18; 0; 0; 1; 1; 5,11277683428779
10709; 19; 2; 0; 1; 0; 4,68911324296085
10767; 10; 2; 0; 1; 0; 8,41964964639047
10771; 10; 0; 0; 1; 1; 6,99004615270643
10777; 2; 0; 0; 1; 1; 3,13025195002597
10791; 16; 0; 0; 1; 1; 3,50400735276303
10830; 2; 1; 0; 1; 0; 3,30487317446053
10841; 20; 0; 0; 1; 1; 5,12313696393203
10844; 19; 0; 0; 1; 1; 4,31516307501184
10872; 13; 0; 0; 1; 1; 9,42637634918479
10883; 13; 0; 0; 1; 1; 7,06978226188859
10888; 2; 1; 0; 1; 0; 2,54660612416581
10909; 16; 0; 0; 1; 1; 3,29825991961966
10917; 10; 1; 0; 1; 0; 2,63994414773018
10919; 21; 0; 0; 1; 1; 6,21443271562274
10921; 2; 1; 0; 1; 0; 1,87304449760857
10964; 15; 0; 0; 1; 1; 4,67449782714751
10975; 10; 0; 0; 1; 1; 6,21337435796127
10984; 19; 0; 0; 1; 1; 3,29983058677376
10989; 10; 0; 0; 1; 1; 2,43154500026794
11009; 2; 0; 0; 1; 1; 4,02014855872357
11025; 11; 0; 0; 1; 1; 4,95280545427625
11028; 18; 0; 0; 1; 1; 3,31592862536635
11030; 2; 1; 0; 1; 0; 5,11277683429126
11032; 2; 1; 0; 1; 0; 5,6318808484911
11044; 20; 0; 0; 1; 1; 6,26161184480581
11119; 19; 0; 0; 1; 1; 4,6747599979295
11120; 2; 1; 0; 1; 0; 4,32939075554846
11130; 10; 0; 0; 1; 1; 2,94317732745534
11158; 2; 0; 0; 1; 1; 6,26050390005194
11172; 20; 0; 0; 1; 1; 2,56879014082588
11208; 10; 2; 0; 1; 0; 6,50384260201873
11226; 2; 0; 0; 1; 1; 4,0130602832735
11229; 2; 0; 0; 1; 1; 2,55376563481041
11233; 21; 0; 0; 1; 1; 9,32164907343411
11252; 10; 0; 0; 1; 1; 6,23018515487683
11295; 20; 0; 0; 1; 1; 5,12313696393203
11298; 2; 0; 0; 1; 1; 2,67647840167618
11306; 2; 0; 0; 1; 1; 7,03006814715048
11315; 2; 0; 0; 1; 1; 3,11821137978349
11317; 2; 1; 0; 0,5; 0,5; 1,87815117001558
11319; 16; 0; 0; 1; 1; 5,63963927242444
11320; 16; 0; 0; 1; 1; 3,11672671806685
11323; 23; 0; 0; 1; 1; 5,64209613792459
11329; 19; 0; 0; 1; 1; 7,06978226190429
11352; 19; 0; 0; 1; 1; 3,52481808209142
11365; 17; 0; 0; 1; 1; 2,44313569237003
11373; 22; 0; 0; 1; 1; 3,25187261875053
11379; 10; 0; 0; 1; 1; 14,1257617436045
11381; 20; 0; 0; 1; 1; 5,08913270326835
11406; 19; 0; 0; 1; 1; 5,14165982683949
11412; 2; 0; 0; 1; 1; 5,12559157662614
11414; 2; 1; 0; 1; 0; 3,66560531526473
11415; 18; 0; 0; 1; 1; 6,23392837188947
11453; 19; 0; 0; 1; 1; 8,07975115646205
11485; 20; 0; 0; 1; 1; 2,56879014082588
11489; 10; 2; 0; 1; 0; 3,01964120808013
11496; 10; 2; 0; 1; 0; 3,82711347563203
11499; 2; 0; 0; 1; 1; 4,32247084034362
11508; 2; 0; 0; 1; 1; 2,72110965118688
11513; 17; 0; 0; 1; 1; 2,67581528211955
11528; 10; 0; 0; 1; 1; 6,23018515487683
11534; 13; 0; 0; 1; 1; 5,14165982682807
11547; 13; 0; 0; 1; 1; 8,0797511564441
11548; 13; 0; 0; 1; 1; 3,13429421837046
11552; 10; 0; 0; 1; 1; 5,65030200712546
11553; 2; 1; 0; 1; 0; 2,95699178767521
11555; 19; 0; 0; 1; 1; 6,23301333057266
11573; 2; 1; 0; 1; 0; 2,41373708847522
11581; 2; 1; 0; 1; 0; 3,501583420728
11583; 10; 1; 0; 1; 0; 4,96930663102151
11588; 2; 1; 0; 1; 0; 4,68261124402143
11599; 2; 1; 0; 1; 0; 5,10337971904975
11604; 10; 1; 0; 0,1; 0,1; 2,81434376363572
11607; 2; 0; 0; 1; 1; 2,95287225100346
11613; 2; 1; 0; 1; 0; 2,95821297027367
11613; 2; 1; 0; 1; 0; 3,75213865480867
11634; 10; 0; 0; 1; 1; 9,4171744957363
11660; 10; 0; 0; 1; 1; 3,24720036387048
11663; 2; 0; 0; 1; 1; 3,51142774786431
11666; 13; 0; 0; 1; 1; 3,13429421837046
11668; 15; 0; 0; 1; 1; 7,01174674072127
11680; 11; 0; 0; 1; 1; 4,95280545427625
11697; 2; 0; 0; 1; 1; 3,66560531526473
11723; 19; 0; 0; 1; 1; 5,08453346929284
11749; 10; 0; 0; 1; 1; 5,13663818829587
11806; 2; 1; 0; 0,5; 0,5; 2,10885997966983
11810; 13; 0; 0; 1; 1; 3,76115306204455
11848; 2; 0; 0; 1; 1; 2,48472935578332
11853; 2; 0; 0; 1; 1; 4,43168602391743
11868; 10; 0; 0; 1; 1; 5,11698866115585
11886; 13; 0; 0; 1; 1; 2,97675042605835
11910; 2; 1; 0; 1; 0; 5,11277683429126
11949; 17; 0; 0; 1; 1; 3,51200755778191
11957; 2; 1; 0; 1; 0; 2,95699178767521
11960; 2; 1; 0; 1; 0; 6,25356442468112
11967; 10; 0; 0; 1; 1; 5,64045250755623
11968; 10; 0; 0; 1; 1; 3,31604897805038
11973; 2; 0; 0; 1; 1; 1,25902088338498
11980; 10; 0; 0; 1; 1; 5,64045250755623
11987; 2; 0; 0; 1; 1; 14,016271067679
12014; 19; 0; 0; 1; 1; 7,05280661381425
12082; 18; 0; 0; 1; 1; 5,61053553470052
12097; 3; 0; 0; 1; 1; 3,24842197530598
12105; 2; 0; 0; 1; 1; 2,67647840167618
12120; 2; 0; 0; 1; 1; 2,67647840167618
12120; 10; 4; 0; 0,1; 0,1; 1,87775571319536
12162; 20; 0; 0; 1; 1; 6,2309372013078
12162; 19; 0; 0; 1; 1; 7,07017000013846
12175; 11; 0; 0; 1; 1; 3,36790770890785
12181; 15; 0; 0; 1; 1; 2,95958537034734
12192; 2; 0; 0; 1; 1; 3,73444400120443
12195; 10; 0; 0; 1; 1; 9,40075417926039
12199; 10; 1; 0; 1; 0; 2,11195531818414
12213; 2; 1; 0; 1; 0; 2,34490575376831
12214; 2; 1; 0; 1; 0; 4,30887462862848
12223; 2; 1; 0; 1; 0; 2,05688433476749
12226; 2; 1; 0; 1; 0; 4,67690817610115
12228; 2; 1; 0; 1; 0; 2,44273234634039
12248; 20; 0; 0; 1; 1; 6,22005108177243
12255; 22; 0; 0; 1; 1; 6,00121961481864
12258; 19; 0; 0; 1; 1; 6,28425089947048
12268; 13; 0; 0; 1; 1; 2,16989599733339
12273; 2; 0; 0; 1; 1; 5,63815073428876
12274; 16; 3; 0; 0,0625; 0,0625; 2,00361003304297
12288; 10; 0; 0; 1; 1; 7,65537678111678
12294; 2; 1; 0; 0,5; 0,5; 3,30541887790982
12301; 2; 0; 0; 1; 1; 3,12255813528887
12315; 2; 1; 0; 0,5; 0,5; 2,43550695730724
12345; 3; 1; 0; 0,333333333333333; 0,333333333333333; 1,17278506721257
12360; 10; 0; 0; 1; 1; 4,70037708963019
12365; 18; 0; 0; 1; 1; 5,59085484573927
12365; 19; 0; 0; 1; 1; 9,42689333351794
12383; 3; 2; 0; 0,333333333333333; 0,333333333333333; 1,14885067808578
12400; 16; 0; 0; 1; 1; 9,34401960736808
12404; 10; 0; 0; 1; 1; 3,53143875445341
12427; 2; 1; 0; 0,5; 0,5; 2,80960604622335
12431; 19; 0; 0; 1; 1; 3,32713882359457
12434; 23; 0; 0; 1; 1; 8,46314420688689
12437; 10; 0; 0; 1; 1; 11,1840738443303
12453; 16; 15; 0; 0,0625; 0,0625; 1,80971228790978
12462; 16; 15; 0; 0,0625; 0,0625; 1,87003603084011
12462; 2; 1; 0; 1; 0; 1,48110736374026
12482; 15; 0; 0; 1; 1; 2,16405198510955
12486; 19; 0; 0; 1; 1; 2,57097090914126
12489; 22; 0; 0; 1; 1; 4,44993095197441
12513; 16; 0; 0; 1; 1; 5,60641176442085
12514; 15; 0; 0; 1; 1; 3,30777188450585
12535; 2; 1; 0; 1; 0; 8,43607671515116
12541; 16; 0; 0; 1; 1; 3,50440116459588
12551; 16; 0; 0; 1; 1; 5,60641176442085
12562; 17; 0; 0; 1; 1; 2,16123542017349
12568; 10; 0; 0; 1; 1; 4,96930663102886
12574; 19; 0; 0; 1; 1; 5,92621173730047
12579; 16; 0; 0; 1; 1; 5,63963927242444
12595; 17; 0; 0; 1; 1; 2,34133837185461
12595; 10; 0; 0; 1; 1; 6,25409725252381
12625; 2; 0; 0; 1; 1; 0,700672504753767
12625; 18; 0; 0; 1; 1; 7,04634832890349
12642; 2; 1; 0; 1; 0; 2,8141039911065
12643; 20; 0; 0; 1; 1; 2,97438858411418
12648; 2; 0; 0; 0,5; 0,5; 1,81541090614321
12670; 2; 1; 0; 1; 0; 0,739247946918802
12670; 10; 0; 0; 1; 1; 3,76030167170416
12685; 2; 0; 0; 1; 1; 4,00119000129046
12726; 19; 2; 0; 1; 0; 4,42031790051224
12758; 13; 0; 0; 1; 1; 1,88057653102227
12780; 18; 0; 0; 1; 1; 11,1817096914785
12780; 19; 0; 0; 1; 1; 3,77075733340718
12793; 2; 0; 0; 1; 1; 2,96221472748053
12804; 2; 1; 0; 0,5; 0,5; 2,08452147489371
12809; 10; 0; 0; 1; 1; 5,60716663938914
12833; 16; 0; 0; 1; 1; 2,16664120753168
12833; 2; 1; 0; 1; 0; 4,02014855872357
12840; 19; 2; 0; 1; 0; 2,74484677636733
12850; 2; 1; 0; 1; 0; 5,61913349282571
12874; 17; 0; 0; 1; 1; 2,80960604622553
12896; 2; 0; 0; 1; 1; 4,95245336789143
12901; 19; 0; 0; 1; 1; 7,98862417452163
12920; 21; 0; 0; 1; 1; 1,86432981468682
12940; 19; 0; 0; 1; 1; 6,28425089947048
12963; 2; 1; 0; 0,5; 0,5; 2,24620277782401
12963; 2; 0; 0; 1; 1; 2,4497623956725
12986; 10; 0; 0; 1; 1; 2,4122059845895
13000; 13; 5; 0; 0,0769230769230769; 0,0769230769230769; 1,82445993855189
13026; 10; 0; 0; 1; 1; 6,25241695798858
13029; 21; 0; 0; 1; 1; 4,66082453671706
13047; 3; 2; 0; 1; 0; 4,22294856789777
13049; 19; 0; 0; 1; 1; 5,08453346929284
13055; 10; 0; 0; 1; 1; 3,76030167170416
13058; 10; 0; 0; 1; 1; 5,64202929930628
13075; 19; 0; 0; 1; 1; 5,08453346929284
13091; 13; 0; 0; 1; 1; 2,45292591002905
13097; 19; 0; 0; 1; 1; 5,65613600011077
13099; 16; 0; 0; 1; 1; 4,33328241506335
13099; 10; 0; 0; 1; 1; 7,03585940908929
13150; 2; 0; 0; 1; 1; 4,31573636685121
13151; 10; 2; 0; 1; 0; 4,22391063636828
13191; 2; 1; 0; 1; 0; 2,5541873147485
13212; 18; 0; 0; 1; 1; 5,59085484573927
13216; 2; 0; 0; 0,5; 0,5; 10,5421563203657
13219; 17; 2; 0; 0,0588235294117647; 0,0588235294117647; 2,08118966387076
13236; 2; 0; 0; 1; 1; 2,34191860146666
13236; 2; 1; 0; 0,5; 0,5; 1,44313025184949
13237; 2; 1; 0; 0,5; 0,5; 1,81541090614321
13246; 2; 1; 0; 0,5; 0,5; 3,50680098746761
13267; 2; 0; 0; 1; 1; 0,76786027918221
13301; 20; 0; 0; 1; 1; 2,56879014082588
13312; 2; 1; 0; 0,5; 0,5; 2,24765339713028
13325; 21; 0; 0; 1; 1; 5,59298944406047
13346; 2; 1; 0; 1; 0; 2,34130562201071
13357; 20; 0; 0; 1; 1; 3,73856232078468
13363; 10; 0; 0; 1; 1; 8,07186001017923
13373; 20; 0; 0; 1; 1; 2,56879014082588
13378; 13; 0; 0; 1; 1; 2,82086479653341
13400; 2; 0; 0; 1; 1; 6,24894946413376
13405; 2; 0; 0; 1; 1; 4,95044853404993
13415; 2; 0; 0; 1; 1; 2,94817737748265
13430; 19; 0; 0; 1; 1; 3,77075733340718
13441; 2; 1; 0; 0,5; 0,5; 1,17047591595477
13497; 20; 0; 0; 1; 1; 2,43819281790305
13503; 2; 1; 0; 1; 0; 3,51542088200098
13504; 10; 0; 0; 1; 1; 9,32006153694191
13523; 2; 0; 0; 1; 1; 4,00596720690333
13525; 10; 0; 0; 1; 1; 8,04098218181633
13571; 10; 0; 0; 1; 1; 4,68931271849144
13583; 18; 0; 0; 1; 1; 5,62405451771657
13586; 19; 0; 0; 1; 1; 4,66003076847095
13597; 13; 0; 0; 1; 1; 4,70144132755569
13612; 2; 0; 0; 1; 1; 2,81030232175999
13614; 2; 0; 0; 1; 1; 5,63815073428876
13619; 21; 0; 0; 1; 1; 2,54226792911839
13633; 2; 0; 0; 1; 1; 5,12559157662614
13644; 19; 15; 0; 0,0526315789473684; 0,0526315789473684; 3,29983058677376
13645; 2; 1; 0; 1; 0; 4,01762386514397
13653; 20; 0; 0; 1; 1; 2,67040165770334
13685; 10; 0; 0; 1; 1; 14,0284322630943
13690; 16; 10; 0; 0,0625; 0,0625; 1,80971228790978
13691; 2; 1; 0; 1; 0; 4,01372292317622
13720; 19; 0; 0; 1; 1; 8,07975115646205
13735; 20; 0; 0; 1; 1; 4,69620888360436
13737; 10; 0; 0; 1; 1; 8,07186001017923
13745; 2; 1; 0; 1; 0; 5,62320786788273
13746; 19; 0; 0; 1; 1; 3,77075733340718
13766; 19; 0; 0; 1; 1; 6,23301333057266
13777; 17; 0; 0; 1; 1; 5,10951528322922
13797; 16; 0; 0; 1; 1; 2,08639523688236
13803; 10; 0; 0; 1; 1; 8,07186385348826
13823; 17; 0; 0; 1; 1; 5,10951528322922
13848; 19; 0; 0; 1; 1; 4,66082234685177
13879; 2; 0; 0; 1; 1; 5,09850371787696
13880; 19; 0; 0; 1; 1; 6,23301333057266
13894; 19; 0; 0; 1; 1; 5,25153296258267
13897; 18; 0; 0; 1; 1; 5,62405451771657
13904; 2; 1; 0; 1; 0; 5,09850371787696
13905; 19; 0; 0; 1; 1; 2,01418176119509
13927; 19; 0; 0; 1; 1; 3,9949905830158
13947; 19; 0; 0; 1; 1; 5,08453346929284
13951; 19; 0; 0; 1; 1; 2,57097090914126
13974; 2; 1; 0; 1; 0; 6,24356899160744
13996; 2; 1; 0; 1; 0; 3,50768113207587
14020; 10; 0; 0; 1; 1; 5,59203692216514
14022; 19; 0; 0; 1; 1; 4,66003076847095
14029; 10; 5; 0; 0,1; 0,1; 2,44659794008249
14032; 10; 1; 0; 1; 0; 6,01403546170748
14036; 2; 1; 0; 1; 0; 2,2512831928852
14040; 16; 0; 0; 1; 1; 3,74007206168022
14059; 10; 0; 0; 1; 1; 11,3006093948836
14073; 2; 1; 0; 1; 0; 7,02391686603214
14079; 18; 0; 0; 1; 1; 4,68671209809714
14104; 10; 0; 0; 1; 1; 11,212224664152
14119; 19; 0; 0; 1; 1; 7,01213999689424
14126; 19; 0; 0; 1; 1; 5,08453346929284
14128; 16; 0; 0; 1; 1; 4,67509007710027
14128; 2; 0; 0; 1; 1; 4,32939075554846
14139; 18; 0; 0; 1; 1; 13,9771371143482
14166; 18; 0; 0; 1; 1; 5,59085484573927
14185; 3; 0; 0; 1; 1; 6,24303630560231
14195; 10; 0; 0; 1; 1; 11,2665342791721
14196; 3; 0; 0; 1; 1; 3,24842197530598
14201; 16; 0; 0; 1; 1; 8,04752448511765
14218; 20; 0; 0; 1; 1; 4,33496204640402
14219; 19; 0; 0; 1; 1; 7,98862417452163
14225; 20; 0; 0; 1; 1; 4,33496204640402
14231; 20; 0; 0; 1; 1; 3,13080592240291
14247; 16; 0; 0; 1; 1; 11,2202161850407
14247; 10; 0; 0; 1; 1; 9,38877856597679
14268; 2; 0; 0; 1; 1; 3,13025195002597
14269; 3; 1; 0; 1; 0; 11,2293201849627
14291; 10; 0; 0; 1; 1; 5,59203692216514
14303; 2; 0; 0; 1; 1; 7,02391686603214
14305; 2; 0; 0; 1; 1; 7,02391686603214
14324; 10; 1; 0; 1; 0; 5,2523214312216
14333; 16; 0; 0; 1; 1; 5,12115194507487
14347; 16; 0; 0; 1; 1; 4,6943892829853
14350; 2; 1; 0; 1; 0; 2,66922858953816
14361; 20; 0; 0; 1; 1; 6,23159404235021
14365; 19; 0; 0; 1; 1; 5,6097119975154
14370; 19; 0; 0; 1; 1; 7,01213999689424
14371; 11; 2; 0; 1; 0; 12,028241817528
14390; 23; 2; 0; 1; 0; 7,63897913015805
14392; 2; 0; 0; 1; 1; 4,69537792503896
14417; 18; 0; 0; 1; 1; 7,03006814714571
14427; 10; 0; 0; 1; 1; 8,0577892965089
14431; 10; 0; 0; 1; 1; 9,4171744957363
14444; 19; 0; 0; 1; 1; 9,42637634920573
14445; 10; 0; 0; 1; 1; 8,0577892965089
14455; 10; 0; 0; 1; 1; 5,13663818829587
14463; 20; 0; 0; 1; 1; 9,3464058019617
14468; 24; 0; 0; 1; 1; 5,91702048121225
14491; 16; 0; 0; 1; 1; 7,00801470552606
14495; 2; 1; 0; 1; 0; 6,24356899160744
14508; 2; 1; 0; 1; 0; 7,65932963892381
14524; 19; 0; 0; 1; 1; 8,07975115646205
14535; 20; 0; 0; 1; 1; 5,60784348117702
14539; 19; 0; 0; 1; 1; 11,2763014683212
14555; 2; 0; 0; 1; 1; 3,74552293105527
14556; 10; 0; 0; 1; 1; 8,03882180312818
14562; 2; 1; 0; 1; 0; 7,00311340509381
14569; 21; 0; 0; 1; 1; 5,08453585823679
14570; 22; 0; 0; 1; 1; 12,0024392296373
14573; 2; 1; 0; 1; 0; 4,68981150753662
14576; 2; 1; 0; 1; 0; 7,03471726130492
14586; 10; 1; 0; 1; 0; 6,62483959946511
14609; 2; 1; 0; 1; 0; 5,60538003803013
14618; 16; 0; 0; 1; 1; 9,34401960736808
14625; 10; 1; 0; 1; 0; 7,01637470532539
14634; 2; 1; 0; 1; 0; 8,41576250788488
14637; 2; 1; 0; 1; 0; 8,04029711744715
14642; 20; 0; 0; 1; 1; 11,215686962354
14649; 10; 0; 0; 1; 1; 11,2809050151125
14650; 2; 0; 0; 1; 1; 11,2763014685775
14656; 10; 1; 0; 1; 0; 7,04582948552029
14677; 20; 0; 0; 1; 1; 7,69261483625488
14681; 10; 0; 0; 1; 1; 9,35516627376719
14682; 20; 0; 0; 1; 1; 8,05064380046461
14702; 10; 0; 0; 1; 1; 11,2227458104754
14706; 2; 0; 0; 1; 1; 4,32905677618765
14719; 2; 0; 0; 1; 1; 5,25985156742805
14721; 19; 0; 0; 1; 1; 6,21442979580235
14724; 16; 0; 0; 1; 1; 8,00915966345835
14724; 10; 0; 0; 1; 1; 9,40075417926039
14811; 19; 0; 0; 1; 1; 5,63339612417256
14811; 19; 0; 0; 1; 1; 7,63859340012025
14826; 16; 0; 0; 1; 1; 5,09673796765532
14827; 16; 0; 0; 1; 1; 14,0990981810611
14827; 2; 0; 0; 1; 1; 8,03436359674341
14830; 2; 0; 0; 1; 1; 4,68981150753662
14833; 16; 0; 0; 1; 1; 9,34401960736808
14834; 19; 0; 0; 1; 1; 5,6201673792148
14852; 2; 0; 0; 1; 1; 5,90917651679445
14858; 3; 0; 0; 1; 1; 9,38228053770054
14867; 10; 1; 0; 1; 0; 6,62483959946511
14872; 16; 0; 0; 1; 1; 9,35018015420054
14875; 10; 0; 0; 1; 1; 7,05056563444529
14893; 10; 0; 0; 1; 1; 11,212224664152
14917; 2; 1; 0; 1; 0; 3,66469740495942
14919; 10; 1; 0; 1; 0; 7,64975108188905
14931; 2; 1; 0; 0,5; 0,5; 3,7350223154432
14954; 25; 0; 0; 1; 1; 6,38828308287108
14955; 10; 0; 0; 1; 1; 9,41717001187576
14958; 16; 12; 0; 0,0625; 0,0625; 5,09673796765532
14972; 16; 0; 0; 1; 1; 5,12694479311313
14973; 16; 0; 0; 1; 1; 11,2128235288417
14978; 2; 0; 0; 1; 1; 7,03525997776626
14980; 16; 0; 0; 1; 1; 9,35018015420054
14991; 16; 0; 0; 1; 1; 8,01444013217189
14996; 2; 1; 0; 1; 0; 7,03006814715048
14998; 16; 0; 0; 1; 1; 11,2202161850407
15010; 2; 0; 0; 1; 1; 7,66913397938894
15018; 10; 0; 0; 1; 1; 8,07186001017923
15032; 10; 0; 0; 1; 1; 9,38877856597679
15038; 20; 0; 0; 1; 1; 9,3464058019617
15041; 2; 0; 0; 1; 1; 5,62405451772039
15050; 2; 0; 0; 1; 1; 10,5600997620791
15056; 20; 0; 0; 1; 1; 7,04911668882286
15057; 20; 0; 0; 1; 1; 11,2709013206505
15078; 19; 0; 0; 1; 1; 6,2593290268584
15083; 16; 0; 0; 1; 1; 9,34401960736808
15102; 19; 0; 0; 1; 1; 9,34951999585899
15115; 16; 11; 0; 0,0625; 0,0625; 5,09673796765532
15134; 23; 16; 0; 0,0434782608695652; 0,0434782608695652; 8,40287704317386
15142; 13; 0; 0; 1; 1; 11,3116516190217
15165; 10; 0; 0; 1; 1; 14,1011312688906
15168; 2; 0; 0; 1; 1; 5,11277683429126
15169; 17; 0; 0; 1; 1; 7,02558351444018
15185; 17; 0; 0; 1; 1; 8,02923830221735
15185; 10; 0; 0; 1; 1; 11,2809050151125
15187; 16; 0; 0; 1; 1; 9,35018015420054
15194; 2; 1; 0; 1; 0; 5,10753126962082
15194; 2; 1; 0; 0,5; 0,5; 5,62405451772039
15213; 20; 12; 0; 0,05; 0,05; 5,59804597359519
15216; 10; 0; 0; 1; 1; 11,2809050151125
15224; 2; 1; 0; 1; 0; 5,60538003803013
15226; 20; 0; 0; 1; 1; 11,215686962354
15239; 10; 0; 0; 1; 1; 6,25918571065119
15254; 2; 0; 0; 1; 1; 11,2763014685775
15261; 19; 1; 0; 1; 0; 7,48676546453171
15272; 19; 0; 0; 1; 1; 7,06978226190429
15283; 10; 0; 0; 1; 1; 14,0831678489652
15284; 23; 0; 0; 1; 1; 12,0902060098384
15286; 2; 1; 0; 1; 0; 10,5600997620791
15287; 2; 1; 0; 1; 0; 4,00384288430724
15295; 20; 0; 0; 1; 1; 11,2709013206505
15299; 3; 1; 0; 1; 0; 6,62278626190626
15311; 19; 0; 0; 1; 1; 11,2194239950308
15350; 16; 3; 0; 0,0625; 0,0625; 5,09673796765532
15385; 16; 0; 0; 1; 1; 11,2665342791647
15393; 17; 2; 0; 1; 0; 4,67683197027454
15419; 20; 0; 0; 1; 1; 9,39241776720872
15430; 20; 0; 0; 1; 1; 7,04911668882286
15432; 18; 0; 0; 1; 1; 6,26364806977504
15454; 2; 0; 0; 1; 1; 5,60153701721702
15456; 19; 0; 0; 1; 1; 8,01387428216485
15458; 16; 0; 0; 1; 1; 11,2128235288417
15458; 10; 0; 0; 1; 1; 11,2809050151125
15462; 16; 0; 0; 1; 1; 9,34401960736808
15466; 16; 0; 0; 1; 1; 9,35018015420054
15478; 2; 1; 0; 1; 0; 4,30897384754357
15485; 23; 0; 0; 1; 1; 9,40349356320765
15505; 19; 0; 0; 1; 1; 5,09973817955945
15507; 16; 2; 0; 0,0625; 0,0625; 2,95107466492285
15511; 10; 0; 0; 1; 1; 5,63326713958607
15514; 10; 0; 0; 1; 1; 7,69261483625487
15522; 2; 0; 0; 1; 1; 14,0953768357219
15530; 16; 0; 0; 1; 1; 11,2665342791647
15531; 19; 0; 0; 1; 1; 14,0242799937885
15546; 10; 0; 0; 1; 1; 11,2809050151125
15554; 18; 0; 0; 1; 1; 13,9771371143482
15562; 3; 1; 0; 1; 0; 8,66056665018511
15574; 2; 1; 0; 1; 0; 3,74614139496447
15580; 2; 1; 0; 1; 0; 4,66805500150554
15587; 10; 0; 0; 1; 1; 5,59255350061626
15594; 19; 0; 0; 1; 1; 6,24463042134978
15602; 2; 0; 0; 1; 1; 7,03525997776626
15620; 20; 0; 0; 1; 1; 11,2709013206505
15622; 20; 0; 0; 1; 1; 7,05156359990031
15630; 3; 1; 0; 1; 0; 7,0272281598274
15641; 16; 0; 0; 1; 1; 11,2665342791647
15659; 10; 0; 0; 1; 1; 4,97352669566138
15671; 16; 0; 0; 1; 1; 9,34401960736808
15683; 16; 0; 0; 1; 1; 9,35018015420054
15686; 10; 0; 0; 1; 1; 11,2665342791721
15689; 2; 0; 0; 1; 1; 4,68671209810032
15703; 16; 0; 0; 1; 1; 11,2128235288417
15703; 10; 0; 0; 1; 1; 11,2809050151125
15707; 10; 0; 0; 1; 1; 8,46187631988036
15718; 2; 1; 0; 0,5; 0,5; 4,68981150753662
15726; 19; 0; 0; 1; 1; 5,6422452910514
15736; 2; 1; 0; 0,5; 0,5; 4,67573464995681
15740; 2; 1; 0; 1; 0; 10,5600997620791
15750; 2; 1; 0; 1; 0; 5,628207982213
15754; 10; 0; 0; 1; 1; 11,2227458104754
15759; 19; 0; 0; 1; 1; 8,01387428216485
15772; 19; 2; 0; 1; 0; 6,48472784414331
15773; 19; 0; 0; 1; 1; 7,0417451552157
15776; 19; 0; 0; 1; 1; 5,6097119975154
15798; 2; 0; 0; 1; 1; 14,0861337751169
15810; 16; 0; 0; 1; 1; 11,2202161850407
15810; 2; 1; 0; 1; 0; 4,32939075554846
15815; 2; 1; 0; 1; 0; 6,24511627057775
15819; 2; 1; 0; 1; 0; 5,628207982213
15830; 23; 0; 0; 1; 1; 16,9262884137738
15831; 19; 2; 0; 1; 0; 9,33178223441473
15840; 10; 0; 0; 1; 1; 6,27811334125051
15850; 2; 0; 0; 1; 1; 6,24511627057775
15865; 19; 0; 0; 1; 1; 11,2194239950308
15875; 16; 0; 0; 1; 1; 4,33818405571111
15900; 16; 0; 0; 1; 1; 9,34401960736808
