MAC; alternativas; MasProb; Elección; MaxProb; ElecProb; %linkOK; %linkNO; %DistOK; %DistNO
21; 2; 0; 0; 1; 1; 1; 0; 1; 0
32; 10; 0; 0; 1; 1; 1; 0; 1; 0
46; 10; 0; 0; 1; 1; 1; 0; 1; 0
54; 10; 0; 0; 1; 1; 1; 0; 1; 0
68; 19; 0; 0; 1; 1; 1; 0; 1; 0
70; 16; 0; 0; 1; 1; 1; 0; 1; 0
77; 16; 0; 0; 1; 1; 1; 0; 1; 0
98; 2; 0; 1; 1; 0; 0; 1; 0; 1
113; 10; 0; 0; 1; 1; 1; 0; 1; 0
158; 2; 0; 0; 1; 1; 1; 0; 1; 0
176; 10; 1; 0; 1; 0; 1; 0; 1; 0
191; 10; 0; 0; 1; 1; 1; 0; 1; 0
213; 2; 0; 1; 1; 0; 0; 0; 0,334384756660017; 0,665615243339983
231; 10; 0; 0; 1; 1; 1; 0; 1; 0
244; 10; 0; 0; 1; 1; 1; 0; 1; 0
273; 19; 0; 0; 1; 1; 1; 0; 1; 0
281; 11; 0; 1; 1; 0; 0; 0; 0,331599996738756; 0,668400003261244
302; 3; 0; 1; 0,333333333333333; 0,333333333333333; 0; 0; 0,334175033414952; 0,665824966585048
321; 170; 0; 0; 1; 1; 1; 0; 1; 0
340; 19; 0; 0; 1; 1; 1; 0; 1; 0
352; 10; 2; 1; 1; 0; 0; 1; 0; 1
358; 2; 1; 0; 1; 0; 1; 0; 1; 0
362; 2; 0; 1; 0,5; 0,5; 0; 1; 0; 1
363; 20; 0; 0; 1; 1; 1; 0; 1; 0
365; 21; 0; 0; 1; 1; 1; 0; 1; 0
379; 32; 0; 16; 1; 0; 0; 0; 0,499214513767447; 0,500785486232553
402; 16; 0; 0; 1; 1; 1; 0; 1; 0
412; 16; 0; 0; 1; 1; 1; 0; 1; 0
468; 2; 1; 1; 1; 1; 0; 1; 0; 1
498; 2; 1; 0; 1; 0; 1; 0; 1; 0
503; 2; 1; 1; 1; 1; 0; 0; 0,3333415426568; 0,6666584573432
510; 18; 0; 0; 1; 1; 1; 0; 1; 0
528; 20; 0; 0; 1; 1; 1; 0; 1; 0
543; 10; 0; 0; 1; 1; 1; 0; 1; 0
546; 18; 0; 0; 1; 1; 1; 0; 1; 0
555; 2; 1; 0; 1; 0; 1; 0; 1; 0
615; 2; 0; 0; 1; 1; 1; 0; 1; 0
620; 3; 1; 2; 1; 0; 0; 0; 0,249836158183357; 0,750163841816643
630; 160; 0; 0; 1; 1; 1; 0; 1; 0
647; 2; 0; 0; 1; 1; 1; 0; 1; 0
671; 2; 0; 1; 1; 0; 0; 0; 0,33232712869403; 0,66767287130597
673; 11; 2; 0; 1; 0; 1; 0; 1; 0
679; 32; 0; 0; 0,5; 0,5; 1; 0; 1; 0
692; 19; 1; 0; 1; 0; 1; 0; 1; 0
718; 2; 0; 0; 1; 1; 1; 0; 1; 0
730; 10; 0; 0; 1; 1; 1; 0; 1; 0
794; 11; 1; 0; 1; 0; 1; 0; 1; 0
825; 19; 0; 0; 1; 1; 1; 0; 1; 0
827; 10; 0; 0; 1; 1; 1; 0; 1; 0
828; 22; 0; 0; 1; 1; 1; 0; 1; 0
830; 16; 0; 0; 1; 1; 1; 0; 1; 0
844; 19; 0; 0; 1; 1; 1; 0; 1; 0
881; 3; 0; 2; 1; 0; 0; 0; 0,249836158183357; 0,750163841816643
882; 2; 0; 1; 1; 0; 0; 1; 0; 1
919; 10; 0; 0; 1; 1; 1; 0; 1; 0
923; 2; 1; 0; 1; 0; 1; 0; 1; 0
935; 2; 0; 0; 1; 1; 1; 0; 1; 0
987; 11; 2; 0; 1; 0; 1; 0; 1; 0
991; 19; 0; 0; 1; 1; 1; 0; 1; 0
1007; 20; 0; 0; 1; 1; 1; 0; 1; 0
1015; 13; 0; 0; 1; 1; 1; 0; 1; 0
1018; 3; 0; 0; 1; 1; 1; 0; 1; 0
1051; 2; 0; 1; 1; 0; 0; 1; 0; 1
1092; 2; 0; 0; 1; 1; 1; 0; 1; 0
1093; 16; 0; 0; 1; 1; 1; 0; 1; 0
1098; 10; 0; 0; 1; 1; 1; 0; 1; 0
1102; 16; 0; 0; 1; 1; 1; 0; 1; 0
1111; 10; 2; 2; 1; 1; 0; 0; 0,499619597261387; 0,500380402738613
1127; 16; 0; 0; 1; 1; 1; 0; 1; 0
1138; 10; 0; 1; 1; 0; 0; 0; 0,33232712869403; 0,66767287130597
1155; 2; 0; 0; 1; 1; 1; 0; 1; 0
1183; 2; 0; 1; 1; 0; 0; 0; 0,332132797202093; 0,667867202797907
1224; 2; 0; 0; 1; 1; 1; 0; 1; 0
1250; 20; 0; 0; 1; 1; 1; 0; 1; 0
1267; 20; 0; 0; 1; 1; 1; 0; 1; 0
1271; 2; 0; 0; 1; 1; 1; 0; 1; 0
1273; 19; 0; 0; 1; 1; 1; 0; 1; 0
1281; 19; 0; 0; 1; 1; 1; 0; 1; 0
1315; 20; 0; 0; 1; 1; 1; 0; 1; 0
1329; 17; 0; 0; 1; 1; 1; 0; 1; 0
1331; 18; 0; 0; 1; 1; 1; 0; 1; 0
1338; 16; 0; 0; 1; 1; 1; 0; 1; 0
1342; 16; 0; 0; 1; 1; 1; 0; 1; 0
1347; 11; 2; 0; 1; 0; 1; 0; 1; 0
1354; 19; 0; 0; 1; 1; 1; 0; 1; 0
1370; 160; 0; 0; 1; 1; 1; 0; 1; 0
1376; 2; 0; 0; 1; 1; 1; 0; 1; 0
1380; 32; 0; 16; 1; 0; 0; 0; 0,49919472412182; 0,500805275878179
1431; 18; 0; 0; 1; 1; 1; 0; 1; 0
1438; 2; 0; 0; 0,5; 0,5; 1; 0; 1; 0
1471; 2; 1; 0; 1; 0; 1; 0; 1; 0
1474; 19; 0; 0; 1; 1; 1; 0; 1; 0
1478; 20; 0; 0; 1; 1; 1; 0; 1; 0
1484; 20; 0; 0; 1; 1; 1; 0; 1; 0
1495; 10; 0; 0; 1; 1; 1; 0; 1; 0
1527; 10; 0; 0; 1; 1; 1; 0; 1; 0
1573; 16; 0; 0; 1; 1; 1; 0; 1; 0
1576; 32; 0; 16; 1; 0; 0; 0; 0,49919472412182; 0,500805275878179
1581; 19; 0; 0; 1; 1; 1; 0; 1; 0
1587; 19; 0; 0; 1; 1; 1; 0; 1; 0
1588; 20; 0; 0; 1; 1; 1; 0; 1; 0
1597; 19; 0; 0; 1; 1; 1; 0; 1; 0
1607; 19; 0; 0; 1; 1; 1; 0; 1; 0
1611; 19; 0; 0; 1; 1; 1; 0; 1; 0
1618; 20; 0; 0; 1; 1; 1; 0; 1; 0
1624; 19; 0; 0; 1; 1; 1; 0; 1; 0
1649; 23; 0; 0; 1; 1; 1; 0; 1; 0
1650; 2; 0; 0; 1; 1; 1; 0; 1; 0
1675; 11; 0; 0; 1; 1; 1; 0; 1; 0
1676; 2; 0; 0; 1; 1; 1; 0; 1; 0
1687; 2; 0; 0; 1; 1; 1; 0; 1; 0
1688; 19; 0; 0; 1; 1; 1; 0; 1; 0
1691; 23; 0; 0; 1; 1; 1; 0; 1; 0
1692; 2; 0; 0; 1; 1; 1; 0; 1; 0
1703; 24; 4; 5; 1; 0; 0; 1; 0; 1
1753; 3; 0; 2; 1; 0; 0; 1; 0; 1
1770; 2; 0; 1; 1; 0; 0; 1; 0; 1
1800; 4; 0; 0; 1; 1; 1; 0; 1; 0
1803; 2; 0; 1; 1; 0; 0; 0; 0,331582898370668; 0,668417101629332
1808; 3; 0; 2; 1; 0; 0; 0; 0,249836158183357; 0,750163841816643
1809; 23; 0; 0; 1; 1; 1; 0; 1; 0
1811; 3; 2; 2; 1; 1; 0; 0; 0,249836158183357; 0,750163841816643
1813; 2; 1; 0; 1; 0; 1; 0; 1; 0
1842; 2; 1; 0; 1; 0; 1; 0; 1; 0
1875; 32; 0; 0; 1; 1; 1; 0; 1; 0
1883; 2; 0; 1; 1; 0; 0; 0; 0,332651268006151; 0,667348731993848
1954; 21; 0; 0; 1; 1; 1; 0; 1; 0
1965; 2; 1; 1; 1; 1; 0; 1; 0; 1
1980; 20; 0; 0; 1; 1; 1; 0; 1; 0
1984; 15; 0; 0; 1; 1; 1; 0; 1; 0
1997; 2; 1; 0; 1; 0; 1; 0; 1; 0
2008; 23; 0; 0; 1; 1; 1; 0; 1; 0
2031; 19; 0; 0; 1; 1; 1; 0; 1; 0
2032; 2; 0; 0; 1; 1; 1; 0; 1; 0
2033; 2; 0; 0; 1; 1; 1; 0; 1; 0
2041; 20; 0; 0; 1; 1; 1; 0; 1; 0
2059; 2; 1; 0; 1; 0; 1; 0; 1; 0
2102; 10; 0; 0; 1; 1; 1; 0; 1; 0
2122; 10; 0; 0; 1; 1; 1; 0; 1; 0
2126; 10; 0; 0; 1; 1; 1; 0; 1; 0
2136; 13; 0; 0; 1; 1; 1; 0; 1; 0
2145; 20; 0; 0; 1; 1; 1; 0; 1; 0
2163; 2; 1; 0; 1; 0; 1; 0; 1; 0
2187; 2; 1; 0; 1; 0; 1; 0; 1; 0
2190; 2; 1; 1; 1; 1; 0; 1; 0; 1
2199; 19; 0; 0; 1; 1; 1; 0; 1; 0
2233; 10; 0; 0; 1; 1; 1; 0; 1; 0
2234; 2; 1; 0; 1; 0; 1; 0; 1; 0
2246; 10; 1; 2; 1; 0; 0; 1; 0; 1
2267; 2; 1; 0; 1; 0; 1; 0; 1; 0
2278; 2; 1; 0; 1; 0; 1; 0; 1; 0
2283; 2; 1; 0; 1; 0; 1; 0; 1; 0
2294; 19; 0; 0; 1; 1; 1; 0; 1; 0
2299; 16; 0; 0; 1; 1; 1; 0; 1; 0
2300; 19; 2; 1; 1; 0; 0; 1; 0; 1
2310; 20; 0; 0; 1; 1; 1; 0; 1; 0
2329; 23; 0; 0; 1; 1; 1; 0; 1; 0
2423; 19; 0; 0; 1; 1; 1; 0; 1; 0
2442; 20; 0; 0; 1; 1; 1; 0; 1; 0
2453; 10; 2; 0; 1; 0; 1; 0; 1; 0
2456; 2; 0; 1; 1; 0; 0; 0; 0,332790223572103; 0,667209776427897
2478; 19; 0; 0; 1; 1; 1; 0; 1; 0
2496; 16; 0; 0; 1; 1; 1; 0; 1; 0
2498; 19; 0; 0; 1; 1; 1; 0; 1; 0
2514; 160; 0; 0; 1; 1; 1; 0; 1; 0
2516; 19; 0; 0; 1; 1; 1; 0; 1; 0
2518; 2; 0; 0; 0,5; 0,5; 1; 0; 1; 0
2519; 2; 1; 0; 1; 0; 1; 0; 1; 0
2531; 23; 0; 0; 1; 1; 1; 0; 1; 0
2532; 25; 3; 0; 1; 0; 1; 0; 1; 0
2536; 19; 1; 0; 1; 0; 1; 0; 1; 0
2542; 2; 1; 0; 1; 0; 1; 0; 1; 0
2553; 2; 0; 0; 1; 1; 1; 0; 1; 0
2571; 19; 0; 0; 1; 1; 1; 0; 1; 0
2626; 17; 1; 2; 1; 0; 0; 0; 0,250318178027965; 0,749681821972035
2627; 3; 0; 0; 1; 1; 1; 0; 1; 0
2657; 10; 0; 0; 1; 1; 1; 0; 1; 0
2663; 19; 1; 0; 1; 0; 1; 0; 1; 0
2708; 2; 0; 0; 1; 1; 1; 0; 1; 0
2738; 2; 0; 0; 1; 1; 1; 0; 1; 0
2760; 19; 0; 0; 1; 1; 1; 0; 1; 0
2762; 20; 0; 0; 1; 1; 1; 0; 1; 0
2766; 22; 1; 0; 1; 0; 1; 0; 1; 0
2801; 2; 1; 0; 1; 0; 1; 0; 1; 0
2814; 2; 1; 0; 1; 0; 1; 0; 1; 0
2832; 19; 0; 0; 1; 1; 1; 0; 1; 0
2856; 2; 0; 0; 1; 1; 1; 0; 1; 0
2858; 16; 0; 0; 1; 1; 1; 0; 1; 0
2872; 10; 0; 2; 1; 0; 0; 0; 0,500296553284424; 0,499703446715576
2875; 20; 0; 0; 1; 1; 1; 0; 1; 0
2883; 20; 0; 0; 1; 1; 1; 0; 1; 0
2898; 19; 0; 0; 1; 1; 1; 0; 1; 0
2911; 2; 0; 0; 1; 1; 1; 0; 1; 0
2921; 2; 1; 1; 1; 1; 0; 1; 0; 1
2922; 19; 1; 1; 1; 1; 0; 0; 0,250436147319357; 0,749563852680643
2931; 2; 1; 0; 1; 0; 1; 0; 1; 0
2936; 10; 0; 0; 1; 1; 1; 0; 1; 0
2945; 2; 1; 0; 1; 0; 1; 0; 1; 0
2952; 19; 0; 0; 1; 1; 1; 0; 1; 0
2957; 19; 0; 0; 1; 1; 1; 0; 1; 0
2973; 2; 1; 0; 1; 0; 1; 0; 1; 0
2992; 2; 1; 0; 1; 0; 1; 0; 1; 0
3018; 2; 1; 0; 1; 0; 1; 0; 1; 0
3053; 10; 0; 0; 1; 1; 1; 0; 1; 0
3060; 2; 0; 0; 1; 1; 1; 0; 1; 0
3063; 4; 3; 2; 1; 0; 0; 0; 0,599588066379012; 0,400411933620988
3081; 10; 0; 0; 1; 1; 1; 0; 1; 0
3082; 19; 0; 0; 1; 1; 1; 0; 1; 0
3103; 2; 1; 0; 1; 0; 1; 0; 1; 0
3121; 2; 1; 1; 1; 1; 0; 0; 0,249787733109149; 0,750212266890851
3129; 16; 0; 0; 1; 1; 1; 0; 1; 0
3135; 2; 1; 0; 1; 0; 1; 0; 1; 0
3152; 19; 0; 0; 1; 1; 1; 0; 1; 0
3160; 19; 0; 0; 1; 1; 1; 0; 1; 0
3169; 10; 0; 0; 1; 1; 1; 0; 1; 0
3196; 10; 0; 0; 1; 1; 1; 0; 1; 0
3212; 23; 0; 0; 1; 1; 1; 0; 1; 0
3214; 2; 1; 1; 1; 1; 0; 1; 0; 1
3220; 10; 0; 0; 1; 1; 1; 0; 1; 0
3225; 2; 0; 0; 1; 1; 1; 0; 1; 0
3229; 11; 0; 0; 1; 1; 1; 0; 1; 0
3275; 10; 0; 0; 1; 1; 1; 0; 1; 0
3292; 2; 1; 0; 1; 0; 1; 0; 1; 0
3321; 16; 0; 0; 1; 1; 1; 0; 1; 0
3327; 3; 0; 0; 1; 1; 1; 0; 1; 0
3336; 2; 0; 1; 1; 0; 0; 0; 0,3333415426568; 0,6666584573432
3347; 19; 0; 0; 1; 1; 1; 0; 1; 0
3354; 19; 0; 0; 1; 1; 1; 0; 1; 0
3359; 2; 0; 1; 1; 0; 0; 0; 0,332790223572103; 0,667209776427897
3366; 2; 0; 0; 1; 1; 1; 0; 1; 0
3395; 3; 1; 2; 1; 0; 0; 0; 0,249836158183357; 0,750163841816643
3402; 19; 0; 0; 1; 1; 1; 0; 1; 0
3409; 10; 0; 0; 1; 1; 1; 0; 1; 0
3420; 2; 1; 0; 1; 0; 1; 0; 1; 0
3435; 2; 1; 1; 1; 1; 0; 1; 0; 1
3440; 19; 0; 0; 1; 1; 1; 0; 1; 0
3469; 18; 0; 0; 1; 1; 1; 0; 1; 0
3472; 18; 0; 0; 1; 1; 1; 0; 1; 0
3475; 2; 0; 0; 1; 1; 1; 0; 1; 0
3477; 13; 0; 0; 1; 1; 1; 0; 1; 0
3484; 19; 0; 0; 1; 1; 1; 0; 1; 0
3512; 2; 0; 1; 0,5; 0,5; 0; 0; 0,332132797202093; 0,667867202797907
3539; 19; 0; 0; 1; 1; 1; 0; 1; 0
3567; 16; 0; 0; 1; 1; 1; 0; 1; 0
3570; 20; 0; 0; 1; 1; 1; 0; 1; 0
3578; 15; 0; 0; 1; 1; 1; 0; 1; 0
3594; 19; 0; 0; 1; 1; 1; 0; 1; 0
3600; 19; 0; 0; 1; 1; 1; 0; 1; 0
3604; 10; 2; 2; 1; 1; 0; 0; 0,500296553284424; 0,499703446715576
3648; 2; 0; 1; 1; 0; 0; 1; 0; 1
3657; 2; 0; 0; 1; 1; 1; 0; 1; 0
3676; 18; 0; 0; 1; 1; 1; 0; 1; 0
3695; 10; 0; 0; 1; 1; 1; 0; 1; 0
3697; 20; 0; 0; 1; 1; 1; 0; 1; 0
3769; 2; 0; 1; 1; 0; 0; 1; 0; 1
3771; 2; 0; 0; 0,5; 0,5; 1; 0; 1; 0
3783; 18; 0; 0; 1; 1; 1; 0; 1; 0
3790; 2; 1; 0; 1; 0; 1; 0; 1; 0
3806; 2; 1; 1; 1; 1; 0; 1; 0; 1
3809; 17; 0; 0; 1; 1; 1; 0; 1; 0
3817; 4; 0; 1; 1; 0; 0; 0; 0,500296553284424; 0,499703446715576
3824; 10; 0; 2; 1; 0; 0; 0; 0,500296553284424; 0,499703446715576
3843; 16; 0; 0; 1; 1; 1; 0; 1; 0
3846; 20; 0; 0; 1; 1; 1; 0; 1; 0
3849; 19; 0; 0; 1; 1; 1; 0; 1; 0
3875; 10; 0; 0; 1; 1; 1; 0; 1; 0
3951; 20; 0; 0; 1; 1; 1; 0; 1; 0
3958; 19; 0; 0; 1; 1; 1; 0; 1; 0
3964; 16; 0; 0; 1; 1; 1; 0; 1; 0
3970; 2; 0; 1; 1; 0; 0; 0; 0,33305199406266; 0,66694800593734
3977; 2; 0; 0; 1; 1; 1; 0; 1; 0
3984; 10; 0; 0; 1; 1; 1; 0; 1; 0
3997; 10; 0; 0; 1; 1; 1; 0; 1; 0
4017; 2; 0; 0; 1; 1; 1; 0; 1; 0
4032; 21; 0; 0; 1; 1; 1; 0; 1; 0
4044; 10; 0; 0; 1; 1; 1; 0; 1; 0
4047; 2; 0; 0; 0,5; 0,5; 1; 0; 1; 0
4055; 20; 0; 0; 1; 1; 1; 0; 1; 0
4069; 23; 0; 0; 1; 1; 1; 0; 1; 0
4083; 19; 0; 0; 1; 1; 1; 0; 1; 0
4108; 2; 0; 0; 1; 1; 1; 0; 1; 0
4124; 18; 0; 0; 1; 1; 1; 0; 1; 0
4125; 10; 0; 0; 1; 1; 1; 0; 1; 0
4136; 19; 0; 0; 1; 1; 1; 0; 1; 0
4138; 19; 0; 0; 1; 1; 1; 0; 1; 0
4144; 160; 0; 0; 1; 1; 1; 0; 1; 0
4147; 23; 0; 0; 1; 1; 1; 0; 1; 0
4193; 16; 0; 0; 1; 1; 1; 0; 1; 0
4225; 4; 3; 2; 1; 0; 0; 0; 0,499662038165893; 0,500337961834107
4234; 2; 0; 0; 1; 1; 1; 0; 1; 0
4242; 2; 1; 0; 1; 0; 1; 0; 1; 0
4245; 11; 0; 2; 1; 0; 0; 1; 0; 1
4278; 10; 0; 0; 1; 1; 1; 0; 1; 0
4311; 10; 0; 0; 1; 1; 1; 0; 1; 0
4317; 20; 0; 0; 1; 1; 1; 0; 1; 0
4335; 16; 0; 0; 1; 1; 1; 0; 1; 0
4341; 2; 1; 0; 1; 0; 1; 0; 1; 0
4351; 2; 1; 0; 1; 0; 1; 0; 1; 0
4354; 2; 0; 0; 1; 1; 1; 0; 1; 0
4375; 2; 1; 1; 1; 1; 0; 0; 0,33305199406266; 0,66694800593734
4391; 2; 1; 1; 1; 1; 0; 1; 0; 1
4392; 24; 1; 3; 1; 0; 0; 0; 0,500256624585928; 0,499743375414072
4427; 10; 0; 0; 1; 1; 1; 0; 1; 0
4436; 10; 0; 1; 1; 0; 0; 1; 0; 1
4466; 10; 0; 0; 1; 1; 1; 0; 1; 0
4486; 10; 0; 0; 1; 1; 1; 0; 1; 0
4488; 20; 0; 0; 1; 1; 1; 0; 1; 0
4497; 10; 1; 2; 1; 0; 0; 0; 0,500296553284424; 0,499703446715576
4512; 10; 0; 0; 1; 1; 1; 0; 1; 0
4514; 10; 0; 0; 1; 1; 1; 0; 1; 0
4517; 2; 0; 1; 0,5; 0,5; 0; 1; 0; 1
4565; 10; 0; 0; 1; 1; 1; 0; 1; 0
4577; 19; 0; 0; 1; 1; 1; 0; 1; 0
4589; 10; 1; 6; 0,1; 0,1; 0; 1; 0; 1
4590; 24; 0; 3; 1; 0; 0; 0; 0,500256624585928; 0,499743375414072
4592; 2; 0; 1; 1; 0; 0; 0; 0,333430975862548; 0,666569024137453
4608; 2; 0; 0; 1; 1; 1; 0; 1; 0
4619; 18; 0; 0; 1; 1; 1; 0; 1; 0
4621; 19; 0; 0; 1; 1; 1; 0; 1; 0
4622; 19; 0; 0; 1; 1; 1; 0; 1; 0
4645; 2; 1; 1; 1; 1; 0; 0; 0,499214513767447; 0,500785486232553
4656; 10; 1; 2; 1; 0; 0; 0; 0,499743375414072; 0,500256624585928
4666; 10; 0; 0; 1; 1; 1; 0; 1; 0
4704; 18; 0; 0; 1; 1; 1; 0; 1; 0
4724; 2; 1; 0; 1; 0; 1; 0; 1; 0
4747; 10; 0; 0; 1; 1; 1; 0; 1; 0
4749; 19; 0; 0; 1; 1; 1; 0; 1; 0
4758; 3; 0; 0; 1; 1; 1; 0; 1; 0
4776; 2; 0; 0; 1; 1; 1; 0; 1; 0
4812; 16; 0; 0; 1; 1; 1; 0; 1; 0
4816; 15; 0; 0; 1; 1; 1; 0; 1; 0
4824; 2; 1; 1; 1; 1; 0; 1; 0; 1
4881; 19; 0; 0; 1; 1; 1; 0; 1; 0
4914; 20; 0; 0; 1; 1; 1; 0; 1; 0
4924; 16; 0; 0; 1; 1; 1; 0; 1; 0
4927; 2; 0; 0; 1; 1; 1; 0; 1; 0
4936; 19; 0; 0; 1; 1; 1; 0; 1; 0
4943; 2; 1; 0; 1; 0; 1; 0; 1; 0
5003; 16; 0; 0; 1; 1; 1; 0; 1; 0
5120; 2; 1; 0; 1; 0; 1; 0; 1; 0
5160; 2; 1; 1; 1; 1; 0; 1; 0; 1
5174; 2; 1; 0; 1; 0; 1; 0; 1; 0
5194; 2; 0; 0; 1; 1; 1; 0; 1; 0
5211; 2; 1; 0; 1; 0; 1; 0; 1; 0
5223; 19; 0; 0; 1; 1; 1; 0; 1; 0
5227; 10; 0; 0; 1; 1; 1; 0; 1; 0
5243; 10; 0; 0; 1; 1; 1; 0; 1; 0
5279; 19; 0; 0; 1; 1; 1; 0; 1; 0
5300; 2; 1; 0; 1; 0; 1; 0; 1; 0
5302; 19; 0; 0; 1; 1; 1; 0; 1; 0
5306; 16; 0; 0; 1; 1; 1; 0; 1; 0
5321; 2; 0; 1; 1; 0; 0; 1; 0; 1
5331; 2; 0; 1; 1; 0; 0; 0; 0,334208340751588; 0,665791659248412
5355; 2; 0; 0; 1; 1; 1; 0; 1; 0
5358; 2; 0; 0; 1; 1; 1; 0; 1; 0
5360; 19; 0; 0; 1; 1; 1; 0; 1; 0
5375; 16; 0; 0; 1; 1; 1; 0; 1; 0
5396; 20; 0; 0; 1; 1; 1; 0; 1; 0
5397; 16; 0; 0; 1; 1; 1; 0; 1; 0
5424; 20; 0; 0; 1; 1; 1; 0; 1; 0
5441; 15; 0; 0; 1; 1; 1; 0; 1; 0
5452; 19; 0; 0; 1; 1; 1; 0; 1; 0
5458; 2; 1; 0; 1; 0; 1; 0; 1; 0
5464; 2; 1; 0; 1; 0; 1; 0; 1; 0
5518; 2; 1; 1; 1; 1; 0; 1; 0; 1
5533; 2; 1; 0; 1; 0; 1; 0; 1; 0
5547; 19; 0; 0; 1; 1; 1; 0; 1; 0
5548; 19; 0; 0; 1; 1; 1; 0; 1; 0
5715; 2; 0; 1; 1; 0; 0; 0; 0,599312937944437; 0,400687062055563
5716; 16; 0; 0; 1; 1; 1; 0; 1; 0
5732; 10; 0; 0; 1; 1; 1; 0; 1; 0
5798; 16; 0; 0; 1; 1; 1; 0; 1; 0
5800; 190; 0; 0; 1; 1; 1; 0; 1; 0
5804; 2; 0; 0; 1; 1; 1; 0; 1; 0
5805; 32; 16; 0; 1; 0; 1; 0; 1; 0
5814; 2; 1; 0; 1; 0; 1; 0; 1; 0
5833; 2; 0; 0; 0,5; 0,5; 1; 0; 1; 0
5874; 3; 0; 0; 1; 1; 1; 0; 1; 0
5889; 2; 1; 1; 1; 1; 0; 0; 0,500338827293833; 0,499661172706167
5908; 25; 2; 0; 1; 0; 1; 0; 1; 0
5930; 10; 2; 1; 1; 0; 0; 1; 0; 1
5932; 2; 0; 1; 1; 0; 0; 0; 0,24956858462723; 0,75043141537277
5937; 10; 0; 0; 1; 1; 1; 0; 1; 0
5951; 10; 0; 0; 1; 1; 1; 0; 1; 0
6023; 2; 1; 1; 1; 1; 0; 0; 0,33232712869403; 0,66767287130597
6032; 18; 0; 0; 1; 1; 1; 0; 1; 0
6042; 19; 0; 1; 1; 0; 0; 0; 0,248629335125633; 0,751370664874367
6057; 19; 0; 0; 1; 1; 1; 0; 1; 0
6062; 19; 0; 0; 1; 1; 1; 0; 1; 0
6066; 15; 0; 0; 1; 1; 1; 0; 1; 0
6076; 2; 0; 1; 1; 0; 0; 1; 0; 1
6077; 20; 0; 0; 1; 1; 1; 0; 1; 0
6108; 10; 0; 0; 1; 1; 1; 0; 1; 0
6119; 11; 2; 2; 1; 1; 0; 0; 0,251375822415968; 0,748624177584032
6130; 3; 2; 2; 1; 1; 0; 1; 0; 1
6153; 2; 1; 1; 1; 1; 0; 1; 0; 1
6160; 10; 0; 1; 1; 0; 0; 0; 0,33232712869403; 0,66767287130597
6169; 3; 0; 2; 1; 0; 0; 0; 0,334757627560464; 0,665242372439536
6171; 2; 0; 0; 1; 1; 1; 0; 1; 0
6204; 2; 0; 0; 1; 1; 1; 0; 1; 0
6206; 160; 0; 0; 1; 1; 1; 0; 1; 0
6209; 10; 0; 1; 0,1; 0,1; 0; 1; 0; 1
6213; 2; 0; 0; 1; 1; 1; 0; 1; 0
6226; 2; 0; 0; 1; 1; 1; 0; 1; 0
6231; 10; 0; 0; 1; 1; 1; 0; 1; 0
6236; 16; 0; 0; 1; 1; 1; 0; 1; 0
6268; 3; 2; 1; 1; 0; 0; 0; 0,334208340751588; 0,665791659248412
6281; 20; 0; 0; 1; 1; 1; 0; 1; 0
6287; 2; 0; 0; 1; 1; 1; 0; 1; 0
6297; 2; 1; 0; 1; 0; 1; 0; 1; 0
6323; 19; 0; 0; 1; 1; 1; 0; 1; 0
6334; 2; 0; 0; 1; 1; 1; 0; 1; 0
6346; 10; 0; 0; 1; 1; 1; 0; 1; 0
6389; 2; 1; 1; 1; 1; 0; 0; 0,332596470775875; 0,667403529224125
6397; 19; 0; 0; 1; 1; 1; 0; 1; 0
6450; 2; 0; 0; 1; 1; 1; 0; 1; 0
6453; 2; 1; 1; 1; 1; 0; 0; 0,498907759353759; 0,501092240646241
6472; 24; 2; 0; 1; 0; 1; 0; 1; 0
6495; 2; 1; 0; 1; 0; 1; 0; 1; 0
6503; 19; 1; 0; 1; 0; 1; 0; 1; 0
6511; 3; 0; 0; 1; 1; 1; 0; 1; 0
6515; 18; 0; 0; 1; 1; 1; 0; 1; 0
6528; 13; 0; 0; 1; 1; 1; 0; 1; 0
6543; 18; 0; 0; 1; 1; 1; 0; 1; 0
6549; 2; 0; 0; 1; 1; 1; 0; 1; 0
6587; 19; 0; 0; 1; 1; 1; 0; 1; 0
6594; 10; 0; 0; 1; 1; 1; 0; 1; 0
6651; 20; 0; 0; 1; 1; 1; 0; 1; 0
6676; 2; 0; 0; 1; 1; 1; 0; 1; 0
6682; 19; 0; 0; 1; 1; 1; 0; 1; 0
6687; 2; 0; 1; 1; 0; 0; 1; 0; 1
6704; 2; 0; 1; 1; 0; 0; 1; 0; 1
6718; 10; 0; 0; 1; 1; 1; 0; 1; 0
6724; 2; 0; 0; 1; 1; 1; 0; 1; 0
6739; 19; 1; 0; 1; 0; 1; 0; 1; 0
6749; 2; 0; 0; 1; 1; 1; 0; 1; 0
6787; 10; 0; 0; 1; 1; 1; 0; 1; 0
6794; 16; 0; 0; 1; 1; 1; 0; 1; 0
6804; 18; 0; 0; 1; 1; 1; 0; 1; 0
6820; 21; 0; 0; 1; 1; 1; 0; 1; 0
6824; 19; 0; 0; 1; 1; 1; 0; 1; 0
6826; 2; 0; 0; 1; 1; 1; 0; 1; 0
6863; 19; 0; 0; 1; 1; 1; 0; 1; 0
6866; 15; 0; 0; 1; 1; 1; 0; 1; 0
6903; 18; 0; 0; 1; 1; 1; 0; 1; 0
6907; 18; 0; 0; 1; 1; 1; 0; 1; 0
6909; 18; 0; 0; 1; 1; 1; 0; 1; 0
6912; 2; 1; 1; 1; 1; 0; 1; 0; 1
6934; 10; 0; 0; 1; 1; 1; 0; 1; 0
6937; 2; 0; 0; 0,5; 0,5; 1; 0; 1; 0
6947; 10; 0; 0; 1; 1; 1; 0; 1; 0
6960; 2; 0; 0; 1; 1; 1; 0; 1; 0
6961; 20; 0; 0; 1; 1; 1; 0; 1; 0
6967; 20; 0; 0; 1; 1; 1; 0; 1; 0
6970; 13; 0; 0; 1; 1; 1; 0; 1; 0
6989; 10; 0; 0; 1; 1; 1; 0; 1; 0
7011; 16; 0; 0; 1; 1; 1; 0; 1; 0
7034; 16; 0; 0; 1; 1; 1; 0; 1; 0
7035; 13; 0; 0; 1; 1; 1; 0; 1; 0
7038; 13; 0; 0; 1; 1; 1; 0; 1; 0
7041; 16; 0; 0; 1; 1; 1; 0; 1; 0
7047; 16; 0; 0; 1; 1; 1; 0; 1; 0
7056; 16; 0; 0; 1; 1; 1; 0; 1; 0
7090; 2; 1; 1; 1; 1; 0; 1; 0; 1
7092; 13; 0; 0; 1; 1; 1; 0; 1; 0
7140; 2; 1; 0; 1; 0; 1; 0; 1; 0
7145; 10; 0; 0; 1; 1; 1; 0; 1; 0
7155; 2; 0; 0; 0,5; 0,5; 1; 0; 1; 0
7158; 2; 1; 1; 1; 1; 0; 0; 0,332651268006151; 0,667348731993848
7175; 10; 0; 0; 1; 1; 1; 0; 1; 0
7213; 13; 0; 0; 1; 1; 1; 0; 1; 0
7248; 10; 2; 0; 1; 0; 1; 0; 1; 0
7262; 10; 0; 0; 1; 1; 1; 0; 1; 0
7266; 2; 1; 1; 1; 1; 0; 0; 0,332267532977796; 0,667732467022204
7278; 18; 0; 0; 1; 1; 1; 0; 1; 0
7279; 20; 0; 0; 1; 1; 1; 0; 1; 0
7280; 10; 0; 0; 1; 1; 1; 0; 1; 0
7283; 2; 0; 0; 1; 1; 1; 0; 1; 0
7287; 10; 2; 2; 1; 1; 0; 0; 0,500296553284424; 0,499703446715576
7316; 18; 0; 0; 1; 1; 1; 0; 1; 0
7318; 19; 0; 0; 1; 1; 1; 0; 1; 0
7332; 10; 0; 0; 1; 1; 1; 0; 1; 0
7335; 19; 0; 0; 1; 1; 1; 0; 1; 0
7344; 2; 1; 1; 1; 1; 0; 0; 0,334175033414952; 0,665824966585048
7345; 19; 0; 0; 1; 1; 1; 0; 1; 0
7364; 18; 0; 0; 0,0555555555555555; 0,0555555555555555; 1; 0; 1; 0
7375; 2; 0; 0; 1; 1; 1; 0; 1; 0
7418; 2; 0; 0; 1; 1; 1; 0; 1; 0
7450; 19; 0; 0; 1; 1; 1; 0; 1; 0
7466; 19; 0; 0; 1; 1; 1; 0; 1; 0
7470; 10; 0; 0; 1; 1; 1; 0; 1; 0
7473; 10; 2; 1; 1; 0; 0; 0; 0,599288829618811; 0,400711170381189
7495; 2; 0; 0; 1; 1; 1; 0; 1; 0
7522; 16; 0; 0; 1; 1; 1; 0; 1; 0
7528; 10; 0; 0; 1; 1; 1; 0; 1; 0
7538; 2; 1; 0; 1; 0; 1; 0; 1; 0
7539; 10; 0; 2; 1; 0; 0; 0; 0,334668139623265; 0,665331860376735
7542; 2; 0; 1; 1; 0; 0; 0; 0,500461757218196; 0,499538242781804
7547; 18; 0; 0; 1; 1; 1; 0; 1; 0
7552; 10; 0; 0; 1; 1; 1; 0; 1; 0
7564; 16; 0; 0; 1; 1; 1; 0; 1; 0
7580; 10; 0; 0; 1; 1; 1; 0; 1; 0
7584; 2; 0; 0; 1; 1; 1; 0; 1; 0
7597; 16; 0; 0; 1; 1; 1; 0; 1; 0
7599; 2; 0; 0; 0,5; 0,5; 1; 0; 1; 0
7623; 16; 0; 0; 1; 1; 1; 0; 1; 0
7626; 4; 3; 2; 1; 0; 0; 0; 0,499662038165893; 0,500337961834107
7657; 13; 0; 0; 1; 1; 1; 0; 1; 0
7662; 19; 1; 1; 1; 1; 0; 0; 0,248629335125633; 0,751370664874367
7668; 20; 0; 0; 1; 1; 1; 0; 1; 0
7692; 2; 0; 0; 1; 1; 1; 0; 1; 0
7698; 4; 0; 1; 1; 0; 0; 0; 0,499610192640042; 0,500389807359958
7701; 2; 0; 1; 1; 0; 0; 0; 0,332790223572103; 0,667209776427897
7703; 2; 0; 0; 1; 1; 1; 0; 1; 0
7721; 2; 0; 0; 1; 1; 1; 0; 1; 0
7724; 10; 0; 0; 1; 1; 1; 0; 1; 0
7731; 2; 0; 0; 1; 1; 1; 0; 1; 0
7738; 2; 0; 0; 1; 1; 1; 0; 1; 0
7759; 10; 2; 0; 1; 0; 1; 0; 1; 0
7807; 16; 0; 0; 1; 1; 1; 0; 1; 0
7812; 10; 1; 0; 1; 0; 1; 0; 1; 0
7815; 19; 0; 0; 1; 1; 1; 0; 1; 0
7820; 19; 0; 0; 1; 1; 1; 0; 1; 0
7832; 2; 0; 1; 1; 0; 0; 1; 0; 1
7841; 10; 0; 0; 1; 1; 1; 0; 1; 0
7843; 10; 2; 0; 1; 0; 1; 0; 1; 0
7846; 10; 0; 0; 1; 1; 1; 0; 1; 0
7853; 2; 0; 0; 0,5; 0,5; 1; 0; 1; 0
7859; 2; 1; 1; 1; 1; 0; 1; 0; 1
7861; 21; 0; 0; 1; 1; 1; 0; 1; 0
7875; 19; 0; 0; 1; 1; 1; 0; 1; 0
7904; 18; 0; 0; 1; 1; 1; 0; 1; 0
7974; 16; 0; 0; 1; 1; 1; 0; 1; 0
7989; 10; 0; 0; 1; 1; 1; 0; 1; 0
8007; 10; 2; 0; 1; 0; 1; 0; 1; 0
8014; 16; 0; 0; 1; 1; 1; 0; 1; 0
8075; 2; 0; 0; 0,5; 0,5; 1; 0; 1; 0
8093; 2; 1; 0; 1; 0; 1; 0; 1; 0
8117; 10; 0; 0; 1; 1; 1; 0; 1; 0
8125; 18; 0; 0; 0,0555555555555555; 0,0555555555555555; 1; 0; 1; 0
8130; 4; 1; 1; 1; 1; 0; 0; 0,500296553284424; 0,499703446715576
8136; 21; 0; 0; 1; 1; 1; 0; 1; 0
8140; 2; 1; 1; 1; 1; 0; 0; 0,249121077163523; 0,750878922836477
8156; 2; 1; 1; 1; 1; 0; 0; 0,33232712869403; 0,66767287130597
8164; 2; 1; 1; 1; 1; 0; 0; 0,331599996738756; 0,668400003261244
8170; 2; 1; 1; 1; 1; 0; 1; 0; 1
8197; 2; 1; 1; 1; 1; 0; 1; 0; 1
8203; 32; 16; 0; 1; 0; 1; 0; 1; 0
8206; 2; 0; 1; 1; 0; 0; 1; 0; 1
8214; 11; 0; 0; 1; 1; 1; 0; 1; 0
8245; 2; 0; 0; 1; 1; 1; 0; 1; 0
8260; 2; 0; 0; 1; 1; 1; 0; 1; 0
8263; 2; 0; 0; 1; 1; 1; 0; 1; 0
8296; 19; 0; 0; 1; 1; 1; 0; 1; 0
8304; 16; 0; 0; 1; 1; 1; 0; 1; 0
8307; 2; 1; 0; 1; 0; 1; 0; 1; 0
8312; 10; 2; 0; 1; 0; 1; 0; 1; 0
8315; 2; 0; 0; 1; 1; 1; 0; 1; 0
8352; 2; 0; 0; 1; 1; 1; 0; 1; 0
8356; 2; 0; 0; 0,5; 0,5; 1; 0; 1; 0
8357; 10; 0; 0; 1; 1; 1; 0; 1; 0
8358; 19; 0; 0; 1; 1; 1; 0; 1; 0
8361; 20; 0; 0; 1; 1; 1; 0; 1; 0
8373; 10; 0; 0; 1; 1; 1; 0; 1; 0
8375; 10; 0; 0; 1; 1; 1; 0; 1; 0
8376; 10; 0; 0; 1; 1; 1; 0; 1; 0
8381; 10; 0; 0; 1; 1; 1; 0; 1; 0
8408; 10; 2; 2; 1; 1; 0; 0; 0,332032239591889; 0,667967760408111
8413; 10; 0; 0; 1; 1; 1; 0; 1; 0
8419; 2; 0; 0; 1; 1; 1; 0; 1; 0
8436; 19; 0; 0; 1; 1; 1; 0; 1; 0
8445; 20; 0; 0; 1; 1; 1; 0; 1; 0
8451; 25; 3; 0; 1; 0; 1; 0; 1; 0
8462; 16; 0; 0; 1; 1; 1; 0; 1; 0
8483; 2; 1; 1; 1; 1; 0; 0; 0,500461757218196; 0,499538242781804
8512; 2; 1; 0; 1; 0; 1; 0; 1; 0
8530; 19; 0; 0; 1; 1; 1; 0; 1; 0
8550; 2; 1; 0; 1; 0; 1; 0; 1; 0
8554; 10; 0; 0; 1; 1; 1; 0; 1; 0
8565; 3; 1; 2; 1; 0; 0; 0; 0,249836158183357; 0,750163841816643
8608; 2; 1; 0; 1; 0; 1; 0; 1; 0
8609; 10; 0; 0; 1; 1; 1; 0; 1; 0
8623; 3; 1; 2; 1; 0; 0; 1; 0; 1
8625; 2; 1; 0; 1; 0; 1; 0; 1; 0
8627; 23; 0; 0; 1; 1; 1; 0; 1; 0
8641; 13; 0; 0; 1; 1; 1; 0; 1; 0
8661; 2; 0; 0; 1; 1; 1; 0; 1; 0
8669; 16; 0; 0; 1; 1; 1; 0; 1; 0
8703; 2; 0; 0; 1; 1; 1; 0; 1; 0
8705; 2; 0; 0; 1; 1; 1; 0; 1; 0
8713; 4; 0; 0; 1; 1; 1; 0; 1; 0
8736; 19; 0; 0; 1; 1; 1; 0; 1; 0
8754; 2; 0; 0; 1; 1; 1; 0; 1; 0
8762; 2; 1; 1; 1; 1; 0; 0; 0,333771566185375; 0,666228433814625
8771; 2; 1; 0; 1; 0; 1; 0; 1; 0
8796; 15; 0; 0; 1; 1; 1; 0; 1; 0
8800; 19; 0; 0; 1; 1; 1; 0; 1; 0
8801; 3; 2; 0; 1; 0; 1; 0; 1; 0
8803; 3; 2; 2; 1; 1; 0; 0; 0,334757627560464; 0,665242372439536
8815; 21; 0; 0; 1; 1; 1; 0; 1; 0
8822; 10; 0; 0; 1; 1; 1; 0; 1; 0
8823; 10; 0; 0; 1; 1; 1; 0; 1; 0
8824; 10; 0; 0; 1; 1; 1; 0; 1; 0
8831; 18; 0; 0; 1; 1; 1; 0; 1; 0
8856; 13; 0; 0; 1; 1; 1; 0; 1; 0
8865; 160; 0; 0; 1; 1; 1; 0; 1; 0
8886; 20; 0; 0; 1; 1; 1; 0; 1; 0
8902; 15; 0; 0; 1; 1; 1; 0; 1; 0
8903; 2; 0; 0; 1; 1; 1; 0; 1; 0
8909; 10; 0; 0; 1; 1; 1; 0; 1; 0
8922; 18; 0; 0; 1; 1; 1; 0; 1; 0
8926; 16; 0; 0; 1; 1; 1; 0; 1; 0
8948; 2; 0; 0; 1; 1; 1; 0; 1; 0
8951; 10; 0; 0; 1; 1; 1; 0; 1; 0
8956; 19; 0; 0; 1; 1; 1; 0; 1; 0
8962; 3; 0; 1; 1; 0; 0; 0; 0,499214513767447; 0,500785486232553
8965; 10; 0; 0; 1; 1; 1; 0; 1; 0
8976; 2; 1; 1; 1; 1; 0; 1; 0; 1
8994; 2; 1; 0; 1; 0; 1; 0; 1; 0
9010; 2; 1; 1; 1; 1; 0; 0; 0,332596470775875; 0,667403529224125
9039; 10; 0; 0; 1; 1; 1; 0; 1; 0
9044; 2; 1; 1; 1; 1; 0; 1; 0; 1
9051; 20; 0; 0; 1; 1; 1; 0; 1; 0
9060; 22; 0; 0; 1; 1; 1; 0; 1; 0
9088; 18; 0; 0; 1; 1; 1; 0; 1; 0
9089; 2; 0; 0; 1; 1; 1; 0; 1; 0
9123; 10; 0; 0; 1; 1; 1; 0; 1; 0
9165; 2; 0; 1; 1; 0; 0; 1; 0; 1
9172; 3; 1; 2; 1; 0; 0; 0; 0,249822203064474; 0,750177796935526
9188; 2; 1; 1; 1; 1; 0; 1; 0; 1
9192; 10; 0; 0; 1; 1; 1; 0; 1; 0
9198; 10; 0; 0; 1; 1; 1; 0; 1; 0
9201; 18; 0; 0; 1; 1; 1; 0; 1; 0
9203; 13; 0; 0; 1; 1; 1; 0; 1; 0
9204; 10; 0; 2; 1; 0; 0; 0; 0,499743375414072; 0,500256624585928
9205; 10; 0; 0; 1; 1; 1; 0; 1; 0
9213; 10; 0; 0; 1; 1; 1; 0; 1; 0
9220; 18; 0; 0; 1; 1; 1; 0; 1; 0
9236; 19; 0; 0; 1; 1; 1; 0; 1; 0
9240; 13; 0; 0; 1; 1; 1; 0; 1; 0
9247; 18; 0; 0; 1; 1; 1; 0; 1; 0
9253; 4; 1; 1; 1; 1; 0; 0; 0,500296553284424; 0,499703446715576
9258; 19; 0; 0; 1; 1; 1; 0; 1; 0
9260; 10; 0; 0; 1; 1; 1; 0; 1; 0
9275; 16; 0; 0; 1; 1; 1; 0; 1; 0
9280; 2; 0; 1; 1; 0; 0; 1; 0; 1
9287; 16; 0; 0; 1; 1; 1; 0; 1; 0
9298; 20; 0; 0; 1; 1; 1; 0; 1; 0
9313; 13; 0; 0; 1; 1; 1; 0; 1; 0
9314; 19; 0; 2; 1; 0; 0; 1; 0; 1
9344; 2; 0; 1; 1; 0; 0; 0; 0,332651268006151; 0,667348731993848
9345; 16; 0; 0; 1; 1; 1; 0; 1; 0
9381; 10; 0; 0; 1; 1; 1; 0; 1; 0
9389; 2; 0; 0; 1; 1; 1; 0; 1; 0
9402; 10; 0; 0; 1; 1; 1; 0; 1; 0
9403; 13; 0; 0; 1; 1; 1; 0; 1; 0
9419; 2; 1; 1; 1; 1; 0; 1; 0; 1
9420; 13; 0; 0; 1; 1; 1; 0; 1; 0
9423; 2; 0; 1; 1; 0; 0; 0; 0,500338827293833; 0,499661172706167
9450; 16; 0; 0; 1; 1; 1; 0; 1; 0
9451; 19; 0; 0; 1; 1; 1; 0; 1; 0
9456; 10; 1; 1; 1; 1; 0; 1; 0; 1
9460; 22; 0; 0; 1; 1; 1; 0; 1; 0
9469; 2; 0; 1; 1; 0; 0; 1; 0; 1
9486; 10; 0; 0; 1; 1; 1; 0; 1; 0
9495; 13; 0; 0; 1; 1; 1; 0; 1; 0
9526; 10; 0; 0; 1; 1; 1; 0; 1; 0
9527; 2; 0; 1; 1; 0; 0; 1; 0; 1
9533; 3; 0; 0; 1; 1; 1; 0; 1; 0
9560; 18; 0; 0; 1; 1; 1; 0; 1; 0
9591; 10; 1; 1; 1; 1; 0; 1; 0; 1
9614; 2; 1; 1; 1; 1; 0; 0; 0,333995352560381; 0,66600464743962
9615; 2; 1; 1; 1; 1; 0; 0; 0,332596470775875; 0,667403529224125
9619; 10; 0; 0; 1; 1; 1; 0; 1; 0
9620; 22; 0; 0; 1; 1; 1; 0; 1; 0
9633; 2; 1; 0; 1; 0; 1; 0; 1; 0
9636; 10; 0; 0; 1; 1; 1; 0; 1; 0
9671; 2; 0; 0; 1; 1; 1; 0; 1; 0
9705; 16; 0; 0; 1; 1; 1; 0; 1; 0
9726; 342; 0; 0; 1; 1; 1; 0; 1; 0
9756; 19; 0; 0; 1; 1; 1; 0; 1; 0
9764; 2; 0; 0; 1; 1; 1; 0; 1; 0
9773; 18; 0; 0; 1; 1; 1; 0; 1; 0
9774; 304; 0; 0; 1; 1; 1; 0; 1; 0
9778; 2; 0; 0; 1; 1; 1; 0; 1; 0
9807; 2; 0; 1; 1; 0; 0; 0; 0,334208340751588; 0,665791659248412
9813; 19; 0; 0; 1; 1; 1; 0; 1; 0
9826; 2; 1; 1; 1; 1; 0; 0; 0,332790223572103; 0,667209776427897
9834; 2; 1; 0; 1; 0; 1; 0; 1; 0
9835; 2; 1; 0; 1; 0; 1; 0; 1; 0
9841; 3; 1; 0; 1; 0; 1; 0; 1; 0
9846; 2; 1; 1; 1; 1; 0; 0; 0,331599996738756; 0,668400003261244
9849; 2; 1; 0; 1; 0; 1; 0; 1; 0
9856; 19; 0; 0; 1; 1; 1; 0; 1; 0
9881; 17; 0; 0; 1; 1; 1; 0; 1; 0
9923; 13; 0; 0; 1; 1; 1; 0; 1; 0
9940; 2; 0; 0; 1; 1; 1; 0; 1; 0
9942; 19; 0; 0; 1; 1; 1; 0; 1; 0
9960; 2; 1; 0; 1; 0; 1; 0; 1; 0
9961; 18; 0; 0; 1; 1; 1; 0; 1; 0
9987; 19; 0; 0; 1; 1; 1; 0; 1; 0
9995; 10; 2; 0; 1; 0; 1; 0; 1; 0
10009; 2; 0; 0; 1; 1; 1; 0; 1; 0
10018; 2; 0; 1; 1; 0; 0; 1; 0; 1
10038; 2; 0; 0; 1; 1; 1; 0; 1; 0
10049; 19; 0; 0; 1; 1; 1; 0; 1; 0
10058; 2; 1; 1; 1; 1; 0; 0; 0,499610192640042; 0,500389807359958
10065; 10; 0; 0; 1; 1; 1; 0; 1; 0
10091; 19; 0; 0; 1; 1; 1; 0; 1; 0
10133; 2; 0; 0; 1; 1; 1; 0; 1; 0
10135; 2; 1; 0; 1; 0; 1; 0; 1; 0
10161; 10; 0; 0; 1; 1; 1; 0; 1; 0
10163; 2; 1; 0; 1; 0; 1; 0; 1; 0
10172; 10; 0; 0; 1; 1; 1; 0; 1; 0
10175; 2; 0; 0; 1; 1; 1; 0; 1; 0
10190; 10; 0; 0; 1; 1; 1; 0; 1; 0
10193; 10; 2; 0; 1; 0; 1; 0; 1; 0
10200; 10; 1; 2; 1; 0; 0; 1; 0; 1
10201; 2; 1; 0; 1; 0; 1; 0; 1; 0
10202; 2; 1; 0; 1; 0; 1; 0; 1; 0
10203; 20; 0; 0; 1; 1; 1; 0; 1; 0
10216; 19; 0; 0; 1; 1; 1; 0; 1; 0
10223; 16; 0; 0; 1; 1; 1; 0; 1; 0
10233; 42; 0; 0; 1; 1; 1; 0; 1; 0
10236; 10; 0; 0; 1; 1; 1; 0; 1; 0
10237; 16; 0; 0; 1; 1; 1; 0; 1; 0
10240; 20; 0; 0; 1; 1; 1; 0; 1; 0
10249; 20; 0; 0; 1; 1; 1; 0; 1; 0
10251; 3; 2; 0; 1; 0; 1; 0; 1; 0
10269; 2; 0; 1; 1; 0; 0; 1; 0; 1
10309; 18; 0; 0; 1; 1; 1; 0; 1; 0
10314; 3; 2; 0; 1; 0; 1; 0; 1; 0
10333; 18; 0; 0; 1; 1; 1; 0; 1; 0
10362; 18; 0; 0; 1; 1; 1; 0; 1; 0
10363; 21; 0; 0; 1; 1; 1; 0; 1; 0
10384; 19; 0; 0; 1; 1; 1; 0; 1; 0
10385; 10; 0; 0; 1; 1; 1; 0; 1; 0
10411; 2; 0; 0; 1; 1; 1; 0; 1; 0
10414; 2; 0; 0; 1; 1; 1; 0; 1; 0
10440; 19; 0; 0; 1; 1; 1; 0; 1; 0
10453; 21; 0; 0; 1; 1; 1; 0; 1; 0
10457; 10; 0; 0; 1; 1; 1; 0; 1; 0
10508; 2; 1; 1; 1; 1; 0; 0; 0,333918879743881; 0,666081120256119
10526; 20; 0; 0; 1; 1; 1; 0; 1; 0
10528; 20; 0; 0; 1; 1; 1; 0; 1; 0
10558; 2; 0; 1; 1; 0; 0; 0; 0,332651268006151; 0,667348731993848
10575; 19; 0; 0; 1; 1; 1; 0; 1; 0
10579; 13; 0; 0; 1; 1; 1; 0; 1; 0
10598; 20; 0; 0; 1; 1; 1; 0; 1; 0
10602; 2; 0; 0; 1; 1; 1; 0; 1; 0
10609; 2; 1; 0; 1; 0; 1; 0; 1; 0
10614; 19; 0; 0; 1; 1; 1; 0; 1; 0
10618; 19; 0; 0; 1; 1; 1; 0; 1; 0
10641; 2; 0; 1; 1; 0; 0; 0; 0,249822203064474; 0,750177796935526
10645; 11; 2; 2; 1; 1; 0; 1; 0; 1
10651; 3; 2; 0; 1; 0; 1; 0; 1; 0
10661; 2; 1; 0; 1; 0; 1; 0; 1; 0
10662; 3; 2; 0; 1; 0; 1; 0; 1; 0
10675; 13; 0; 0; 1; 1; 1; 0; 1; 0
10678; 10; 0; 0; 1; 1; 1; 0; 1; 0
10687; 18; 0; 0; 1; 1; 1; 0; 1; 0
10694; 16; 0; 0; 1; 1; 1; 0; 1; 0
10699; 2; 1; 1; 1; 1; 0; 1; 0; 1
10706; 18; 0; 0; 1; 1; 1; 0; 1; 0
10709; 19; 2; 0; 1; 0; 1; 0; 1; 0
10767; 10; 2; 0; 1; 0; 1; 0; 1; 0
10771; 10; 0; 0; 1; 1; 1; 0; 1; 0
10777; 2; 0; 0; 1; 1; 1; 0; 1; 0
10791; 16; 0; 0; 1; 1; 1; 0; 1; 0
10830; 2; 1; 0; 1; 0; 1; 0; 1; 0
10841; 20; 0; 0; 1; 1; 1; 0; 1; 0
10844; 19; 0; 0; 1; 1; 1; 0; 1; 0
10872; 13; 0; 0; 1; 1; 1; 0; 1; 0
10883; 13; 0; 0; 1; 1; 1; 0; 1; 0
10888; 2; 1; 0; 1; 0; 1; 0; 1; 0
10909; 16; 0; 0; 1; 1; 1; 0; 1; 0
10917; 10; 1; 0; 1; 0; 1; 0; 1; 0
10919; 21; 0; 0; 1; 1; 1; 0; 1; 0
10921; 2; 1; 1; 1; 1; 0; 1; 0; 1
10964; 15; 0; 0; 1; 1; 1; 0; 1; 0
10975; 10; 0; 0; 1; 1; 1; 0; 1; 0
10984; 19; 0; 0; 1; 1; 1; 0; 1; 0
10989; 10; 0; 0; 1; 1; 1; 0; 1; 0
11009; 2; 0; 1; 1; 0; 0; 0; 0,500338827293833; 0,499661172706167
11025; 11; 0; 0; 1; 1; 1; 0; 1; 0
11028; 18; 0; 0; 1; 1; 1; 0; 1; 0
11030; 2; 1; 0; 1; 0; 1; 0; 1; 0
11032; 2; 1; 0; 1; 0; 1; 0; 1; 0
11044; 20; 0; 0; 1; 1; 1; 0; 1; 0
11119; 19; 0; 0; 1; 1; 1; 0; 1; 0
11120; 2; 1; 0; 1; 0; 1; 0; 1; 0
11130; 10; 0; 0; 1; 1; 1; 0; 1; 0
11158; 2; 0; 0; 1; 1; 1; 0; 1; 0
11172; 20; 0; 0; 1; 1; 1; 0; 1; 0
11208; 10; 2; 1; 1; 0; 0; 1; 0; 1
11226; 2; 0; 1; 1; 0; 0; 1; 0; 1
11229; 2; 0; 1; 1; 0; 0; 1; 0; 1
11233; 21; 0; 0; 1; 1; 1; 0; 1; 0
11252; 10; 0; 0; 1; 1; 1; 0; 1; 0
11295; 20; 0; 0; 1; 1; 1; 0; 1; 0
11298; 2; 0; 0; 1; 1; 1; 0; 1; 0
11306; 2; 0; 1; 1; 0; 0; 0; 0,499214513767447; 0,500785486232553
11315; 2; 0; 0; 1; 1; 1; 0; 1; 0
11317; 2; 0; 0; 0,5; 0,5; 1; 0; 1; 0
11319; 16; 0; 0; 1; 1; 1; 0; 1; 0
11320; 16; 0; 0; 1; 1; 1; 0; 1; 0
11323; 23; 0; 0; 1; 1; 1; 0; 1; 0
11329; 19; 0; 0; 1; 1; 1; 0; 1; 0
11352; 19; 0; 0; 1; 1; 1; 0; 1; 0
11365; 17; 0; 0; 1; 1; 1; 0; 1; 0
11373; 22; 0; 0; 1; 1; 1; 0; 1; 0
11379; 10; 0; 0; 1; 1; 1; 0; 1; 0
11381; 20; 0; 0; 1; 1; 1; 0; 1; 0
11406; 19; 0; 0; 1; 1; 1; 0; 1; 0
11412; 2; 0; 0; 1; 1; 1; 0; 1; 0
11414; 2; 1; 0; 1; 0; 1; 0; 1; 0
11415; 18; 0; 0; 1; 1; 1; 0; 1; 0
11453; 19; 0; 0; 1; 1; 1; 0; 1; 0
11485; 20; 0; 0; 1; 1; 1; 0; 1; 0
11489; 10; 2; 1; 1; 0; 0; 1; 0; 1
11496; 10; 2; 2; 1; 1; 0; 0; 0,499743375414072; 0,500256624585928
11499; 2; 0; 0; 1; 1; 1; 0; 1; 0
11508; 2; 0; 1; 1; 0; 0; 0; 0,500338827293833; 0,499661172706167
11513; 17; 0; 0; 1; 1; 1; 0; 1; 0
11528; 10; 0; 0; 1; 1; 1; 0; 1; 0
11534; 13; 0; 0; 1; 1; 1; 0; 1; 0
11547; 13; 0; 0; 1; 1; 1; 0; 1; 0
11548; 13; 0; 0; 1; 1; 1; 0; 1; 0
11552; 10; 0; 0; 1; 1; 1; 0; 1; 0
11553; 2; 1; 1; 1; 1; 0; 1; 0; 1
11555; 19; 0; 0; 1; 1; 1; 0; 1; 0
11573; 2; 1; 1; 1; 1; 0; 1; 0; 1
11581; 2; 1; 0; 1; 0; 1; 0; 1; 0
11583; 10; 1; 0; 1; 0; 1; 0; 1; 0
11588; 2; 1; 0; 1; 0; 1; 0; 1; 0
11599; 2; 1; 0; 1; 0; 1; 0; 1; 0
11604; 10; 0; 0; 0,1; 0,1; 1; 0; 1; 0
11607; 2; 0; 0; 1; 1; 1; 0; 1; 0
11613; 4; 3; 1; 1; 0; 0; 0; 0,500337961834107; 0,499662038165893
11634; 10; 0; 0; 1; 1; 1; 0; 1; 0
11660; 10; 0; 0; 1; 1; 1; 0; 1; 0
11663; 2; 0; 0; 1; 1; 1; 0; 1; 0
11666; 13; 0; 0; 1; 1; 1; 0; 1; 0
11668; 15; 0; 0; 1; 1; 1; 0; 1; 0
11680; 11; 0; 0; 1; 1; 1; 0; 1; 0
11697; 2; 0; 0; 1; 1; 1; 0; 1; 0
11723; 19; 0; 0; 1; 1; 1; 0; 1; 0
11749; 10; 0; 0; 1; 1; 1; 0; 1; 0
11806; 2; 0; 1; 0,5; 0,5; 0; 0; 0,332790223572103; 0,667209776427897
11810; 13; 0; 0; 1; 1; 1; 0; 1; 0
11848; 2; 0; 1; 1; 0; 0; 1; 0; 1
11853; 2; 0; 1; 1; 0; 0; 0; 0,332651268006151; 0,667348731993848
11868; 10; 0; 0; 1; 1; 1; 0; 1; 0
11886; 13; 0; 0; 1; 1; 1; 0; 1; 0
11910; 2; 1; 1; 1; 1; 0; 0; 0,499743375414072; 0,500256624585928
11949; 17; 0; 0; 1; 1; 1; 0; 1; 0
11957; 2; 1; 0; 1; 0; 1; 0; 1; 0
11960; 2; 1; 0; 1; 0; 1; 0; 1; 0
11967; 10; 0; 0; 1; 1; 1; 0; 1; 0
11968; 10; 0; 0; 1; 1; 1; 0; 1; 0
11973; 2; 0; 1; 1; 0; 0; 0; 0,500338827293833; 0,499661172706167
11980; 10; 0; 0; 1; 1; 1; 0; 1; 0
11987; 2; 0; 0; 1; 1; 1; 0; 1; 0
12014; 19; 0; 0; 1; 1; 1; 0; 1; 0
12082; 18; 0; 0; 1; 1; 1; 0; 1; 0
12097; 3; 0; 1; 1; 0; 0; 0; 0,334208340751588; 0,665791659248412
12105; 2; 0; 0; 1; 1; 1; 0; 1; 0
12120; 20; 0; 0; 0,1; 0,1; 1; 0; 1; 0
12162; 380; 0; 0; 1; 1; 1; 0; 1; 0
12175; 11; 0; 2; 1; 0; 0; 0; 0,251375822415968; 0,748624177584032
12181; 15; 0; 0; 1; 1; 1; 0; 1; 0
12192; 2; 0; 1; 1; 0; 0; 1; 0; 1
12195; 10; 0; 0; 1; 1; 1; 0; 1; 0
12199; 10; 1; 0; 1; 0; 1; 0; 1; 0
12213; 2; 1; 1; 1; 1; 0; 1; 0; 1
12214; 2; 1; 0; 1; 0; 1; 0; 1; 0
12223; 2; 1; 1; 1; 1; 0; 0; 0,251075422376785; 0,748924577623215
12226; 2; 1; 0; 1; 0; 1; 0; 1; 0
12228; 2; 1; 1; 1; 1; 0; 0; 0,334791303513529; 0,665208696486471
12248; 20; 0; 0; 1; 1; 1; 0; 1; 0
12255; 22; 0; 0; 1; 1; 1; 0; 1; 0
12258; 19; 0; 0; 1; 1; 1; 0; 1; 0
12268; 13; 0; 0; 1; 1; 1; 0; 1; 0
12273; 2; 0; 0; 1; 1; 1; 0; 1; 0
12274; 16; 0; 0; 0,0625; 0,0625; 1; 0; 1; 0
12288; 10; 0; 0; 1; 1; 1; 0; 1; 0
12294; 2; 0; 1; 0,5; 0,5; 0; 0; 0,332651268006151; 0,667348731993848
12301; 2; 0; 0; 1; 1; 1; 0; 1; 0
12315; 2; 0; 1; 0,5; 0,5; 0; 0; 0,335144729630729; 0,664855270369271
12345; 3; 0; 2; 0,333333333333333; 0,333333333333333; 0; 0; 0,249836158183357; 0,750163841816643
12360; 10; 0; 0; 1; 1; 1; 0; 1; 0
12365; 342; 0; 0; 1; 1; 1; 0; 1; 0
12383; 3; 0; 2; 0,333333333333333; 0,333333333333333; 0; 0; 0,249836158183357; 0,750163841816643
12400; 16; 0; 0; 1; 1; 1; 0; 1; 0
12404; 10; 0; 0; 1; 1; 1; 0; 1; 0
12427; 2; 0; 1; 0,5; 0,5; 0; 0; 0,334832981070151; 0,665167018929849
12431; 19; 0; 0; 1; 1; 1; 0; 1; 0
12434; 23; 0; 0; 1; 1; 1; 0; 1; 0
12437; 10; 0; 0; 1; 1; 1; 0; 1; 0
12453; 16; 0; 0; 0,0625; 0,0625; 1; 0; 1; 0
12462; 32; 16; 16; 0,0625; 0,0625; 0; 0; 0,49919472412182; 0,500805275878179
12482; 15; 0; 0; 1; 1; 1; 0; 1; 0
12486; 19; 0; 0; 1; 1; 1; 0; 1; 0
12489; 22; 0; 0; 1; 1; 1; 0; 1; 0
12513; 16; 0; 0; 1; 1; 1; 0; 1; 0
12514; 15; 0; 0; 1; 1; 1; 0; 1; 0
12535; 2; 1; 1; 1; 1; 0; 0; 0,251037880566943; 0,748962119433057
12541; 16; 0; 0; 1; 1; 1; 0; 1; 0
12551; 16; 0; 0; 1; 1; 1; 0; 1; 0
12562; 17; 0; 0; 1; 1; 1; 0; 1; 0
12568; 10; 0; 0; 1; 1; 1; 0; 1; 0
12574; 19; 0; 1; 1; 0; 0; 0; 0,249209571837016; 0,750790428162984
12579; 16; 0; 0; 1; 1; 1; 0; 1; 0
12595; 170; 0; 0; 1; 1; 1; 0; 1; 0
12625; 36; 0; 0; 1; 1; 1; 0; 1; 0
12642; 2; 1; 0; 1; 0; 1; 0; 1; 0
12643; 20; 0; 0; 1; 1; 1; 0; 1; 0
12648; 2; 0; 1; 0,5; 0,5; 0; 0; 0,334384756660017; 0,665615243339983
12670; 20; 1; 1; 1; 1; 0; 0; 0,500984484812199; 0,499015515187801
12685; 2; 0; 1; 1; 0; 0; 0; 0,501026641301289; 0,498973358698711
12726; 19; 2; 1; 1; 0; 0; 1; 0; 1
12758; 13; 0; 0; 1; 1; 1; 0; 1; 0
12780; 342; 0; 0; 1; 1; 1; 0; 1; 0
12793; 2; 0; 1; 1; 0; 0; 0; 0,333365627246346; 0,666634372753654
12804; 2; 0; 1; 0,5; 0,5; 0; 0; 0,599288829618811; 0,400711170381189
12809; 10; 0; 0; 1; 1; 1; 0; 1; 0
12833; 32; 16; 0; 1; 0; 1; 0; 1; 0
12840; 19; 2; 0; 1; 0; 1; 0; 1; 0
12850; 2; 1; 0; 1; 0; 1; 0; 1; 0
12874; 17; 0; 0; 1; 1; 1; 0; 1; 0
12896; 2; 0; 0; 1; 1; 1; 0; 1; 0
12901; 19; 0; 0; 1; 1; 1; 0; 1; 0
12920; 21; 0; 0; 1; 1; 1; 0; 1; 0
12940; 19; 0; 0; 1; 1; 1; 0; 1; 0
12963; 4; 0; 0; 0,5; 0,5; 1; 0; 1; 0
12986; 10; 0; 0; 1; 1; 1; 0; 1; 0
13000; 13; 0; 0; 0,0769230769230769; 0,0769230769230769; 1; 0; 1; 0
13026; 10; 0; 0; 1; 1; 1; 0; 1; 0
13029; 21; 0; 0; 1; 1; 1; 0; 1; 0
13047; 3; 2; 1; 1; 0; 0; 0; 0,334208340751588; 0,665791659248412
13049; 19; 0; 0; 1; 1; 1; 0; 1; 0
13055; 10; 0; 0; 1; 1; 1; 0; 1; 0
13058; 10; 0; 0; 1; 1; 1; 0; 1; 0
13075; 19; 0; 0; 1; 1; 1; 0; 1; 0
13091; 13; 0; 0; 1; 1; 1; 0; 1; 0
13097; 19; 0; 0; 1; 1; 1; 0; 1; 0
13099; 160; 0; 0; 1; 1; 1; 0; 1; 0
13150; 2; 0; 0; 1; 1; 1; 0; 1; 0
13151; 10; 2; 0; 1; 0; 1; 0; 1; 0
13191; 2; 1; 1; 1; 1; 0; 1; 0; 1
13212; 18; 0; 0; 1; 1; 1; 0; 1; 0
13216; 2; 0; 0; 0,5; 0,5; 1; 0; 1; 0
13219; 17; 0; 0; 0,0588235294117647; 0,0588235294117647; 1; 0; 1; 0
13236; 4; 0; 3; 0,5; 0; 0; 1; 0; 1
13237; 2; 0; 1; 0,5; 0,5; 0; 0; 0,334384756660017; 0,665615243339983
13246; 2; 0; 1; 0,5; 0,5; 0; 1; 0; 1
13267; 2; 0; 0; 1; 1; 1; 0; 1; 0
13301; 20; 0; 0; 1; 1; 1; 0; 1; 0
13312; 2; 0; 1; 0,5; 0,5; 0; 0; 0,3333415426568; 0,6666584573432
13325; 21; 0; 0; 1; 1; 1; 0; 1; 0
13346; 2; 1; 1; 1; 1; 0; 1; 0; 1
13357; 20; 0; 0; 1; 1; 1; 0; 1; 0
13363; 10; 0; 0; 1; 1; 1; 0; 1; 0
13373; 20; 0; 0; 1; 1; 1; 0; 1; 0
13378; 13; 0; 0; 1; 1; 1; 0; 1; 0
13400; 2; 0; 0; 1; 1; 1; 0; 1; 0
13405; 2; 0; 0; 1; 1; 1; 0; 1; 0
13415; 2; 0; 0; 1; 1; 1; 0; 1; 0
13430; 19; 0; 0; 1; 1; 1; 0; 1; 0
13441; 2; 0; 1; 0,5; 0,5; 0; 0; 0,500256624585928; 0,499743375414072
13497; 20; 0; 0; 1; 1; 1; 0; 1; 0
13503; 2; 1; 1; 1; 1; 0; 1; 0; 1
13504; 10; 0; 0; 1; 1; 1; 0; 1; 0
13523; 2; 0; 0; 1; 1; 1; 0; 1; 0
13525; 10; 0; 0; 1; 1; 1; 0; 1; 0
13571; 10; 0; 0; 1; 1; 1; 0; 1; 0
13583; 18; 0; 0; 1; 1; 1; 0; 1; 0
13586; 19; 0; 0; 1; 1; 1; 0; 1; 0
13597; 13; 0; 0; 1; 1; 1; 0; 1; 0
13612; 2; 0; 1; 1; 0; 0; 1; 0; 1
13614; 2; 0; 0; 1; 1; 1; 0; 1; 0
13619; 21; 0; 0; 1; 1; 1; 0; 1; 0
13633; 2; 0; 0; 1; 1; 1; 0; 1; 0
13644; 19; 0; 0; 0,0526315789473684; 0,0526315789473684; 1; 0; 1; 0
13645; 2; 1; 1; 1; 1; 0; 1; 0; 1
13653; 20; 0; 0; 1; 1; 1; 0; 1; 0
13685; 10; 0; 0; 1; 1; 1; 0; 1; 0
13690; 16; 0; 0; 0,0625; 0,0625; 1; 0; 1; 0
13691; 2; 1; 0; 1; 0; 1; 0; 1; 0
13720; 19; 0; 0; 1; 1; 1; 0; 1; 0
13735; 20; 0; 0; 1; 1; 1; 0; 1; 0
13737; 10; 0; 0; 1; 1; 1; 0; 1; 0
13745; 2; 1; 1; 1; 1; 0; 0; 0,334208340751588; 0,665791659248412
13746; 19; 0; 0; 1; 1; 1; 0; 1; 0
13766; 19; 0; 0; 1; 1; 1; 0; 1; 0
13777; 17; 0; 0; 1; 1; 1; 0; 1; 0
13797; 16; 0; 0; 1; 1; 1; 0; 1; 0
13803; 10; 0; 0; 1; 1; 1; 0; 1; 0
13823; 17; 0; 0; 1; 1; 1; 0; 1; 0
13848; 19; 0; 0; 1; 1; 1; 0; 1; 0
13879; 2; 0; 0; 1; 1; 1; 0; 1; 0
13880; 19; 0; 0; 1; 1; 1; 0; 1; 0
13894; 19; 0; 0; 1; 1; 1; 0; 1; 0
13897; 18; 0; 0; 1; 1; 1; 0; 1; 0
13904; 2; 1; 0; 1; 0; 1; 0; 1; 0
13905; 19; 0; 0; 1; 1; 1; 0; 1; 0
13927; 19; 0; 0; 1; 1; 1; 0; 1; 0
13947; 19; 0; 0; 1; 1; 1; 0; 1; 0
13951; 19; 0; 0; 1; 1; 1; 0; 1; 0
13974; 2; 1; 0; 1; 0; 1; 0; 1; 0
13996; 2; 1; 0; 1; 0; 1; 0; 1; 0
14020; 10; 0; 0; 1; 1; 1; 0; 1; 0
14022; 19; 0; 0; 1; 1; 1; 0; 1; 0
14029; 10; 0; 0; 0,1; 0,1; 1; 0; 1; 0
14032; 10; 1; 0; 1; 0; 1; 0; 1; 0
14036; 2; 1; 1; 1; 1; 0; 1; 0; 1
14040; 16; 0; 0; 1; 1; 1; 0; 1; 0
14059; 10; 0; 0; 1; 1; 1; 0; 1; 0
14073; 2; 1; 0; 1; 0; 1; 0; 1; 0
14079; 18; 0; 0; 1; 1; 1; 0; 1; 0
14104; 10; 0; 0; 1; 1; 1; 0; 1; 0
14119; 19; 0; 0; 1; 1; 1; 0; 1; 0
14126; 19; 0; 0; 1; 1; 1; 0; 1; 0
14128; 32; 0; 16; 1; 0; 0; 0; 0,49919472412182; 0,500805275878179
14139; 18; 0; 0; 1; 1; 1; 0; 1; 0
14166; 18; 0; 0; 1; 1; 1; 0; 1; 0
14185; 3; 0; 0; 1; 1; 1; 0; 1; 0
14195; 10; 0; 0; 1; 1; 1; 0; 1; 0
14196; 3; 0; 1; 1; 0; 0; 0; 0,334208340751588; 0,665791659248412
14201; 16; 0; 0; 1; 1; 1; 0; 1; 0
14218; 20; 0; 0; 1; 1; 1; 0; 1; 0
14219; 19; 0; 0; 1; 1; 1; 0; 1; 0
14225; 20; 0; 0; 1; 1; 1; 0; 1; 0
14231; 20; 0; 0; 1; 1; 1; 0; 1; 0
14247; 160; 0; 0; 1; 1; 1; 0; 1; 0
14268; 2; 0; 0; 1; 1; 1; 0; 1; 0
14269; 3; 1; 0; 1; 0; 1; 0; 1; 0
14291; 10; 0; 0; 1; 1; 1; 0; 1; 0
14303; 2; 0; 0; 1; 1; 1; 0; 1; 0
14305; 2; 0; 0; 1; 1; 1; 0; 1; 0
14324; 10; 1; 1; 1; 1; 0; 0; 0,250770353395758; 0,749229646604242
14333; 16; 0; 0; 1; 1; 1; 0; 1; 0
14347; 16; 0; 0; 1; 1; 1; 0; 1; 0
14350; 2; 1; 0; 1; 0; 1; 0; 1; 0
14361; 20; 0; 0; 1; 1; 1; 0; 1; 0
14365; 19; 0; 0; 1; 1; 1; 0; 1; 0
14370; 19; 0; 0; 1; 1; 1; 0; 1; 0
14371; 11; 2; 0; 1; 0; 1; 0; 1; 0
14390; 23; 2; 2; 1; 1; 0; 1; 0; 1
14392; 2; 0; 0; 1; 1; 1; 0; 1; 0
14417; 18; 0; 0; 1; 1; 1; 0; 1; 0
14427; 10; 0; 0; 1; 1; 1; 0; 1; 0
14431; 10; 0; 0; 1; 1; 1; 0; 1; 0
14444; 19; 0; 0; 1; 1; 1; 0; 1; 0
14445; 10; 0; 0; 1; 1; 1; 0; 1; 0
14455; 10; 0; 0; 1; 1; 1; 0; 1; 0
14463; 20; 0; 0; 1; 1; 1; 0; 1; 0
14468; 24; 0; 5; 1; 0; 0; 1; 0; 1
14491; 16; 0; 0; 1; 1; 1; 0; 1; 0
14495; 2; 1; 1; 1; 1; 0; 0; 0,33305199406266; 0,66694800593734
14508; 2; 1; 1; 1; 1; 0; 0; 0,33305199406266; 0,66694800593734
14524; 19; 0; 0; 1; 1; 1; 0; 1; 0
14535; 20; 0; 0; 1; 1; 1; 0; 1; 0
14539; 19; 0; 0; 1; 1; 1; 0; 1; 0
14555; 2; 0; 1; 1; 0; 0; 0; 0,500256624585928; 0,499743375414072
14556; 10; 0; 0; 1; 1; 1; 0; 1; 0
14562; 2; 1; 1; 1; 1; 0; 1; 0; 1
14569; 21; 0; 0; 1; 1; 1; 0; 1; 0
14570; 22; 0; 0; 1; 1; 1; 0; 1; 0
14573; 2; 1; 0; 1; 0; 1; 0; 1; 0
14576; 2; 1; 1; 1; 1; 0; 0; 0,500296553284424; 0,499703446715576
14586; 10; 1; 2; 1; 0; 0; 0; 0,500296553284424; 0,499703446715576
14609; 2; 1; 0; 1; 0; 1; 0; 1; 0
14618; 16; 0; 0; 1; 1; 1; 0; 1; 0
14625; 10; 1; 0; 1; 0; 1; 0; 1; 0
14634; 2; 1; 0; 1; 0; 1; 0; 1; 0
14637; 2; 1; 1; 1; 1; 0; 0; 0,332972855135825; 0,667027144864175
14642; 20; 0; 0; 1; 1; 1; 0; 1; 0
14649; 10; 0; 0; 1; 1; 1; 0; 1; 0
14650; 2; 0; 0; 1; 1; 1; 0; 1; 0
14656; 10; 1; 2; 1; 0; 0; 0; 0,500296553284424; 0,499703446715576
14677; 20; 0; 0; 1; 1; 1; 0; 1; 0
14681; 10; 0; 0; 1; 1; 1; 0; 1; 0
14682; 20; 0; 0; 1; 1; 1; 0; 1; 0
14702; 10; 0; 0; 1; 1; 1; 0; 1; 0
14706; 2; 0; 1; 1; 0; 0; 0; 0,499619597261387; 0,500380402738613
14719; 2; 0; 0; 1; 1; 1; 0; 1; 0
14721; 19; 0; 0; 1; 1; 1; 0; 1; 0
14724; 160; 0; 0; 1; 1; 1; 0; 1; 0
14811; 361; 0; 0; 1; 1; 1; 0; 1; 0
14826; 16; 0; 0; 1; 1; 1; 0; 1; 0
14827; 32; 0; 0; 1; 1; 1; 0; 1; 0
14830; 2; 0; 0; 1; 1; 1; 0; 1; 0
14833; 16; 0; 0; 1; 1; 1; 0; 1; 0
14834; 19; 0; 0; 1; 1; 1; 0; 1; 0
14852; 2; 0; 0; 1; 1; 1; 0; 1; 0
14858; 3; 0; 2; 1; 0; 0; 0; 0,249836158183357; 0,750163841816643
14867; 10; 1; 0; 1; 0; 1; 0; 1; 0
14872; 16; 0; 0; 1; 1; 1; 0; 1; 0
14875; 10; 0; 0; 1; 1; 1; 0; 1; 0
14893; 10; 0; 0; 1; 1; 1; 0; 1; 0
14917; 2; 1; 1; 1; 1; 0; 0; 0,3333415426568; 0,6666584573432
14919; 10; 1; 0; 1; 0; 1; 0; 1; 0
14931; 2; 1; 0; 0,5; 0,5; 1; 0; 1; 0
14954; 25; 0; 3; 1; 0; 0; 0; 0,599567055666355; 0,400432944333645
14955; 10; 0; 0; 1; 1; 1; 0; 1; 0
14958; 16; 9; 0; 0,0625; 0,0625; 1; 0; 1; 0
14972; 16; 0; 0; 1; 1; 1; 0; 1; 0
14973; 16; 0; 0; 1; 1; 1; 0; 1; 0
14978; 2; 0; 1; 1; 0; 0; 0; 0,49960009096743; 0,50039990903257
14980; 16; 0; 0; 1; 1; 1; 0; 1; 0
14991; 16; 0; 0; 1; 1; 1; 0; 1; 0
14996; 2; 1; 0; 1; 0; 1; 0; 1; 0
14998; 16; 0; 0; 1; 1; 1; 0; 1; 0
15010; 2; 0; 1; 1; 0; 0; 0; 0,333430975862548; 0,666569024137453
15018; 10; 0; 0; 1; 1; 1; 0; 1; 0
15032; 10; 0; 0; 1; 1; 1; 0; 1; 0
15038; 20; 0; 0; 1; 1; 1; 0; 1; 0
15041; 2; 0; 0; 1; 1; 1; 0; 1; 0
15050; 2; 0; 1; 1; 0; 0; 0; 0,249787733109149; 0,750212266890851
15056; 20; 0; 0; 1; 1; 1; 0; 1; 0
15057; 20; 0; 0; 1; 1; 1; 0; 1; 0
15078; 19; 0; 0; 1; 1; 1; 0; 1; 0
15083; 16; 0; 0; 1; 1; 1; 0; 1; 0
15102; 19; 0; 0; 1; 1; 1; 0; 1; 0
15115; 16; 9; 0; 0,0625; 0,0625; 1; 0; 1; 0
15134; 23; 13; 2; 0,0434782608695652; 0,0434782608695652; 0; 1; 0; 1
15142; 13; 0; 0; 1; 1; 1; 0; 1; 0
15165; 10; 0; 0; 1; 1; 1; 0; 1; 0
15168; 2; 0; 0; 1; 1; 1; 0; 1; 0
15169; 17; 0; 0; 1; 1; 1; 0; 1; 0
15185; 170; 0; 0; 1; 1; 1; 0; 1; 0
15187; 16; 0; 0; 1; 1; 1; 0; 1; 0
15194; 4; 3; 1; 0,5; 0,5; 0; 0; 0,500256624585928; 0,499743375414072
15213; 20; 11; 0; 0,05; 0,05; 1; 0; 1; 0
15216; 10; 0; 0; 1; 1; 1; 0; 1; 0
15224; 2; 1; 0; 1; 0; 1; 0; 1; 0
15226; 20; 0; 0; 1; 1; 1; 0; 1; 0
15239; 10; 0; 0; 1; 1; 1; 0; 1; 0
15254; 2; 0; 0; 1; 1; 1; 0; 1; 0
15261; 19; 1; 2; 1; 0; 0; 0; 0,250253057687106; 0,749746942312894
15272; 19; 0; 0; 1; 1; 1; 0; 1; 0
15283; 10; 0; 0; 1; 1; 1; 0; 1; 0
15284; 23; 0; 0; 1; 1; 1; 0; 1; 0
15286; 2; 1; 1; 1; 1; 0; 0; 0,248693709895991; 0,751306290104009
15287; 2; 1; 0; 1; 0; 1; 0; 1; 0
15295; 20; 0; 0; 1; 1; 1; 0; 1; 0
15299; 3; 1; 2; 1; 0; 0; 0; 0,249836158183357; 0,750163841816643
15311; 19; 0; 0; 1; 1; 1; 0; 1; 0
15350; 16; 9; 0; 0,0625; 0,0625; 1; 0; 1; 0
15385; 16; 0; 0; 1; 1; 1; 0; 1; 0
15393; 17; 2; 2; 1; 1; 0; 0; 0,250318178027965; 0,749681821972035
15419; 20; 0; 0; 1; 1; 1; 0; 1; 0
15430; 20; 0; 0; 1; 1; 1; 0; 1; 0
15432; 18; 0; 0; 1; 1; 1; 0; 1; 0
15454; 2; 0; 0; 1; 1; 1; 0; 1; 0
15456; 19; 0; 0; 1; 1; 1; 0; 1; 0
15458; 160; 0; 0; 1; 1; 1; 0; 1; 0
15462; 16; 0; 0; 1; 1; 1; 0; 1; 0
15466; 16; 0; 0; 1; 1; 1; 0; 1; 0
15478; 2; 1; 1; 1; 1; 0; 1; 0; 1
15485; 23; 0; 0; 1; 1; 1; 0; 1; 0
15505; 19; 0; 0; 1; 1; 1; 0; 1; 0
15507; 16; 9; 1; 0,0625; 0,0625; 0; 0; 0,499548856822914; 0,500451143177086
15511; 10; 0; 0; 1; 1; 1; 0; 1; 0
15514; 10; 0; 0; 1; 1; 1; 0; 1; 0
15522; 2; 0; 0; 1; 1; 1; 0; 1; 0
15530; 16; 0; 0; 1; 1; 1; 0; 1; 0
15531; 19; 0; 0; 1; 1; 1; 0; 1; 0
15546; 10; 0; 0; 1; 1; 1; 0; 1; 0
15554; 18; 0; 0; 1; 1; 1; 0; 1; 0
15562; 3; 1; 2; 1; 0; 0; 0; 0,249836158183357; 0,750163841816643
15574; 2; 1; 1; 1; 1; 0; 1; 0; 1
15580; 2; 1; 1; 1; 1; 0; 1; 0; 1
15587; 10; 0; 0; 1; 1; 1; 0; 1; 0
15594; 19; 0; 0; 1; 1; 1; 0; 1; 0
15602; 2; 0; 0; 1; 1; 1; 0; 1; 0
15620; 20; 0; 0; 1; 1; 1; 0; 1; 0
15622; 20; 0; 0; 1; 1; 1; 0; 1; 0
15630; 3; 1; 0; 1; 0; 1; 0; 1; 0
15641; 16; 0; 0; 1; 1; 1; 0; 1; 0
15659; 10; 0; 2; 1; 0; 0; 0; 0,334384756660017; 0,665615243339983
15671; 16; 0; 0; 1; 1; 1; 0; 1; 0
15683; 16; 0; 0; 1; 1; 1; 0; 1; 0
15686; 10; 0; 0; 1; 1; 1; 0; 1; 0
15689; 2; 0; 1; 1; 0; 0; 0; 0,332032239591889; 0,667967760408111
15703; 160; 0; 0; 1; 1; 1; 0; 1; 0
15707; 10; 0; 0; 1; 1; 1; 0; 1; 0
15718; 2; 1; 0; 0,5; 0,5; 1; 0; 1; 0
15726; 19; 0; 0; 1; 1; 1; 0; 1; 0
15736; 2; 1; 0; 0,5; 0,5; 1; 0; 1; 0
15740; 2; 1; 1; 1; 1; 0; 1; 0; 1
15750; 2; 1; 1; 1; 1; 0; 0; 0,500338827293833; 0,499661172706167
15754; 10; 0; 0; 1; 1; 1; 0; 1; 0
15759; 19; 0; 0; 1; 1; 1; 0; 1; 0
15772; 19; 2; 0; 1; 0; 1; 0; 1; 0
15773; 19; 0; 0; 1; 1; 1; 0; 1; 0
15776; 19; 0; 0; 1; 1; 1; 0; 1; 0
15798; 2; 0; 0; 1; 1; 1; 0; 1; 0
15810; 32; 16; 16; 1; 1; 0; 0; 0,49919472412182; 0,500805275878179
15815; 2; 1; 1; 1; 1; 0; 1; 0; 1
15819; 2; 1; 0; 1; 0; 1; 0; 1; 0
15830; 23; 0; 0; 1; 1; 1; 0; 1; 0
15831; 19; 2; 1; 1; 0; 0; 1; 0; 1
15840; 10; 0; 0; 1; 1; 1; 0; 1; 0
15850; 2; 0; 1; 1; 0; 0; 1; 0; 1
15865; 19; 0; 0; 1; 1; 1; 0; 1; 0
15875; 16; 0; 0; 1; 1; 1; 0; 1; 0
15900; 16; 0; 0; 1; 1; 1; 0; 1; 0
