MAC; alternativas; MasProb; Elección; MaxProb; ElecProb; %linkOK; %linkNO; %DistOK; %DistNO
21; 2; 0; 0; 1; 1; 1; 0; 1; 0
32; 10; 0; 0; 1; 1; 1; 0; 1; 0
46; 10; 0; 0; 1; 1; 1; 0; 1; 0
54; 10; 0; 0; 1; 1; 1; 0; 1; 0
68; 19; 0; 0; 1; 1; 1; 0; 1; 0
69; 10; 0; 0; 1; 1; 1; 0; 1; 0
74; 13; 0; 0; 1; 1; 1; 0; 1; 0
77; 16; 0; 0; 1; 1; 1; 0; 1; 0
113; 10; 0; 0; 1; 1; 1; 0; 1; 0
158; 21; 0; 0; 1; 1; 1; 0; 1; 0
176; 25; 4; 1; 0,401961517935976; 0,192884974820494; 0; 0; 0,248243774845419; 0,751756225154581
191; 10; 0; 0; 1; 1; 1; 0; 1; 0
213; 2; 1; 1; 0,864041045989353; 0,864041045989353; 0; 0; 0,33447680444538; 0,66552319555462
231; 10; 0; 0; 1; 1; 1; 0; 1; 0
235; 10; 0; 0; 0,999998482890547; 0,999998482890547; 1; 0; 1; 0
244; 190; 0; 0; 0,998169157586446; 0,998169157586446; 1; 0; 1; 0
257; 16; 0; 0; 1; 1; 1; 0; 1; 0
268; 17; 0; 0; 1; 1; 1; 0; 1; 0
277; 2; 1; 1; 0,966366394935641; 0,966366394935641; 0; 0; 0,500338827293833; 0,499661172706167
302; 10; 0; 0; 1; 1; 1; 0; 1; 0
304; 10; 1; 2; 0,660297448352054; 0,339702551647946; 0; 1; 0; 1
321; 170; 0; 0; 1; 1; 1; 0; 1; 0
332; 19; 0; 0; 1; 1; 1; 0; 1; 0
340; 19; 0; 0; 1; 1; 1; 0; 1; 0
352; 13; 0; 0; 1; 1; 1; 0; 1; 0
363; 20; 0; 0; 1; 1; 1; 0; 1; 0
365; 2; 1; 0; 1; 0; 1; 0; 1; 0
372; 18; 0; 0; 1; 1; 1; 0; 1; 0
379; 16; 0; 0; 1; 1; 1; 0; 1; 0
386; 10; 0; 0; 0,95385438152938; 0,95385438152938; 1; 0; 1; 0
412; 16; 0; 0; 1; 1; 1; 0; 1; 0
428; 16; 0; 0; 1; 1; 1; 0; 1; 0
445; 19; 0; 0; 1; 1; 1; 0; 1; 0
454; 10; 1; 0; 1; 0; 1; 0; 1; 0
463; 19; 0; 0; 1; 1; 1; 0; 1; 0
468; 16; 0; 0; 1; 1; 1; 0; 1; 0
482; 2; 0; 0; 1; 1; 1; 0; 1; 0
498; 18; 0; 0; 0,99836861781118; 0,99836861781118; 1; 0; 1; 0
510; 18; 0; 0; 1; 1; 1; 0; 1; 0
528; 20; 0; 0; 0,999837072345257; 0,999837072345257; 1; 0; 1; 0
541; 2; 0; 1; 0,771504320794704; 0,228495679205296; 0; 1; 0; 1
543; 10; 0; 0; 1; 1; 1; 0; 1; 0
546; 18; 0; 0; 0,999549753815635; 0,999549753815635; 1; 0; 1; 0
570; 3; 0; 1; 1; 0; 0; 0; 0,334175033414952; 0,665824966585048
615; 2; 0; 0; 1; 1; 1; 0; 1; 0
620; 23; 0; 0; 0,99998010824345; 0,99998010824345; 1; 0; 1; 0
630; 10; 0; 0; 1; 1; 1; 0; 1; 0
647; 2; 0; 0; 0,854406138659055; 0,854406138659055; 1; 0; 1; 0
666; 19; 0; 0; 1; 1; 1; 0; 1; 0
673; 11; 2; 0; 0,591822852498789; 0,243625948051292; 1; 0; 1; 0
679; 16; 0; 0; 1; 1; 1; 0; 1; 0
684; 13; 0; 0; 1; 1; 1; 0; 1; 0
692; 19; 1; 0; 0,3935849577511; 0,214665895118672; 1; 0; 1; 0
718; 2; 0; 0; 1; 1; 1; 0; 1; 0
730; 10; 0; 0; 0,998280905944401; 0,998280905944401; 1; 0; 1; 0
734; 2; 0; 0; 1; 1; 1; 0; 1; 0
794; 2; 0; 0; 1; 1; 1; 0; 1; 0
814; 11; 1; 1; 0,353123286384668; 0,353123286384668; 0; 0; 0,331599996738756; 0,668400003261244
817; 10; 0; 0; 1; 1; 1; 0; 1; 0
826; 16; 0; 0; 1; 1; 1; 0; 1; 0
827; 10; 0; 0; 0,999999965511929; 0,999999965511929; 1; 0; 1; 0
828; 10; 0; 0; 1; 1; 1; 0; 1; 0
830; 32; 0; 16; 0,737067423104912; 0,262932576895088; 0; 0; 0,499214513767447; 0,500785486232553
846; 19; 0; 0; 1; 1; 1; 0; 1; 0
875; 22; 0; 0; 1; 1; 1; 0; 1; 0
881; 23; 0; 0; 0,999483229603218; 0,999483229603218; 1; 0; 1; 0
882; 2; 0; 1; 0,675945048604556; 0,324054951395445; 0; 1; 0; 1
886; 10; 0; 0; 1; 1; 1; 0; 1; 0
914; 2; 1; 1; 0,899368520939458; 0,899368520939458; 0; 0; 0,332790223572103; 0,667209776427897
919; 10; 0; 0; 1; 1; 1; 0; 1; 0
923; 21; 0; 0; 0,961762271448559; 0,961762271448559; 1; 0; 1; 0
928; 19; 0; 0; 1; 1; 1; 0; 1; 0
935; 2; 1; 0; 1; 0; 1; 0; 1; 0
960; 10; 0; 0; 1; 1; 1; 0; 1; 0
987; 18; 0; 0; 0,992657988451258; 0,992657988451258; 1; 0; 1; 0
991; 19; 0; 0; 1; 1; 1; 0; 1; 0
1007; 20; 0; 0; 1; 1; 1; 0; 1; 0
1051; 2; 1; 1; 0,991865982255954; 0,991865982255954; 0; 1; 0; 1
1070; 160; 0; 0; 1; 1; 1; 0; 1; 0
1090; 4; 0; 1; 0,423437654014454; 0,39525936137821; 0; 0; 0,500256624585928; 0,499743375414072
1092; 2; 0; 0; 1; 1; 1; 0; 1; 0
1093; 16; 0; 0; 1; 1; 1; 0; 1; 0
1098; 10; 0; 0; 1; 1; 1; 0; 1; 0
1102; 16; 0; 0; 1; 1; 1; 0; 1; 0
1111; 2; 1; 1; 0,864041045989353; 0,864041045989353; 0; 0; 0,499662038165893; 0,500337961834107
1127; 16; 0; 0; 1; 1; 1; 0; 1; 0
1155; 11; 2; 2; 0,398540017989118; 0,398540017989118; 0; 1; 0; 1
1177; 16; 0; 0; 1; 1; 1; 0; 1; 0
1187; 16; 0; 0; 1; 1; 1; 0; 1; 0
1208; 10; 0; 0; 0,999895632595191; 0,999895632595191; 1; 0; 1; 0
1228; 2; 0; 0; 1; 1; 1; 0; 1; 0
1236; 20; 1; 1; 0,649768340157094; 0,649768340157094; 0; 0; 0,500984484812199; 0,499015515187801
1250; 20; 0; 0; 1; 1; 1; 0; 1; 0
1267; 2; 0; 1; 0,601689083646877; 0,398310916353124; 0; 1; 0; 1
1271; 2; 0; 0; 1; 1; 1; 0; 1; 0
1273; 19; 0; 0; 1; 1; 1; 0; 1; 0
1306; 19; 0; 0; 1; 1; 1; 0; 1; 0
1308; 2; 1; 1; 0,932176119038001; 0,932176119038001; 0; 0; 0,500338827293833; 0,499661172706167
1315; 20; 0; 0; 1; 1; 1; 0; 1; 0
1316; 10; 0; 0; 0,999954030948158; 0,999954030948158; 1; 0; 1; 0
1331; 18; 0; 0; 1; 1; 1; 0; 1; 0
1342; 16; 0; 0; 1; 1; 1; 0; 1; 0
1364; 16; 0; 0; 1; 1; 1; 0; 1; 0
1370; 160; 0; 0; 1; 1; 1; 0; 1; 0
1376; 2; 0; 0; 1; 1; 1; 0; 1; 0
1380; 32; 16; 16; 1; 1; 0; 0; 0,49919472412182; 0,500805275878179
1422; 10; 0; 0; 0,982367432146736; 0,982367432146736; 1; 0; 1; 0
1471; 2; 0; 0; 1; 1; 1; 0; 1; 0
1474; 19; 0; 0; 1; 1; 1; 0; 1; 0
1477; 2; 0; 0; 1; 1; 1; 0; 1; 0
1484; 20; 0; 0; 1; 1; 1; 0; 1; 0
1495; 10; 0; 0; 1; 1; 1; 0; 1; 0
1507; 2; 1; 0; 1; 0; 1; 0; 1; 0
1522; 3; 0; 2; 1; 0; 0; 0; 0,500204241558663; 0,499795758441337
1553; 3; 1; 2; 0,45092540446455; 0,271886232015402; 0; 0; 0,249836158183357; 0,750163841816643
1573; 2; 1; 0; 0,593214623638464; 0,406785376361536; 1; 0; 1; 0
1581; 19; 0; 0; 1; 1; 1; 0; 1; 0
1587; 19; 0; 0; 0,999871175332681; 0,999871175332681; 1; 0; 1; 0
1588; 20; 0; 0; 0,99943231679195; 0,99943231679195; 1; 0; 1; 0
1597; 19; 0; 0; 1; 1; 1; 0; 1; 0
1607; 10; 0; 0; 0,999957910511554; 0,999957910511554; 1; 0; 1; 0
1611; 19; 0; 0; 1; 1; 1; 0; 1; 0
1629; 2; 0; 0; 1; 1; 1; 0; 1; 0
1675; 11; 2; 0; 0,591560706438316; 0,243911078274303; 1; 0; 1; 0
1687; 2; 0; 0; 1; 1; 1; 0; 1; 0
1688; 19; 0; 0; 1; 1; 1; 0; 1; 0
1691; 23; 0; 0; 0,99977249263196; 0,99977249263196; 1; 0; 1; 0
1703; 3; 0; 2; 1; 0; 0; 1; 0; 1
1716; 23; 0; 0; 0,999483229603218; 0,999483229603218; 1; 0; 1; 0
1726; 10; 1; 0; 1; 0; 1; 0; 1; 0
1776; 19; 0; 0; 1; 1; 1; 0; 1; 0
1779; 10; 0; 0; 0,999957910511554; 0,999957910511554; 1; 0; 1; 0
1800; 2; 0; 0; 0,551169446676936; 0,551169446676936; 1; 0; 1; 0
1803; 21; 0; 0; 1; 1; 1; 0; 1; 0
1808; 3; 1; 2; 0,678060315605495; 0,145933555767021; 0; 0; 0,249836158183357; 0,750163841816643
1809; 3; 1; 2; 0,506915985677895; 0,236940037001426; 0; 0; 0,249836158183357; 0,750163841816643
1811; 23; 0; 0; 0,999985107567773; 0,999985107567773; 1; 0; 1; 0
1813; 16; 0; 0; 1; 1; 1; 0; 1; 0
1842; 19; 0; 0; 1; 1; 1; 0; 1; 0
1875; 16; 0; 0; 0,999995420447937; 0,999995420447937; 1; 0; 1; 0
1883; 2; 0; 1; 0,808961531711381; 0,191038468288619; 0; 0; 0,332651268006151; 0,667348731993848
1944; 20; 0; 0; 1; 1; 1; 0; 1; 0
1948; 15; 0; 0; 1; 1; 1; 0; 1; 0
1954; 42; 0; 0; 1; 1; 1; 0; 1; 0
1956; 2; 1; 1; 0,991865982255954; 0,991865982255954; 0; 1; 0; 1
1965; 2; 0; 1; 0,574843802545408; 0,425156197454592; 0; 1; 0; 1
1984; 15; 0; 0; 1; 1; 1; 0; 1; 0
2008; 23; 0; 0; 1; 1; 1; 0; 1; 0
2031; 19; 0; 0; 0,999102529581756; 0,999102529581756; 1; 0; 1; 0
2107; 21; 0; 0; 0,977314574783057; 0,977314574783057; 1; 0; 1; 0
2126; 10; 0; 0; 1; 1; 1; 0; 1; 0
2133; 3; 0; 2; 1; 0; 0; 1; 0; 1
2175; 10; 0; 0; 1; 1; 1; 0; 1; 0
2177; 10; 0; 0; 1; 1; 1; 0; 1; 0
2190; 2; 1; 1; 0,854933193033174; 0,854933193033174; 0; 1; 0; 1
2199; 19; 0; 0; 1; 1; 1; 0; 1; 0
2210; 11; 1; 1; 0,348469543331568; 0,348469543331568; 0; 0; 0,331599996738756; 0,668400003261244
2233; 2; 0; 1; 0,521579185677451; 0,47842081432255; 0; 0; 0,33305199406266; 0,66694800593734
2246; 10; 0; 0; 1; 1; 1; 0; 1; 0
2262; 18; 0; 0; 0,99979921412387; 0,99979921412387; 1; 0; 1; 0
2278; 16; 0; 0; 1; 1; 1; 0; 1; 0
2281; 16; 0; 0; 1; 1; 1; 0; 1; 0
2283; 2; 1; 0; 0,637224495675027; 0,362775504324973; 1; 0; 1; 0
2287; 18; 0; 0; 0,999937013203708; 0,999937013203708; 1; 0; 1; 0
2294; 19; 0; 0; 1; 1; 1; 0; 1; 0
2299; 16; 0; 0; 1; 1; 1; 0; 1; 0
2300; 19; 0; 0; 1; 1; 1; 0; 1; 0
2313; 13; 0; 0; 1; 1; 1; 0; 1; 0
2316; 18; 0; 0; 1; 1; 1; 0; 1; 0
2337; 13; 0; 0; 0,99994113800008; 0,99994113800008; 1; 0; 1; 0
2340; 2; 0; 1; 0,793998022787435; 0,206001977212565; 0; 1; 0; 1
2378; 2; 0; 0; 1; 1; 1; 0; 1; 0
2416; 2; 0; 1; 0,751474973669546; 0,248525026330454; 0; 0; 0,332651268006151; 0,667348731993848
2423; 190; 0; 0; 0,999855241718261; 0,999855241718261; 1; 0; 1; 0
2426; 10; 0; 0; 0,999948002810843; 0,999948002810843; 1; 0; 1; 0
2440; 19; 0; 0; 1; 1; 1; 0; 1; 0
2453; 10; 2; 0; 0,425566477327839; 0,318467286235752; 1; 0; 1; 0
2455; 2; 0; 1; 0,5132070594201; 0,4867929405799; 0; 1; 0; 1
2478; 19; 0; 0; 1; 1; 1; 0; 1; 0
2496; 2; 0; 1; 1; 0; 0; 1; 0; 1
2499; 16; 0; 0; 1; 1; 1; 0; 1; 0
2514; 10; 0; 0; 1; 1; 1; 0; 1; 0
2518; 2; 0; 0; 1; 1; 1; 0; 1; 0
2519; 2; 0; 0; 1; 1; 1; 0; 1; 0
2531; 23; 0; 0; 0,999883823414451; 0,999883823414451; 1; 0; 1; 0
2532; 36; 0; 0; 1; 1; 1; 0; 1; 0
2536; 19; 0; 0; 0,400584674809003; 0,400584674809003; 1; 0; 1; 0
2540; 18; 0; 0; 1; 1; 1; 0; 1; 0
2542; 19; 0; 0; 1; 1; 1; 0; 1; 0
2553; 2; 0; 0; 1; 1; 1; 0; 1; 0
2571; 19; 0; 0; 1; 1; 1; 0; 1; 0
2577; 2; 1; 0; 0,700197916677923; 0,299802083322077; 1; 0; 1; 0
2587; 18; 0; 0; 1; 1; 1; 0; 1; 0
2616; 23; 0; 0; 0,999770577307227; 0,999770577307227; 1; 0; 1; 0
2626; 2; 1; 1; 1; 1; 0; 0; 0,499405355649044; 0,500594644350956
2627; 3; 2; 0; 0,452393833756772; 0,171386781200966; 1; 0; 1; 0
2657; 10; 0; 0; 0,999994954234796; 0,999994954234796; 1; 0; 1; 0
2663; 13; 0; 0; 0,999095492089417; 0,999095492089417; 1; 0; 1; 0
2671; 2; 0; 0; 0,999999978989701; 0,999999978989701; 1; 0; 1; 0
2691; 18; 0; 0; 1; 1; 1; 0; 1; 0
2695; 18; 0; 0; 1; 1; 1; 0; 1; 0
2701; 10; 0; 0; 0,996357465969262; 0,996357465969262; 1; 0; 1; 0
2702; 2; 0; 0; 1; 1; 1; 0; 1; 0
2708; 2; 0; 0; 1; 1; 1; 0; 1; 0
2715; 15; 0; 0; 1; 1; 1; 0; 1; 0
2723; 10; 0; 0; 0,999983706408676; 0,999983706408676; 1; 0; 1; 0
2738; 19; 0; 0; 0,999934303351162; 0,999934303351162; 1; 0; 1; 0
2760; 19; 0; 0; 1; 1; 1; 0; 1; 0
2762; 3; 2; 2; 0,439433407171741; 0,439433407171741; 0; 0; 0,334757627560464; 0,665242372439536
2810; 2; 1; 0; 0,700197916677923; 0,299802083322077; 1; 0; 1; 0
2822; 16; 0; 0; 1; 1; 1; 0; 1; 0
2832; 19; 0; 0; 0,344031223511985; 0,344031223511985; 1; 0; 1; 0
2853; 2; 1; 1; 1; 1; 0; 1; 0; 1
2856; 2; 0; 0; 1; 1; 1; 0; 1; 0
2858; 2; 0; 1; 0,659957353227923; 0,340042646772077; 0; 1; 0; 1
2861; 15; 0; 0; 1; 1; 1; 0; 1; 0
2872; 2; 1; 1; 0,514932841738534; 0,514932841738534; 0; 0; 0,500296553284424; 0,499703446715576
2874; 2; 0; 0; 1; 1; 1; 0; 1; 0
2875; 20; 7; 0; 1; 0; 1; 0; 1; 0
2883; 20; 6; 0; 0,0510054384638167; 0,0308966691874821; 1; 0; 1; 0
2911; 2; 1; 1; 0,850946997401555; 0,850946997401555; 0; 0; 0,332790223572103; 0,667209776427897
2921; 10; 2; 2; 1; 1; 0; 0; 0,500337961834107; 0,499662038165893
2935; 2; 1; 1; 0,61028671151295; 0,61028671151295; 0; 1; 0; 1
2936; 10; 0; 0; 1; 1; 1; 0; 1; 0
2945; 2; 0; 0; 0,51528089065566; 0,51528089065566; 1; 0; 1; 0
2957; 19; 0; 0; 0,42437775872232; 0,42437775872232; 1; 0; 1; 0
2973; 2; 1; 0; 1; 0; 1; 0; 1; 0
2992; 2; 1; 0; 0,58193604301036; 0,41806395698964; 1; 0; 1; 0
3011; 19; 0; 4; 1; 0; 0; 0; 0,667040719027293; 0,332959280972707
3018; 2; 1; 0; 0,624800171294451; 0,375199828705549; 1; 0; 1; 0
3053; 10; 0; 0; 1; 1; 1; 0; 1; 0
3060; 2; 0; 0; 1; 1; 1; 0; 1; 0
3063; 10; 1; 2; 0,43932599011876; 0,261237854705512; 0; 0; 0,599567055666355; 0,400432944333645
3081; 10; 0; 0; 1; 1; 1; 0; 1; 0
3082; 19; 0; 0; 1; 1; 1; 0; 1; 0
3095; 20; 0; 0; 0,999518535381044; 0,999518535381044; 1; 0; 1; 0
3103; 2; 1; 0; 0,597511369365291; 0,402488630634709; 1; 0; 1; 0
3121; 2; 1; 1; 0,57849519998424; 0,57849519998424; 0; 0; 0,249787733109149; 0,750212266890851
3129; 16; 0; 0; 1; 1; 1; 0; 1; 0
3152; 19; 0; 0; 1; 1; 1; 0; 1; 0
3158; 20; 0; 0; 1; 1; 1; 0; 1; 0
3160; 19; 0; 0; 1; 1; 1; 0; 1; 0
3173; 10; 0; 2; 1; 0; 0; 1; 0; 1
3196; 10; 0; 0; 0,999753107907513; 0,999753107907513; 1; 0; 1; 0
3212; 23; 7; 0; 0,0444985848408275; 0,0210311335017947; 1; 0; 1; 0
3214; 2; 1; 1; 0,855849643524693; 0,855849643524693; 0; 1; 0; 1
3220; 10; 0; 0; 1; 1; 1; 0; 1; 0
3225; 2; 0; 0; 1; 1; 1; 0; 1; 0
3229; 22; 2; 0; 0,530914113239925; 0,265348019246349; 1; 0; 1; 0
3247; 2; 0; 0; 0,814397658915983; 0,814397658915983; 1; 0; 1; 0
3275; 10; 0; 0; 1; 1; 1; 0; 1; 0
3284; 2; 1; 1; 1; 1; 0; 1; 0; 1
3316; 18; 0; 0; 1; 1; 1; 0; 1; 0
3321; 16; 0; 0; 0,897898955684708; 0,897898955684708; 1; 0; 1; 0
3327; 2; 1; 0; 1; 0; 1; 0; 1; 0
3332; 3; 2; 1; 0,993313871730131; 0; 0; 0; 0,334175033414952; 0,665824966585048
3336; 2; 0; 1; 0,741692518124874; 0,258307481875126; 0; 0; 0,3333415426568; 0,6666584573432
3345; 13; 0; 0; 1; 1; 1; 0; 1; 0
3347; 19; 0; 0; 1; 1; 1; 0; 1; 0
3354; 19; 0; 0; 0,999999268896645; 0,999999268896645; 1; 0; 1; 0
3369; 10; 0; 0; 0,999994470003395; 0,999994470003395; 1; 0; 1; 0
3395; 23; 0; 0; 0,999883823414451; 0,999883823414451; 1; 0; 1; 0
3402; 19; 0; 0; 1; 1; 1; 0; 1; 0
3420; 2; 0; 0; 0,634525966276035; 0,634525966276035; 1; 0; 1; 0
3432; 17; 0; 0; 1; 1; 1; 0; 1; 0
3440; 19; 0; 0; 1; 1; 1; 0; 1; 0
3475; 2; 0; 0; 1; 1; 1; 0; 1; 0
3484; 19; 1; 1; 1; 1; 0; 0; 0,250436147319357; 0,749563852680643
3486; 10; 0; 2; 0,746185957307675; 0,217061620795743; 0; 0; 0,332032239591889; 0,667967760408111
3492; 10; 0; 0; 0,999996283524369; 0,999996283524369; 1; 0; 1; 0
3515; 24; 0; 2; 1; 0; 0; 0; 0,251514631054917; 0,748485368945083
3539; 19; 0; 0; 1; 1; 1; 0; 1; 0
3559; 2; 0; 0; 1; 1; 1; 0; 1; 0
3567; 16; 0; 0; 1; 1; 1; 0; 1; 0
3570; 20; 6; 0; 0,0506559867630666; 0,0375362515017349; 1; 0; 1; 0
3586; 2; 0; 0; 0,566012180209989; 0,566012180209989; 1; 0; 1; 0
3593; 2; 1; 0; 0,583231794817035; 0,416768205182965; 1; 0; 1; 0
3594; 19; 0; 0; 1; 1; 1; 0; 1; 0
3600; 19; 0; 0; 1; 1; 1; 0; 1; 0
3611; 20; 0; 0; 0,999872288656562; 0,999872288656562; 1; 0; 1; 0
3676; 18; 0; 0; 1; 1; 1; 0; 1; 0
3695; 10; 0; 0; 1; 1; 1; 0; 1; 0
3697; 20; 0; 0; 1; 1; 1; 0; 1; 0
3701; 20; 0; 0; 0,998815386485229; 0,998815386485229; 1; 0; 1; 0
3728; 19; 0; 0; 1; 1; 1; 0; 1; 0
3752; 2; 1; 1; 1; 1; 0; 0; 0,3333415426568; 0,6666584573432
3764; 20; 0; 0; 1; 1; 1; 0; 1; 0
3779; 10; 0; 0; 0,999999953261244; 0,999999953261244; 1; 0; 1; 0
3806; 2; 1; 1; 1; 1; 0; 1; 0; 1
3817; 4; 1; 1; 0,514128885967593; 0,514128885967593; 0; 0; 0,500296553284424; 0,499703446715576
3824; 4; 1; 1; 0,514567167449239; 0,514567167449239; 0; 0; 0,500296553284424; 0,499703446715576
3843; 16; 0; 0; 1; 1; 1; 0; 1; 0
3846; 20; 0; 0; 0,999162035304376; 0,999162035304376; 1; 0; 1; 0
3849; 19; 0; 0; 1; 1; 1; 0; 1; 0
3875; 10; 0; 0; 1; 1; 1; 0; 1; 0
3954; 19; 0; 0; 1; 1; 1; 0; 1; 0
3958; 19; 0; 0; 1; 1; 1; 0; 1; 0
3964; 16; 0; 0; 1; 1; 1; 0; 1; 0
3970; 2; 1; 1; 0,546172840017545; 0,546172840017545; 0; 0; 0,33305199406266; 0,66694800593734
3977; 2; 0; 0; 0,892537077528793; 0,892537077528793; 1; 0; 1; 0
3984; 10; 0; 0; 1; 1; 1; 0; 1; 0
3997; 19; 2; 0; 0,350386003294768; 0,342901821353585; 1; 0; 1; 0
4029; 2; 0; 0; 1; 1; 1; 0; 1; 0
4039; 2; 0; 0; 1; 1; 1; 0; 1; 0
4044; 10; 0; 0; 0,999976329226618; 0,999976329226618; 1; 0; 1; 0
4049; 10; 0; 0; 1; 1; 1; 0; 1; 0
4055; 20; 6; 0; 0,0508550848135055; 0,0337533885433958; 1; 0; 1; 0
4069; 23; 7; 0; 0,0443458356392247; 0,0243916159370568; 1; 0; 1; 0
4083; 19; 0; 0; 0,999969741327663; 0,999969741327663; 1; 0; 1; 0
4108; 2; 0; 0; 1; 1; 1; 0; 1; 0
4125; 2; 0; 1; 0,633976828772234; 0,366023171227766; 0; 0; 0,333430975862548; 0,666569024137453
4128; 10; 0; 0; 0,999988340813744; 0,999988340813744; 1; 0; 1; 0
4129; 19; 0; 0; 0,999980630679609; 0,999980630679609; 1; 0; 1; 0
4144; 160; 0; 0; 0,999892804043802; 0,999892804043802; 1; 0; 1; 0
4166; 19; 0; 0; 1; 1; 1; 0; 1; 0
4193; 16; 0; 0; 1; 1; 1; 0; 1; 0
4195; 10; 0; 0; 1; 1; 1; 0; 1; 0
4223; 3; 0; 2; 0,435406297378828; 0,256656739116157; 0; 0; 0,249836158183357; 0,750163841816643
4225; 2; 1; 1; 0,769740708758757; 0,769740708758757; 0; 0; 0,499662038165893; 0,500337961834107
4242; 2; 1; 0; 0,505186535239483; 0,494813464760517; 1; 0; 1; 0
4245; 2; 1; 1; 0,785090282587406; 0,785090282587406; 0; 0; 0,332596470775875; 0,667403529224125
4258; 11; 2; 2; 0,36564996469683; 0,36564996469683; 0; 0; 0,251375822415968; 0,748624177584032
4273; 23; 0; 0; 0,998776803198613; 0,998776803198613; 1; 0; 1; 0
4278; 10; 0; 0; 1; 1; 1; 0; 1; 0
4293; 3; 2; 1; 1; 0; 0; 1; 0; 1
4294; 2; 1; 1; 0,513067002456725; 0,513067002456725; 0; 1; 0; 1
4311; 10; 0; 0; 0,943811712357339; 0,943811712357339; 1; 0; 1; 0
4317; 20; 7; 0; 1; 0; 1; 0; 1; 0
4331; 19; 0; 0; 0,999995464100933; 0,999995464100933; 1; 0; 1; 0
4335; 16; 0; 0; 1; 1; 1; 0; 1; 0
4339; 3; 0; 0; 1; 1; 1; 0; 1; 0
4354; 2; 0; 0; 1; 1; 1; 0; 1; 0
4372; 32; 16; 16; 0,850544185113058; 0,850544185113058; 0; 0; 0,49919472412182; 0,500805275878179
4375; 10; 0; 0; 0,999753107907513; 0,999753107907513; 1; 0; 1; 0
4392; 2; 0; 1; 1; 0; 0; 0; 0,500256624585928; 0,499743375414072
4415; 10; 0; 0; 0,985017549566955; 0,985017549566955; 1; 0; 1; 0
4436; 10; 1; 1; 0,404641637925393; 0,404641637925393; 0; 1; 0; 1
4479; 16; 0; 0; 1; 1; 1; 0; 1; 0
4486; 10; 0; 0; 1; 1; 1; 0; 1; 0
4497; 4; 0; 1; 0,555620740524909; 0,444379259475092; 0; 0; 0,500296553284424; 0,499703446715576
4503; 10; 3; 0; 0,103466764038856; 0,0687991236502916; 1; 0; 1; 0
4512; 10; 0; 0; 1; 1; 1; 0; 1; 0
4517; 2; 1; 1; 1; 1; 0; 1; 0; 1
4534; 10; 1; 2; 0,38506314986855; 0,289176529285076; 0; 0; 0,334384756660017; 0,665615243339983
4554; 19; 0; 0; 1; 1; 1; 0; 1; 0
4562; 13; 0; 0; 1; 1; 1; 0; 1; 0
4565; 10; 0; 0; 0,999564603595609; 0,999564603595609; 1; 0; 1; 0
4592; 10; 0; 0; 1; 1; 1; 0; 1; 0
4595; 10; 0; 0; 1; 1; 1; 0; 1; 0
4598; 19; 0; 0; 1; 1; 1; 0; 1; 0
4614; 20; 0; 0; 1; 1; 1; 0; 1; 0
4619; 18; 0; 0; 1; 1; 1; 0; 1; 0
4621; 19; 0; 0; 1; 1; 1; 0; 1; 0
4622; 20; 1; 0; 0,675741469866278; 0,324258530133722; 1; 0; 1; 0
4628; 19; 2; 0; 0,368368481829005; 0,333190216890866; 1; 0; 1; 0
4645; 16; 0; 0; 1; 1; 1; 0; 1; 0
4665; 2; 0; 0; 1; 1; 1; 0; 1; 0
4666; 10; 0; 0; 1; 1; 1; 0; 1; 0
4680; 2; 0; 0; 1; 1; 1; 0; 1; 0
4686; 3; 0; 0; 1; 1; 1; 0; 1; 0
4704; 18; 0; 0; 1; 1; 1; 0; 1; 0
4706; 2; 0; 0; 1; 1; 1; 0; 1; 0
4747; 10; 0; 0; 1; 1; 1; 0; 1; 0
4771; 2; 1; 1; 0,802082046007908; 0,802082046007908; 0; 0; 0,334208340751588; 0,665791659248412
4783; 2; 0; 0; 1; 1; 1; 0; 1; 0
4790; 2; 1; 0; 0,607704060217562; 0,392295939782437; 1; 0; 1; 0
4812; 16; 0; 0; 1; 1; 1; 0; 1; 0
4845; 11; 1; 2; 0,706790776908143; 0,293209223091857; 0; 1; 0; 1
4863; 10; 0; 0; 1; 1; 1; 0; 1; 0
4877; 10; 0; 0; 1; 1; 1; 0; 1; 0
4881; 19; 0; 0; 1; 1; 1; 0; 1; 0
4924; 16; 0; 0; 0,99845534964861; 0,99845534964861; 1; 0; 1; 0
4927; 2; 0; 0; 1; 1; 1; 0; 1; 0
4932; 4; 2; 2; 0,571381386923543; 0,571381386923543; 0; 0; 0,499743375414072; 0,500256624585928
4965; 19; 0; 0; 1; 1; 1; 0; 1; 0
4968; 10; 0; 0; 0,999999995779213; 0,999999995779213; 1; 0; 1; 0
5000; 19; 0; 0; 0,997177375106062; 0,997177375106062; 1; 0; 1; 0
5062; 2; 1; 1; 0,647348795172115; 0,647348795172115; 0; 1; 0; 1
5067; 2; 1; 1; 0,737552906088146; 0,737552906088146; 0; 0; 0,333430975862548; 0,666569024137453
5073; 2; 1; 0; 0,681995177296313; 0,318004822703687; 1; 0; 1; 0
5077; 3; 2; 2; 0,54690105607419; 0,54690105607419; 0; 0; 0,249836158183357; 0,750163841816643
5090; 19; 2; 0; 0,444846896938427; 0,33984723926889; 1; 0; 1; 0
5134; 2; 1; 1; 0,584836226441134; 0,584836226441134; 0; 1; 0; 1
5144; 10; 0; 0; 1; 1; 1; 0; 1; 0
5160; 2; 0; 1; 0,709748416962313; 0,290251583037687; 0; 0; 0,500461757218196; 0,499538242781804
5211; 4; 2; 2; 0,434377019090025; 0,434377019090025; 0; 0; 0,499743375414072; 0,500256624585928
5223; 16; 0; 0; 1; 1; 1; 0; 1; 0
5227; 10; 0; 0; 1; 1; 1; 0; 1; 0
5238; 2; 0; 0; 1; 1; 1; 0; 1; 0
5243; 10; 0; 0; 1; 1; 1; 0; 1; 0
5260; 17; 0; 0; 1; 1; 1; 0; 1; 0
5263; 2; 0; 0; 1; 1; 1; 0; 1; 0
5275; 10; 0; 0; 0,99925470588895; 0,99925470588895; 1; 0; 1; 0
5279; 19; 0; 0; 1; 1; 1; 0; 1; 0
5302; 19; 0; 0; 1; 1; 1; 0; 1; 0
5306; 10; 2; 1; 0,76914813974633; 0,0256129035038441; 0; 0; 0,24956858462723; 0,75043141537277
5311; 19; 0; 0; 1; 1; 1; 0; 1; 0
5321; 2; 0; 1; 0,724979635813362; 0,275020364186638; 0; 1; 0; 1
5324; 2; 1; 0; 0,589263073136281; 0,410736926863719; 1; 0; 1; 0
5343; 19; 0; 0; 1; 1; 1; 0; 1; 0
5355; 2; 1; 0; 0,509584427333754; 0,490415572666246; 1; 0; 1; 0
5358; 16; 0; 0; 1; 1; 1; 0; 1; 0
5359; 16; 0; 0; 1; 1; 1; 0; 1; 0
5375; 2; 1; 0; 0,646263406164097; 0,353736593835903; 1; 0; 1; 0
5396; 20; 0; 0; 1; 1; 1; 0; 1; 0
5397; 2; 0; 0; 1; 1; 1; 0; 1; 0
5402; 13; 0; 0; 1; 1; 1; 0; 1; 0
5435; 2; 0; 0; 1; 1; 1; 0; 1; 0
5452; 19; 0; 0; 1; 1; 1; 0; 1; 0
5456; 2; 0; 1; 0,718347615187728; 0,281652384812273; 0; 1; 0; 1
5481; 3; 0; 0; 1; 1; 1; 0; 1; 0
5491; 16; 0; 0; 1; 1; 1; 0; 1; 0
5495; 2; 0; 0; 0,966260982879643; 0,966260982879643; 1; 0; 1; 0
5506; 19; 0; 0; 1; 1; 1; 0; 1; 0
5518; 2; 0; 0; 1; 1; 1; 0; 1; 0
5526; 2; 0; 1; 0,502671937926918; 0,497328062073082; 0; 0; 0,331599996738756; 0,668400003261244
5533; 2; 1; 0; 1; 0; 1; 0; 1; 0
5548; 19; 0; 0; 1; 1; 1; 0; 1; 0
5552; 10; 0; 0; 1; 1; 1; 0; 1; 0
5564; 10; 0; 0; 1; 1; 1; 0; 1; 0
5571; 10; 0; 0; 1; 1; 1; 0; 1; 0
5575; 20; 0; 0; 1; 1; 1; 0; 1; 0
5601; 19; 0; 0; 1; 1; 1; 0; 1; 0
5636; 19; 0; 0; 1; 1; 1; 0; 1; 0
5691; 13; 0; 0; 1; 1; 1; 0; 1; 0
5716; 16; 0; 0; 0,998314608866301; 0,998314608866301; 1; 0; 1; 0
5732; 10; 0; 0; 1; 1; 1; 0; 1; 0
5760; 13; 0; 0; 1; 1; 1; 0; 1; 0
5783; 10; 0; 0; 1; 1; 1; 0; 1; 0
5798; 16; 0; 0; 1; 1; 1; 0; 1; 0
5800; 19; 0; 0; 0,893300614970258; 0,893300614970258; 1; 0; 1; 0
5804; 2; 0; 0; 1; 1; 1; 0; 1; 0
5814; 2; 0; 0; 1; 1; 1; 0; 1; 0
5834; 10; 1; 0; 0,355809692626527; 0,323338855915725; 1; 0; 1; 0
5853; 18; 0; 0; 1; 1; 1; 0; 1; 0
5859; 2; 0; 1; 0,724979635813362; 0,275020364186638; 0; 0; 0,33232712869403; 0,66767287130597
5870; 2; 0; 0; 0,58802363187312; 0,58802363187312; 1; 0; 1; 0
5889; 2; 0; 0; 1; 1; 1; 0; 1; 0
5925; 10; 0; 0; 1; 1; 1; 0; 1; 0
5930; 10; 0; 1; 1; 0; 0; 1; 0; 1
5932; 18; 0; 0; 0,999989815429493; 0,999989815429493; 1; 0; 1; 0
5951; 10; 0; 0; 1; 1; 1; 0; 1; 0
5960; 10; 0; 0; 1; 1; 1; 0; 1; 0
5980; 25; 7; 0; 0,234791316710044; 0,0947893346426188; 1; 0; 1; 0
6026; 2; 0; 0; 0,969431951908865; 0,969431951908865; 1; 0; 1; 0
6031; 2; 0; 0; 0,588099843740657; 0,588099843740657; 1; 0; 1; 0
6062; 19; 0; 0; 1; 1; 1; 0; 1; 0
6066; 15; 0; 0; 1; 1; 1; 0; 1; 0
6076; 2; 0; 1; 0,691844596210992; 0,308155403789008; 0; 1; 0; 1
6108; 10; 0; 0; 0,998919517373466; 0,998919517373466; 1; 0; 1; 0
6112; 10; 0; 0; 1; 1; 1; 0; 1; 0
6119; 11; 1; 2; 0,541078775683452; 0,458921224316548; 0; 0; 0,251375822415968; 0,748624177584032
6163; 4; 0; 1; 0,537150349912131; 0,00304361573193785; 0; 0; 0,500337961834107; 0,499662038165893
6169; 20; 0; 0; 0,937367078119633; 0,937367078119633; 1; 0; 1; 0
6206; 160; 0; 0; 1; 1; 1; 0; 1; 0
6209; 19; 1; 1; 1; 1; 0; 0; 0,250436147319357; 0,749563852680643
6218; 19; 0; 0; 1; 1; 1; 0; 1; 0
6224; 18; 0; 0; 0,999959621872513; 0,999959621872513; 1; 0; 1; 0
6226; 2; 0; 0; 1; 1; 1; 0; 1; 0
6227; 13; 0; 0; 1; 1; 1; 0; 1; 0
6229; 20; 0; 0; 1; 1; 1; 0; 1; 0
6231; 10; 0; 0; 1; 1; 1; 0; 1; 0
6268; 2; 1; 1; 0,737996132037682; 0,737996132037682; 0; 0; 0,334208340751588; 0,665791659248412
6281; 20; 0; 0; 0,998492227342437; 0,998492227342437; 1; 0; 1; 0
6292; 19; 0; 0; 1; 1; 1; 0; 1; 0
6297; 2; 0; 0; 1; 1; 1; 0; 1; 0
6301; 10; 0; 2; 1; 0; 0; 0; 0,332032239591889; 0,667967760408111
6323; 19; 0; 0; 1; 1; 1; 0; 1; 0
6334; 2; 0; 0; 1; 1; 1; 0; 1; 0
6341; 20; 0; 1; 0,718856497989738; 0,281143502010262; 0; 0; 0,500984484812199; 0,499015515187801
6343; 10; 0; 0; 1; 1; 1; 0; 1; 0
6379; 10; 1; 0; 0,651570400817562; 0,348429599182439; 1; 0; 1; 0
6381; 10; 0; 0; 1; 1; 1; 0; 1; 0
6397; 19; 0; 0; 1; 1; 1; 0; 1; 0
6453; 2; 1; 1; 1; 1; 0; 0; 0,498907759353759; 0,501092240646241
6463; 2; 0; 1; 1; 0; 0; 0; 0,251495310050949; 0,748504689949051
6495; 19; 0; 0; 0,992788385606793; 0,992788385606793; 1; 0; 1; 0
6503; 19; 2; 0; 0,428024441706151; 0,314225832662618; 1; 0; 1; 0
6504; 18; 0; 0; 0,999846503671021; 0,999846503671021; 1; 0; 1; 0
6507; 23; 0; 0; 1; 1; 1; 0; 1; 0
6511; 3; 1; 0; 0,66717448984213; 0; 1; 0; 1; 0
6515; 11; 1; 0; 0,552333481040708; 0; 1; 0; 1; 0
6522; 10; 0; 0; 1; 1; 1; 0; 1; 0
6526; 2; 0; 1; 0,735803700973577; 0,264196299026423; 0; 0; 0,500984484812199; 0,499015515187801
6528; 13; 0; 0; 1; 1; 1; 0; 1; 0
6549; 2; 0; 0; 0,999469696365028; 0,999469696365028; 1; 0; 1; 0
6561; 2; 0; 0; 1; 1; 1; 0; 1; 0
6577; 2; 1; 0; 0,503715623461188; 0,496284376538812; 1; 0; 1; 0
6644; 19; 0; 0; 1; 1; 1; 0; 1; 0
6675; 2; 0; 0; 0,816254786423873; 0,816254786423873; 1; 0; 1; 0
6678; 25; 7; 0; 0,246586970763417; 0,168883622817509; 1; 0; 1; 0
6704; 4; 1; 1; 0,274133386167341; 0,274133386167341; 0; 0; 0,500337961834107; 0,499662038165893
6718; 10; 0; 0; 0,999984560442834; 0,999984560442834; 1; 0; 1; 0
6724; 16; 0; 0; 1; 1; 1; 0; 1; 0
6739; 10; 0; 0; 0,998002517473217; 0,998002517473217; 1; 0; 1; 0
6749; 2; 1; 0; 0,60419637159634; 0,39580362840366; 1; 0; 1; 0
6767; 2; 1; 1; 0,815437731818607; 0,815437731818607; 0; 0; 0,332132797202093; 0,667867202797907
6782; 2; 0; 0; 1; 1; 1; 0; 1; 0
6787; 10; 0; 0; 1; 1; 1; 0; 1; 0
6794; 16; 0; 0; 1; 1; 1; 0; 1; 0
6804; 18; 0; 0; 1; 1; 1; 0; 1; 0
6820; 21; 0; 0; 1; 1; 1; 0; 1; 0
6826; 2; 0; 0; 1; 1; 1; 0; 1; 0
6836; 190; 20; 0; 0,384622140479976; 0; 1; 0; 1; 0
6837; 10; 0; 0; 1; 1; 1; 0; 1; 0
6855; 20; 0; 0; 0,999573387854532; 0,999573387854532; 1; 0; 1; 0
6861; 2; 0; 0; 1; 1; 1; 0; 1; 0
6863; 2; 1; 0; 0,559093810235621; 0,440906189764379; 1; 0; 1; 0
6866; 15; 0; 0; 0,981749043529593; 0,981749043529593; 1; 0; 1; 0
6889; 19; 0; 0; 1; 1; 1; 0; 1; 0
6900; 10; 0; 0; 1; 1; 1; 0; 1; 0
6901; 2; 0; 0; 1; 1; 1; 0; 1; 0
6903; 18; 0; 0; 0,999936099830558; 0,999936099830558; 1; 0; 1; 0
6907; 18; 0; 0; 0,999732956224404; 0,999732956224404; 1; 0; 1; 0
6909; 18; 0; 0; 0,999778258051639; 0,999778258051639; 1; 0; 1; 0
6923; 18; 0; 0; 0,990406889010096; 0,990406889010096; 1; 0; 1; 0
6934; 10; 0; 0; 1; 1; 1; 0; 1; 0
6937; 2; 0; 0; 1; 1; 1; 0; 1; 0
6956; 10; 2; 0; 0,466267071879763; 0,361170894814547; 1; 0; 1; 0
6961; 20; 0; 0; 1; 1; 1; 0; 1; 0
6970; 13; 0; 0; 1; 1; 1; 0; 1; 0
6986; 2; 0; 0; 1; 1; 1; 0; 1; 0
6989; 10; 0; 0; 1; 1; 1; 0; 1; 0
7011; 16; 0; 0; 1; 1; 1; 0; 1; 0
7034; 16; 0; 0; 1; 1; 1; 0; 1; 0
7040; 10; 0; 0; 1; 1; 1; 0; 1; 0
7041; 16; 0; 0; 0,999311980632129; 0,999311980632129; 1; 0; 1; 0
7047; 16; 0; 0; 0,999388132444087; 0,999388132444087; 1; 0; 1; 0
7052; 19; 0; 0; 1; 1; 1; 0; 1; 0
7056; 16; 0; 0; 0,999156944498901; 0,999156944498901; 1; 0; 1; 0
7058; 13; 0; 0; 1; 1; 1; 0; 1; 0
7065; 18; 0; 0; 1; 1; 1; 0; 1; 0
7075; 2; 0; 0; 0,813801118240886; 0,813801118240886; 1; 0; 1; 0
7092; 13; 0; 0; 1; 1; 1; 0; 1; 0
7110; 2; 1; 1; 0,896777798166632; 0,896777798166632; 0; 1; 0; 1
7128; 32; 16; 0; 0,607704060217562; 0,392295939782437; 1; 0; 1; 0
7143; 16; 0; 0; 1; 1; 1; 0; 1; 0
7154; 19; 1; 0; 0,251360751084602; 0; 1; 0; 1; 0
7155; 2; 1; 1; 1; 1; 0; 0; 0,599288829618811; 0,400711170381189
7168; 16; 0; 0; 0,99966960213641; 0,99966960213641; 1; 0; 1; 0
7175; 10; 0; 0; 1; 1; 1; 0; 1; 0
7200; 10; 0; 0; 1; 1; 1; 0; 1; 0
7205; 10; 0; 0; 1; 1; 1; 0; 1; 0
7211; 13; 0; 0; 1; 1; 1; 0; 1; 0
7213; 13; 0; 0; 1; 1; 1; 0; 1; 0
7258; 18; 0; 0; 1; 1; 1; 0; 1; 0
7262; 10; 0; 0; 1; 1; 1; 0; 1; 0
7266; 10; 1; 2; 0,445485042873714; 0,286852132031445; 0; 1; 0; 1
7270; 2; 0; 0; 1; 1; 1; 0; 1; 0
7278; 18; 0; 0; 0,999998626709892; 0,999998626709892; 1; 0; 1; 0
7279; 20; 0; 0; 1; 1; 1; 0; 1; 0
7283; 2; 1; 0; 0,686072931651814; 0,313927068348186; 1; 0; 1; 0
7287; 10; 2; 2; 0,365067416361263; 0,365067416361263; 0; 0; 0,500296553284424; 0,499703446715576
7316; 18; 0; 0; 1; 1; 1; 0; 1; 0
7318; 19; 0; 0; 1; 1; 1; 0; 1; 0
7332; 10; 0; 0; 1; 1; 1; 0; 1; 0
7335; 10; 0; 0; 1; 1; 1; 0; 1; 0
7345; 19; 0; 0; 1; 1; 1; 0; 1; 0
7359; 10; 0; 0; 1; 1; 1; 0; 1; 0
7364; 18; 0; 0; 0,675154613779804; 0,675154613779804; 1; 0; 1; 0
7383; 19; 0; 0; 1; 1; 1; 0; 1; 0
7415; 2; 0; 0; 0,99182898467383; 0,99182898467383; 1; 0; 1; 0
7418; 15; 0; 0; 1; 1; 1; 0; 1; 0
7437; 10; 0; 0; 1; 1; 1; 0; 1; 0
7449; 10; 0; 0; 1; 1; 1; 0; 1; 0
7450; 19; 0; 0; 1; 1; 1; 0; 1; 0
7470; 10; 0; 0; 1; 1; 1; 0; 1; 0
7495; 2; 0; 0; 0,80756416844668; 0,80756416844668; 1; 0; 1; 0
7497; 19; 0; 0; 1; 1; 1; 0; 1; 0
7517; 15; 0; 0; 1; 1; 1; 0; 1; 0
7522; 16; 0; 0; 1; 1; 1; 0; 1; 0
7532; 19; 0; 0; 1; 1; 1; 0; 1; 0
7538; 2; 1; 0; 0,579260994866209; 0,420739005133791; 1; 0; 1; 0
7547; 18; 0; 0; 1; 1; 1; 0; 1; 0
7550; 2; 0; 0; 0,9402296682352; 0,9402296682352; 1; 0; 1; 0
7552; 10; 0; 0; 1; 1; 1; 0; 1; 0
7564; 16; 0; 0; 0,998284000627421; 0,998284000627421; 1; 0; 1; 0
7571; 18; 0; 0; 0,999965942440748; 0,999965942440748; 1; 0; 1; 0
7572; 19; 0; 0; 1; 1; 1; 0; 1; 0
7580; 10; 0; 0; 1; 1; 1; 0; 1; 0
7582; 2; 0; 0; 0,526179901903147; 0,526179901903147; 1; 0; 1; 0
7584; 2; 0; 0; 1; 1; 1; 0; 1; 0
7599; 2; 1; 0; 1; 0; 1; 0; 1; 0
7612; 2; 0; 1; 0,606974180024839; 0,393025819975161; 0; 1; 0; 1
7623; 16; 0; 0; 1; 1; 1; 0; 1; 0
7624; 2; 0; 1; 0,606819764513894; 0,393180235486106; 0; 1; 0; 1
7626; 2; 0; 0; 0,996791593244558; 0,996791593244558; 1; 0; 1; 0
7646; 2; 0; 1; 0,606819764513894; 0,393180235486106; 0; 0; 0,33447680444538; 0,66552319555462
7656; 13; 0; 0; 1; 1; 1; 0; 1; 0
7662; 342; 0; 0; 0,744896776331262; 0,744896776331262; 1; 0; 1; 0
7668; 20; 0; 0; 1; 1; 1; 0; 1; 0
7692; 2; 0; 0; 0,985608918242018; 0,985608918242018; 1; 0; 1; 0
7700; 2; 1; 1; 0,518419345331767; 0,518419345331767; 0; 1; 0; 1
7702; 22; 1; 1; 0,613657184054027; 0,613657184054027; 0; 0; 0,599567055666355; 0,400432944333645
7703; 32; 16; 0; 0,516245414183538; 0,483754585816462; 1; 0; 1; 0
7724; 10; 0; 0; 1; 1; 1; 0; 1; 0
7731; 2; 0; 0; 1; 1; 1; 0; 1; 0
7738; 2; 1; 0; 0,513911835258075; 0,486088164741925; 1; 0; 1; 0
7739; 10; 0; 0; 1; 1; 1; 0; 1; 0
7748; 3; 1; 1; 0,686553902205922; 0,686553902205922; 0; 0; 0,49981868512858; 0,50018131487142
7752; 2; 0; 1; 0,71080392064577; 0,28919607935423; 0; 1; 0; 1
7754; 3; 0; 0; 1; 1; 1; 0; 1; 0
7759; 13; 0; 0; 1; 1; 1; 0; 1; 0
7784; 18; 0; 0; 0,82532815099893; 0,82532815099893; 1; 0; 1; 0
7815; 19; 0; 0; 1; 1; 1; 0; 1; 0
7820; 19; 0; 0; 1; 1; 1; 0; 1; 0
7832; 2; 1; 1; 0,548297906815055; 0,548297906815055; 0; 1; 0; 1
7839; 2; 1; 0; 0,539642371336083; 0,460357628663917; 1; 0; 1; 0
7841; 10; 0; 0; 1; 1; 1; 0; 1; 0
7843; 2; 0; 0; 0,72690104028793; 0,72690104028793; 1; 0; 1; 0
7846; 10; 0; 0; 1; 1; 1; 0; 1; 0
7869; 190; 0; 0; 1; 1; 1; 0; 1; 0
7875; 19; 0; 0; 1; 1; 1; 0; 1; 0
7884; 20; 0; 0; 1; 1; 1; 0; 1; 0
7886; 2; 0; 0; 1; 1; 1; 0; 1; 0
7937; 19; 0; 0; 1; 1; 1; 0; 1; 0
7939; 2; 0; 0; 1; 1; 1; 0; 1; 0
7959; 17; 0; 0; 1; 1; 1; 0; 1; 0
7966; 3; 1; 2; 0,551636234868632; 0,448363765131368; 0; 0; 0,249836158183357; 0,750163841816643
7974; 16; 0; 0; 1; 1; 1; 0; 1; 0
7983; 19; 0; 0; 0,999534238096043; 0,999534238096043; 1; 0; 1; 0
7989; 10; 0; 0; 1; 1; 1; 0; 1; 0
8007; 10; 2; 0; 1; 0; 1; 0; 1; 0
8012; 2; 0; 0; 1; 1; 1; 0; 1; 0
8014; 16; 0; 0; 1; 1; 1; 0; 1; 0
8050; 19; 0; 0; 1; 1; 1; 0; 1; 0
8072; 10; 0; 0; 1; 1; 1; 0; 1; 0
8125; 18; 0; 0; 0,735881595049634; 0,735881595049634; 1; 0; 1; 0
8130; 4; 1; 1; 0,565581752592326; 0,565581752592326; 0; 0; 0,500296553284424; 0,499703446715576
8136; 21; 0; 0; 1; 1; 1; 0; 1; 0
8140; 2; 1; 0; 0,659386981381063; 0,340613018618937; 1; 0; 1; 0
8170; 2; 0; 1; 0,679547270857567; 0,320452729142433; 0; 0; 0,332651268006151; 0,667348731993848
8183; 2; 0; 0; 1; 1; 1; 0; 1; 0
8197; 19; 1; 2; 0,323938124628367; 0,29447278671283; 0; 1; 0; 1
8203; 16; 0; 0; 1; 1; 1; 0; 1; 0
8209; 2; 0; 1; 0,786885502507723; 0,213114497492277; 0; 0; 0,334757627560464; 0,665242372439536
8214; 342; 0; 0; 0,963931876411918; 0,963931876411918; 1; 0; 1; 0
8224; 16; 0; 0; 1; 1; 1; 0; 1; 0
8231; 2; 1; 0; 0,523025803353986; 0,476974196646014; 1; 0; 1; 0
8245; 2; 1; 0; 0,53694604167326; 0,46305395832674; 1; 0; 1; 0
8253; 19; 0; 0; 1; 1; 1; 0; 1; 0
8286; 10; 0; 0; 1; 1; 1; 0; 1; 0
8304; 16; 0; 0; 1; 1; 1; 0; 1; 0
8307; 2; 0; 0; 0,560434666823928; 0,560434666823928; 1; 0; 1; 0
8312; 19; 3; 1; 0,357678536923301; 0,348577065814716; 0; 1; 0; 1
8332; 19; 0; 0; 1; 1; 1; 0; 1; 0
8336; 19; 0; 0; 1; 1; 1; 0; 1; 0
8357; 10; 0; 0; 1; 1; 1; 0; 1; 0
8358; 19; 0; 0; 0,999698535215463; 0,999698535215463; 1; 0; 1; 0
8359; 19; 0; 0; 1; 1; 1; 0; 1; 0
8361; 20; 0; 0; 1; 1; 1; 0; 1; 0
8373; 10; 0; 0; 1; 1; 1; 0; 1; 0
8375; 10; 0; 0; 1; 1; 1; 0; 1; 0
8381; 10; 0; 0; 1; 1; 1; 0; 1; 0
8400; 2; 0; 0; 1; 1; 1; 0; 1; 0
8408; 2; 1; 1; 0,881129973670744; 0,881129973670744; 0; 1; 0; 1
8413; 10; 0; 0; 1; 1; 1; 0; 1; 0
8436; 19; 0; 0; 1; 1; 1; 0; 1; 0
8445; 20; 0; 0; 1; 1; 1; 0; 1; 0
8448; 13; 0; 0; 1; 1; 1; 0; 1; 0
8451; 19; 0; 0; 0,96638104268123; 0,96638104268123; 1; 0; 1; 0
8456; 2; 0; 0; 0,748428493418114; 0,748428493418114; 1; 0; 1; 0
8462; 16; 0; 0; 1; 1; 1; 0; 1; 0
8483; 2; 1; 0; 0,720624961559198; 0,279375038440802; 1; 0; 1; 0
8489; 10; 0; 0; 1; 1; 1; 0; 1; 0
8496; 2; 0; 0; 1; 1; 1; 0; 1; 0
8508; 2; 0; 0; 0,540885666499573; 0,540885666499573; 1; 0; 1; 0
8512; 2; 0; 0; 0,983644025364171; 0,983644025364171; 1; 0; 1; 0
8527; 19; 1; 1; 1; 1; 0; 1; 0; 1
8530; 19; 0; 0; 1; 1; 1; 0; 1; 0
8545; 10; 0; 0; 1; 1; 1; 0; 1; 0
8548; 10; 1; 1; 0,399492332241598; 0,399492332241598; 0; 0; 0,500256624585928; 0,499743375414072
8565; 3; 1; 2; 0,537978206410305; 0,462021793589695; 0; 0; 0,249836158183357; 0,750163841816643
8578; 19; 0; 0; 1; 1; 1; 0; 1; 0
8596; 2; 1; 1; 0,655027436271028; 0,655027436271028; 0; 0; 0,33305199406266; 0,66694800593734
8600; 10; 1; 2; 0,447889347961564; 0,284281978181336; 0; 1; 0; 1
8605; 10; 0; 0; 1; 1; 1; 0; 1; 0
8608; 2; 0; 0; 0,530116300310182; 0,530116300310182; 1; 0; 1; 0
8609; 3; 1; 2; 0,528119426624812; 0,471880573375188; 0; 0; 0,249836158183357; 0,750163841816643
8623; 10; 0; 0; 1; 1; 1; 0; 1; 0
8625; 2; 0; 0; 1; 1; 1; 0; 1; 0
8627; 3; 2; 2; 0,416797062798799; 0,416797062798799; 0; 0; 0,249836158183357; 0,750163841816643
8641; 13; 0; 0; 1; 1; 1; 0; 1; 0
8650; 10; 0; 0; 1; 1; 1; 0; 1; 0
8661; 2; 1; 0; 1; 0; 1; 0; 1; 0
8674; 19; 0; 0; 1; 1; 1; 0; 1; 0
8694; 2; 0; 0; 0,761673897385236; 0,761673897385236; 1; 0; 1; 0
8701; 10; 0; 0; 1; 1; 1; 0; 1; 0
8703; 2; 0; 0; 1; 1; 1; 0; 1; 0
8705; 16; 0; 0; 1; 1; 1; 0; 1; 0
8713; 4; 0; 0; 0,884482787992725; 0,884482787992725; 1; 0; 1; 0
8749; 19; 0; 0; 1; 1; 1; 0; 1; 0
8771; 13; 0; 0; 1; 1; 1; 0; 1; 0
8789; 10; 1; 2; 0,422754525999281; 0,287117569601266; 0; 1; 0; 1
8796; 15; 0; 0; 1; 1; 1; 0; 1; 0
8801; 3; 2; 0; 0,468047331495885; 0,301849481067681; 1; 0; 1; 0
8803; 20; 0; 0; 1; 1; 1; 0; 1; 0
8810; 10; 0; 0; 1; 1; 1; 0; 1; 0
8820; 2; 0; 0; 1; 1; 1; 0; 1; 0
8822; 10; 0; 0; 1; 1; 1; 0; 1; 0
8823; 10; 0; 0; 1; 1; 1; 0; 1; 0
8827; 2; 1; 1; 1; 1; 0; 0; 0,248721534951423; 0,751278465048577
8831; 18; 0; 0; 0,999875707634646; 0,999875707634646; 1; 0; 1; 0
8856; 13; 0; 0; 1; 1; 1; 0; 1; 0
8857; 19; 0; 0; 1; 1; 1; 0; 1; 0
8865; 160; 0; 0; 0,999993122361368; 0,999993122361368; 1; 0; 1; 0
8878; 19; 0; 0; 1; 1; 1; 0; 1; 0
8902; 2; 0; 0; 1; 1; 1; 0; 1; 0
8903; 19; 2; 1; 0,483122591783663; 0,260128952494282; 0; 1; 0; 1
8904; 2; 0; 0; 1; 1; 1; 0; 1; 0
8909; 10; 0; 0; 1; 1; 1; 0; 1; 0
8922; 18; 0; 0; 1; 1; 1; 0; 1; 0
8926; 18; 0; 0; 1; 1; 1; 0; 1; 0
8935; 23; 0; 0; 1; 1; 1; 0; 1; 0
8936; 19; 0; 0; 1; 1; 1; 0; 1; 0
8948; 2; 0; 0; 1; 1; 1; 0; 1; 0
8949; 19; 0; 0; 1; 1; 1; 0; 1; 0
8951; 10; 0; 0; 1; 1; 1; 0; 1; 0
8956; 19; 0; 0; 1; 1; 1; 0; 1; 0
8961; 10; 0; 0; 1; 1; 1; 0; 1; 0
8962; 3; 0; 1; 0,416396156034477; 0,368940595771975; 0; 0; 0,499214513767447; 0,500785486232553
8975; 342; 0; 0; 0,999431179101359; 0,999431179101359; 1; 0; 1; 0
8994; 2; 0; 0; 1; 1; 1; 0; 1; 0
9010; 21; 0; 0; 1; 1; 1; 0; 1; 0
9040; 16; 0; 0; 1; 1; 1; 0; 1; 0
9043; 10; 0; 0; 1; 1; 1; 0; 1; 0
9060; 22; 0; 0; 0,999348255475815; 0,999348255475815; 1; 0; 1; 0
9088; 18; 0; 0; 1; 1; 1; 0; 1; 0
9089; 2; 0; 0; 1; 1; 1; 0; 1; 0
9090; 10; 0; 0; 1; 1; 1; 0; 1; 0
9091; 2; 1; 1; 1; 1; 0; 0; 0,500461757218196; 0,499538242781804
9117; 16; 0; 0; 0,99966960213641; 0,99966960213641; 1; 0; 1; 0
9123; 10; 0; 0; 1; 1; 1; 0; 1; 0
9172; 3; 0; 2; 0,357537517697599; 0,336308052544468; 0; 0; 0,249822203064474; 0,750177796935526
9198; 10; 0; 0; 1; 1; 1; 0; 1; 0
9201; 18; 0; 0; 1; 1; 1; 0; 1; 0
9203; 13; 0; 0; 1; 1; 1; 0; 1; 0
9204; 2; 0; 1; 0,556696713762805; 0,443303286237196; 0; 0; 0,499743375414072; 0,500256624585928
9205; 10; 0; 0; 1; 1; 1; 0; 1; 0
9213; 10; 0; 0; 1; 1; 1; 0; 1; 0
9220; 2; 0; 0; 0,947056103096521; 0,947056103096521; 1; 0; 1; 0
9225; 19; 0; 0; 1; 1; 1; 0; 1; 0
9240; 13; 0; 0; 1; 1; 1; 0; 1; 0
9247; 18; 0; 0; 1; 1; 1; 0; 1; 0
9253; 4; 1; 1; 0,655265090589719; 0,655265090589719; 0; 0; 0,500296553284424; 0,499703446715576
9258; 19; 0; 0; 1; 1; 1; 0; 1; 0
9260; 10; 0; 0; 1; 1; 1; 0; 1; 0
9287; 304; 0; 0; 0,989288876920856; 0,989288876920856; 1; 0; 1; 0
9298; 20; 0; 0; 1; 1; 1; 0; 1; 0
9313; 13; 0; 0; 1; 1; 1; 0; 1; 0
9314; 19; 0; 0; 1; 1; 1; 0; 1; 0
9331; 20; 0; 0; 1; 1; 1; 0; 1; 0
9332; 10; 1; 2; 0,712826884190571; 0,287173115809429; 0; 1; 0; 1
9355; 17; 0; 0; 1; 1; 1; 0; 1; 0
9371; 2; 0; 0; 1; 1; 1; 0; 1; 0
9389; 2; 0; 0; 0,944716953492288; 0,944716953492288; 1; 0; 1; 0
9394; 16; 0; 0; 1; 1; 1; 0; 1; 0
9403; 13; 0; 0; 1; 1; 1; 0; 1; 0
9415; 2; 1; 1; 1; 1; 0; 1; 0; 1
9419; 2; 0; 1; 1; 0; 0; 1; 0; 1
9421; 20; 0; 0; 1; 1; 1; 0; 1; 0
9423; 2; 0; 0; 1; 1; 1; 0; 1; 0
9446; 2; 0; 1; 0,530887050507132; 0,469112949492868; 0; 0; 0,332032239591889; 0,667967760408111
9450; 3; 0; 0; 0,390820524502737; 0,390820524502737; 1; 0; 1; 0
9451; 19; 0; 0; 1; 1; 1; 0; 1; 0
9456; 10; 2; 1; 0,596908977225865; 0; 0; 1; 0; 1
9462; 16; 0; 0; 1; 1; 1; 0; 1; 0
9464; 2; 0; 0; 1; 1; 1; 0; 1; 0
9472; 19; 0; 0; 1; 1; 1; 0; 1; 0
9495; 10; 0; 0; 0,518580712264697; 0,518580712264697; 1; 0; 1; 0
9509; 10; 0; 0; 0,999999713202025; 0,999999713202025; 1; 0; 1; 0
9523; 10; 1; 1; 1; 1; 0; 0; 0,250781242289067; 0,749218757710932
9526; 10; 0; 0; 1; 1; 1; 0; 1; 0
9536; 23; 0; 0; 1; 1; 1; 0; 1; 0
9554; 16; 0; 0; 1; 1; 1; 0; 1; 0
9560; 18; 0; 0; 1; 1; 1; 0; 1; 0
9609; 2; 0; 1; 0,511776404990212; 0,488223595009788; 0; 1; 0; 1
9615; 2; 1; 1; 0,651303557480058; 0,651303557480058; 0; 0; 0,332596470775875; 0,667403529224125
9619; 13; 0; 0; 1; 1; 1; 0; 1; 0
9620; 10; 0; 0; 1; 1; 1; 0; 1; 0
9653; 16; 0; 0; 1; 1; 1; 0; 1; 0
9662; 16; 0; 0; 1; 1; 1; 0; 1; 0
9671; 2; 1; 1; 1; 1; 0; 0; 0,500338827293833; 0,499661172706167
9705; 16; 0; 0; 1; 1; 1; 0; 1; 0
9714; 10; 0; 0; 1; 1; 1; 0; 1; 0
9726; 18; 0; 0; 0,999994461935672; 0,999994461935672; 1; 0; 1; 0
9738; 19; 0; 0; 1; 1; 1; 0; 1; 0
9746; 10; 0; 0; 1; 1; 1; 0; 1; 0
9752; 2; 1; 1; 1; 1; 0; 0; 0,333430975862548; 0,666569024137453
9773; 18; 0; 0; 1; 1; 1; 0; 1; 0
9774; 16; 4; 0; 0,79174539422531; 0; 1; 0; 1; 0
9777; 19; 1; 1; 0,44178444654645; 0,44178444654645; 0; 0; 0,249209571837016; 0,750790428162984
9787; 21; 0; 0; 1; 1; 1; 0; 1; 0
9808; 160; 0; 0; 0,999942654466951; 0,999942654466951; 1; 0; 1; 0
9826; 4; 0; 1; 0,634836837687796; 0,365163162312204; 0; 0; 0,60012921197028; 0,39987078802972
9834; 32; 0; 0; 0,569824848101437; 0,569824848101437; 1; 0; 1; 0
9837; 2; 1; 0; 0,774819253945948; 0,225180746054052; 1; 0; 1; 0
9841; 3; 0; 0; 0,78063514714169; 0,78063514714169; 1; 0; 1; 0
9842; 16; 0; 0; 1; 1; 1; 0; 1; 0
9849; 2; 0; 0; 1; 1; 1; 0; 1; 0
9881; 170; 0; 0; 0,999734458283317; 0,999734458283317; 1; 0; 1; 0
9882; 10; 0; 0; 0,724821086855197; 0,724821086855197; 1; 0; 1; 0
9913; 2; 1; 0; 0,539835978067045; 0,460164021932955; 1; 0; 1; 0
9923; 13; 0; 0; 1; 1; 1; 0; 1; 0
9928; 16; 0; 0; 1; 1; 1; 0; 1; 0
9932; 2; 1; 0; 1; 0; 1; 0; 1; 0
9940; 2; 1; 0; 0,790348453429278; 0,209651546570722; 1; 0; 1; 0
9942; 19; 0; 0; 1; 1; 1; 0; 1; 0
9953; 19; 0; 0; 1; 1; 1; 0; 1; 0
9981; 10; 2; 0; 0,549029292632647; 0,450970707367353; 1; 0; 1; 0
9987; 19; 0; 0; 1; 1; 1; 0; 1; 0
9995; 2; 1; 0; 0,610969820459387; 0,389030179540613; 1; 0; 1; 0
10018; 2; 0; 1; 0,622488391287075; 0,377511608712925; 0; 1; 0; 1
10022; 2; 1; 1; 1; 1; 0; 1; 0; 1
10049; 19; 0; 0; 1; 1; 1; 0; 1; 0
10057; 20; 0; 0; 0,998870734673361; 0,998870734673361; 1; 0; 1; 0
10058; 3; 0; 1; 0,509899358161929; 0,490100641838071; 0; 0; 0,499610192640042; 0,500389807359958
10084; 19; 0; 0; 1; 1; 1; 0; 1; 0
10119; 10; 0; 0; 0,628065152092412; 0,628065152092412; 1; 0; 1; 0
10124; 2; 0; 0; 1; 1; 1; 0; 1; 0
10131; 3; 0; 0; 0,441047603004945; 0,441047603004945; 1; 0; 1; 0
10133; 2; 0; 0; 0,999650087278591; 0,999650087278591; 1; 0; 1; 0
10135; 2; 0; 0; 1; 1; 1; 0; 1; 0
10157; 11; 0; 0; 0,886353967353207; 0,886353967353207; 1; 0; 1; 0
10161; 3; 1; 1; 0,558344813183848; 0,558344813183848; 0; 0; 0,334175033414952; 0,665824966585048
10172; 10; 0; 0; 1; 1; 1; 0; 1; 0
10175; 2; 1; 0; 0,551444053973058; 0,448555946026942; 1; 0; 1; 0
10193; 13; 0; 0; 1; 1; 1; 0; 1; 0
10199; 10; 0; 0; 1; 1; 1; 0; 1; 0
10200; 10; 0; 0; 1; 1; 1; 0; 1; 0
10211; 2; 0; 1; 1; 0; 0; 1; 0; 1
10221; 3; 0; 1; 0,490776083620987; 0,334419807022114; 0; 0; 0,334208340751588; 0,665791659248412
10223; 160; 0; 0; 1; 1; 1; 0; 1; 0
10227; 2; 0; 0; 0,986237884901019; 0,986237884901019; 1; 0; 1; 0
10233; 2; 0; 0; 1; 1; 1; 0; 1; 0
10237; 16; 0; 0; 1; 1; 1; 0; 1; 0
10239; 20; 0; 0; 1; 1; 1; 0; 1; 0
10242; 18; 0; 0; 1; 1; 1; 0; 1; 0
10249; 20; 0; 0; 1; 1; 1; 0; 1; 0
10298; 10; 0; 0; 1; 1; 1; 0; 1; 0
10309; 18; 0; 0; 1; 1; 1; 0; 1; 0
10313; 19; 0; 0; 1; 1; 1; 0; 1; 0
10333; 2; 1; 0; 1; 0; 1; 0; 1; 0
10363; 21; 0; 0; 1; 1; 1; 0; 1; 0
10385; 10; 0; 0; 1; 1; 1; 0; 1; 0
10387; 2; 0; 0; 0,584737307722478; 0,584737307722478; 1; 0; 1; 0
10390; 2; 1; 1; 0,892146272993165; 0,892146272993165; 0; 0; 0,332267532977796; 0,667732467022204
10411; 342; 0; 0; 0,999997852211974; 0,999997852211974; 1; 0; 1; 0
10427; 10; 0; 0; 1; 1; 1; 0; 1; 0
10431; 10; 0; 0; 1; 1; 1; 0; 1; 0
10438; 13; 0; 0; 1; 1; 1; 0; 1; 0
10440; 19; 0; 0; 1; 1; 1; 0; 1; 0
10442; 10; 0; 0; 1; 1; 1; 0; 1; 0
10453; 21; 0; 0; 1; 1; 1; 0; 1; 0
10454; 19; 0; 0; 1; 1; 1; 0; 1; 0
10487; 2; 1; 0; 0,628019223332275; 0,371980776667725; 1; 0; 1; 0
10494; 19; 0; 0; 1; 1; 1; 0; 1; 0
10503; 2; 0; 0; 1; 1; 1; 0; 1; 0
10508; 2; 1; 1; 1; 1; 0; 0; 0,333918879743881; 0,666081120256119
10528; 20; 0; 0; 1; 1; 1; 0; 1; 0
10544; 2; 0; 1; 1; 0; 0; 0; 0,499612509827923; 0,500387490172077
10558; 2; 1; 1; 0,544078437941464; 0,544078437941464; 0; 0; 0,500461757218196; 0,499538242781804
10564; 2; 1; 1; 0,998947458316275; 0,998947458316275; 0; 0; 0,334384756660017; 0,665615243339983
10575; 19; 0; 0; 1; 1; 1; 0; 1; 0
10576; 18; 0; 0; 0,999885275332553; 0,999885275332553; 1; 0; 1; 0
10579; 13; 0; 0; 1; 1; 1; 0; 1; 0
10580; 10; 0; 0; 1; 1; 1; 0; 1; 0
10602; 2; 0; 0; 0,999238075106337; 0,999238075106337; 1; 0; 1; 0
10609; 2; 1; 0; 1; 0; 1; 0; 1; 0
10613; 13; 0; 0; 1; 1; 1; 0; 1; 0
10618; 19; 0; 0; 1; 1; 1; 0; 1; 0
10641; 10; 0; 0; 1; 1; 1; 0; 1; 0
10645; 2; 0; 1; 0,58575362418712; 0,41424637581288; 0; 0; 0,332596470775875; 0,667403529224125
10662; 19; 0; 0; 1; 1; 1; 0; 1; 0
10677; 20; 0; 0; 1; 1; 1; 0; 1; 0
10678; 10; 0; 0; 1; 1; 1; 0; 1; 0
10687; 18; 0; 0; 1; 1; 1; 0; 1; 0
10694; 32; 4; 0; 0,383067867593535; 0; 1; 0; 1; 0
10699; 2; 1; 1; 0,697092075427234; 0,697092075427234; 0; 1; 0; 1
10709; 19; 0; 0; 1; 1; 1; 0; 1; 0
10714; 2; 1; 1; 0,676313656816471; 0,676313656816471; 0; 1; 0; 1
10731; 10; 0; 0; 1; 1; 1; 0; 1; 0
10758; 10; 0; 0; 1; 1; 1; 0; 1; 0
10767; 10; 0; 0; 0,470272899150097; 0,470272899150097; 1; 0; 1; 0
10771; 10; 0; 0; 1; 1; 1; 0; 1; 0
10777; 2; 0; 0; 1; 1; 1; 0; 1; 0
10830; 10; 0; 0; 1; 1; 1; 0; 1; 0
10852; 19; 0; 0; 1; 1; 1; 0; 1; 0
10863; 20; 0; 0; 1; 1; 1; 0; 1; 0
10868; 2; 1; 0; 1; 0; 1; 0; 1; 0
10872; 13; 0; 0; 1; 1; 1; 0; 1; 0
10883; 13; 0; 0; 1; 1; 1; 0; 1; 0
10909; 16; 0; 0; 1; 1; 1; 0; 1; 0
10919; 2; 1; 1; 0,610088309532022; 0,610088309532022; 0; 0; 0,332596470775875; 0,667403529224125
10921; 2; 1; 1; 1; 1; 0; 0; 0,3333415426568; 0,6666584573432
10934; 10; 0; 0; 1; 1; 1; 0; 1; 0
10953; 10; 0; 0; 0,999385238860567; 0,999385238860567; 1; 0; 1; 0
10975; 10; 1; 0; 0,758076831414746; 0; 1; 0; 1; 0
10984; 2; 1; 0; 1; 0; 1; 0; 1; 0
11009; 2; 0; 0; 1; 1; 1; 0; 1; 0
11020; 10; 0; 0; 0,540162197282677; 0,540162197282677; 1; 0; 1; 0
11025; 18; 0; 0; 0,999931292607681; 0,999931292607681; 1; 0; 1; 0
11028; 18; 0; 0; 1; 1; 1; 0; 1; 0
11032; 2; 1; 0; 1; 0; 1; 0; 1; 0
11044; 2; 1; 0; 0,538099921938727; 0,461900078061273; 1; 0; 1; 0
11050; 2; 0; 0; 0,685908587179463; 0,685908587179463; 1; 0; 1; 0
11055; 2; 1; 1; 0,526206392758351; 0,526206392758351; 0; 0; 0,334208340751588; 0,665791659248412
11097; 19; 0; 0; 0,999940268328095; 0,999940268328095; 1; 0; 1; 0
11119; 19; 0; 0; 1; 1; 1; 0; 1; 0
11130; 10; 2; 0; 0,668194344636494; 0; 1; 0; 1; 0
11138; 2; 0; 0; 1; 1; 1; 0; 1; 0
11158; 2; 1; 1; 1; 1; 0; 0; 0,500338827293833; 0,499661172706167
11170; 20; 0; 0; 1; 1; 1; 0; 1; 0
11172; 20; 0; 0; 1; 1; 1; 0; 1; 0
11229; 2; 1; 1; 0,994144040012552; 0,994144040012552; 0; 1; 0; 1
11251; 23; 0; 0; 1; 1; 1; 0; 1; 0
11255; 10; 0; 0; 0,99998787886781; 0,99998787886781; 1; 0; 1; 0
11295; 20; 0; 0; 1; 1; 1; 0; 1; 0
11306; 2; 1; 1; 0,602828067659694; 0,602828067659694; 0; 0; 0,499214513767447; 0,500785486232553
11317; 2; 1; 0; 1; 0; 1; 0; 1; 0
11320; 16; 0; 0; 1; 1; 1; 0; 1; 0
11329; 361; 0; 0; 1; 1; 1; 0; 1; 0
11352; 19; 0; 0; 0,999682520370598; 0,999682520370598; 1; 0; 1; 0
11365; 17; 0; 0; 1; 1; 1; 0; 1; 0
11366; 2; 1; 1; 0,707151304588342; 0,707151304588342; 0; 1; 0; 1
11373; 22; 0; 0; 1; 1; 1; 0; 1; 0
11379; 10; 0; 0; 1; 1; 1; 0; 1; 0
11381; 20; 0; 0; 1; 1; 1; 0; 1; 0
11406; 19; 0; 0; 1; 1; 1; 0; 1; 0
11412; 2; 0; 0; 0,999815359838272; 0,999815359838272; 1; 0; 1; 0
11414; 2; 1; 0; 0,548128575862909; 0,451871424137091; 1; 0; 1; 0
11425; 2; 0; 1; 0,502630404928041; 0,497369595071959; 0; 1; 0; 1
11453; 19; 0; 0; 1; 1; 1; 0; 1; 0
11473; 19; 0; 0; 1; 1; 1; 0; 1; 0
11479; 10; 0; 0; 0,997959283565167; 0,997959283565167; 1; 0; 1; 0
11485; 20; 0; 0; 1; 1; 1; 0; 1; 0
11508; 2; 0; 0; 1; 1; 1; 0; 1; 0
11512; 18; 0; 0; 0,999915457064714; 0,999915457064714; 1; 0; 1; 0
11513; 17; 0; 0; 1; 1; 1; 0; 1; 0
11522; 19; 0; 0; 1; 1; 1; 0; 1; 0
11528; 10; 0; 0; 1; 1; 1; 0; 1; 0
11534; 13; 0; 0; 1; 1; 1; 0; 1; 0
11547; 13; 0; 0; 1; 1; 1; 0; 1; 0
11555; 19; 0; 0; 1; 1; 1; 0; 1; 0
11556; 10; 0; 0; 1; 1; 1; 0; 1; 0
11573; 2; 1; 1; 0,539681057027831; 0,539681057027831; 0; 1; 0; 1
11601; 19; 0; 0; 1; 1; 1; 0; 1; 0
11603; 16; 0; 0; 1; 1; 1; 0; 1; 0
11613; 4; 2; 1; 0,582455215396103; 0,0466434710408186; 0; 0; 0,500337961834107; 0,499662038165893
11638; 19; 0; 0; 1; 1; 1; 0; 1; 0
11655; 2; 1; 1; 0,959752649724503; 0,959752649724503; 0; 1; 0; 1
11663; 4; 1; 2; 0,320355563979085; 0,180367050910036; 0; 0; 0,499743375414072; 0,500256624585928
11666; 13; 0; 0; 1; 1; 1; 0; 1; 0
11685; 304; 0; 0; 0,939861000763296; 0,939861000763296; 1; 0; 1; 0
11697; 2; 1; 0; 0,534376215445716; 0,465623784554284; 1; 0; 1; 0
11703; 2; 0; 0; 1; 1; 1; 0; 1; 0
11724; 19; 0; 0; 1; 1; 1; 0; 1; 0
11729; 18; 0; 0; 1; 1; 1; 0; 1; 0
11737; 2; 1; 0; 1; 0; 1; 0; 1; 0
11754; 20; 0; 0; 1; 1; 1; 0; 1; 0
11810; 13; 0; 0; 1; 1; 1; 0; 1; 0
11816; 13; 0; 0; 1; 1; 1; 0; 1; 0
11848; 2; 1; 1; 0,549859344736544; 0,549859344736544; 0; 0; 0,249787733109149; 0,750212266890851
11866; 2; 1; 0; 0,511356017470295; 0,488643982529705; 1; 0; 1; 0
11868; 10; 0; 0; 1; 1; 1; 0; 1; 0
11888; 2; 1; 1; 0,79511535248822; 0,79511535248822; 0; 1; 0; 1
11910; 2; 0; 0; 0,522360010051102; 0,522360010051102; 1; 0; 1; 0
11929; 10; 0; 0; 1; 1; 1; 0; 1; 0
11935; 19; 0; 0; 1; 1; 1; 0; 1; 0
11942; 2; 0; 0; 1; 1; 1; 0; 1; 0
11949; 17; 0; 0; 1; 1; 1; 0; 1; 0
11967; 10; 0; 0; 1; 1; 1; 0; 1; 0
11968; 10; 0; 0; 1; 1; 1; 0; 1; 0
11973; 2; 1; 1; 1; 1; 0; 0; 0,500338827293833; 0,499661172706167
11980; 10; 0; 0; 1; 1; 1; 0; 1; 0
11987; 2; 0; 0; 1; 1; 1; 0; 1; 0
12005; 20; 0; 0; 1; 1; 1; 0; 1; 0
12014; 19; 0; 0; 1; 1; 1; 0; 1; 0
12020; 2; 1; 0; 0,510597509058707; 0,489402490941293; 1; 0; 1; 0
12024; 10; 0; 0; 1; 1; 1; 0; 1; 0
12082; 18; 0; 0; 1; 1; 1; 0; 1; 0
12101; 18; 0; 0; 1; 1; 1; 0; 1; 0
12105; 2; 0; 0; 0,984501380325627; 0,984501380325627; 1; 0; 1; 0
12113; 2; 1; 0; 0,595961940457102; 0,404038059542898; 1; 0; 1; 0
12137; 20; 0; 0; 0,999988235612096; 0,999988235612096; 1; 0; 1; 0
12160; 22; 0; 0; 0,999883045166012; 0,999883045166012; 1; 0; 1; 0
12162; 20; 0; 0; 0,999852426612076; 0,999852426612076; 1; 0; 1; 0
12163; 15; 0; 0; 1; 1; 1; 0; 1; 0
12181; 150; 0; 0; 1; 1; 1; 0; 1; 0
12195; 10; 0; 0; 1; 1; 1; 0; 1; 0
12214; 2; 0; 0; 1; 1; 1; 0; 1; 0
12216; 32; 16; 0; 0,597296960517723; 0,402703039482278; 1; 0; 1; 0
12223; 16; 3; 6; 0,198396001325598; 0,178810744032317; 0; 1; 0; 1
12228; 2; 1; 1; 0,986547147006805; 0,986547147006805; 0; 0; 0,334791303513529; 0,665208696486471
12248; 20; 0; 0; 1; 1; 1; 0; 1; 0
12255; 22; 0; 0; 0,99935659272651; 0,99935659272651; 1; 0; 1; 0
12258; 19; 0; 0; 1; 1; 1; 0; 1; 0
12273; 2; 0; 0; 0,999984661119023; 0,999984661119023; 1; 0; 1; 0
12294; 2; 0; 1; 0,670408027602817; 0,329591972397183; 0; 0; 0,500461757218196; 0,499538242781804
12301; 2; 0; 0; 0,683477496376976; 0,683477496376976; 1; 0; 1; 0
12305; 21; 0; 0; 1; 1; 1; 0; 1; 0
12315; 16; 6; 3; 0,244145933873856; 0,225342174512093; 0; 0; 0,499548856822914; 0,500451143177086
12325; 2; 1; 0; 0,647216987226801; 0,352783012773199; 1; 0; 1; 0
12345; 3; 2; 2; 1; 1; 0; 0; 0,249836158183357; 0,750163841816643
12348; 19; 0; 0; 1; 1; 1; 0; 1; 0
12365; 342; 0; 0; 0,999975876754162; 0,999975876754162; 1; 0; 1; 0
12372; 19; 0; 0; 0,990261067270171; 0,990261067270171; 1; 0; 1; 0
12383; 23; 0; 0; 0,79836826008152; 0,79836826008152; 1; 0; 1; 0
12393; 19; 0; 0; 1; 1; 1; 0; 1; 0
12400; 16; 0; 0; 1; 1; 1; 0; 1; 0
12427; 2; 1; 1; 0,956759302401497; 0,956759302401497; 0; 0; 0,334832981070151; 0,665167018929849
12431; 19; 0; 0; 1; 1; 1; 0; 1; 0
12434; 3; 2; 2; 1; 1; 0; 0; 0,249836158183357; 0,750163841816643
12437; 10; 0; 0; 1; 1; 1; 0; 1; 0
12445; 13; 0; 0; 0,726032507517411; 0,726032507517411; 1; 0; 1; 0
12446; 19; 0; 0; 1; 1; 1; 0; 1; 0
12453; 16; 1; 0; 0,25820848178098; 0; 1; 0; 1; 0
12462; 16; 1; 0; 0,286644817154388; 0; 1; 0; 1; 0
12486; 19; 0; 0; 1; 1; 1; 0; 1; 0
12489; 170; 0; 0; 1; 1; 1; 0; 1; 0
12497; 17; 0; 0; 1; 1; 1; 0; 1; 0
12513; 16; 0; 0; 1; 1; 1; 0; 1; 0
12514; 15; 0; 0; 1; 1; 1; 0; 1; 0
12535; 2; 1; 1; 0,991988321185561; 0,991988321185561; 0; 0; 0,251037880566943; 0,748962119433057
12541; 16; 0; 0; 1; 1; 1; 0; 1; 0
12551; 16; 0; 0; 1; 1; 1; 0; 1; 0
12552; 10; 2; 2; 1; 1; 0; 0; 0,499619597261387; 0,500380402738613
12556; 16; 0; 0; 1; 1; 1; 0; 1; 0
12568; 10; 0; 0; 0,998856060683196; 0,998856060683196; 1; 0; 1; 0
12582; 21; 0; 0; 1; 1; 1; 0; 1; 0
12583; 2; 0; 1; 0,695967783368306; 0,304032216631694; 0; 0; 0,332032239591889; 0,667967760408111
12593; 22; 0; 0; 0,999844712412836; 0,999844712412836; 1; 0; 1; 0
12595; 17; 0; 0; 1; 1; 1; 0; 1; 0
12625; 36; 0; 0; 0,999945743750396; 0,999945743750396; 1; 0; 1; 0
12639; 2; 0; 0; 1; 1; 1; 0; 1; 0
12642; 2; 1; 0; 0,74601033525654; 0,25398966474346; 1; 0; 1; 0
12652; 2; 1; 0; 0,765987204846887; 0,234012795153113; 1; 0; 1; 0
12670; 3; 2; 2; 1; 1; 0; 0; 0,249836158183357; 0,750163841816643
12685; 2; 1; 1; 1; 1; 0; 0; 0,501026641301289; 0,498973358698711
12726; 19; 0; 0; 1; 1; 1; 0; 1; 0
12745; 19; 0; 0; 1; 1; 1; 0; 1; 0
12780; 342; 0; 0; 1; 1; 1; 0; 1; 0
12804; 2; 1; 1; 0,998877499399391; 0,998877499399391; 0; 0; 0,599288829618811; 0,400711170381189
12813; 18; 0; 0; 1; 1; 1; 0; 1; 0
12840; 10; 2; 0; 0,431101463072609; 0,383371510968725; 1; 0; 1; 0
12850; 2; 1; 1; 1; 1; 0; 1; 0; 1
12874; 17; 0; 0; 1; 1; 1; 0; 1; 0
12879; 18; 0; 0; 1; 1; 1; 0; 1; 0
12911; 16; 0; 0; 1; 1; 1; 0; 1; 0
12963; 4; 0; 0; 1; 1; 1; 0; 1; 0
12993; 17; 1; 0; 0,239524820105043; 0; 1; 0; 1; 0
13029; 21; 0; 0; 1; 1; 1; 0; 1; 0
13047; 2; 0; 0; 0,50278020279648; 0,50278020279648; 1; 0; 1; 0
13055; 10; 0; 0; 1; 1; 1; 0; 1; 0
13058; 16; 0; 0; 1; 1; 1; 0; 1; 0
13075; 19; 0; 0; 1; 1; 1; 0; 1; 0
13086; 18; 0; 0; 1; 1; 1; 0; 1; 0
13091; 13; 0; 0; 0,70599770434055; 0,70599770434055; 1; 0; 1; 0
13098; 10; 1; 0; 0,701098681116584; 0; 1; 0; 1; 0
13099; 10; 0; 0; 1; 1; 1; 0; 1; 0
13108; 16; 0; 0; 1; 1; 1; 0; 1; 0
13112; 342; 0; 0; 0,99996472081136; 0,99996472081136; 1; 0; 1; 0
13121; 19; 0; 0; 1; 1; 1; 0; 1; 0
13150; 2; 0; 0; 1; 1; 1; 0; 1; 0
13151; 25; 7; 1; 1; 0; 0; 0; 0,248243774845419; 0,751756225154581
13170; 2; 1; 1; 0,797698758521554; 0,797698758521554; 0; 0; 0,331582898370668; 0,668417101629332
13175; 2; 0; 0; 0,630605743167083; 0,630605743167083; 1; 0; 1; 0
13179; 10; 0; 0; 1; 1; 1; 0; 1; 0
13192; 2; 0; 0; 0,639165407459592; 0,639165407459592; 1; 0; 1; 0
13209; 10; 0; 0; 1; 1; 1; 0; 1; 0
13212; 18; 0; 0; 0,999966697691181; 0,999966697691181; 1; 0; 1; 0
13214; 2; 1; 0; 0,605614911813514; 0,394385088186486; 1; 0; 1; 0
13216; 2; 1; 0; 1; 0; 1; 0; 1; 0
13221; 10; 0; 0; 1; 1; 1; 0; 1; 0
13303; 2; 0; 0; 0,824126442177566; 0,824126442177566; 1; 0; 1; 0
13325; 21; 0; 0; 1; 1; 1; 0; 1; 0
13346; 2; 1; 1; 1; 1; 0; 1; 0; 1
13350; 10; 0; 0; 1; 1; 1; 0; 1; 0
13357; 20; 0; 0; 0,944119526972248; 0,944119526972248; 1; 0; 1; 0
13363; 10; 0; 0; 1; 1; 1; 0; 1; 0
13370; 16; 0; 0; 1; 1; 1; 0; 1; 0
13373; 2; 0; 0; 0,991305305281954; 0,991305305281954; 1; 0; 1; 0
13378; 13; 0; 0; 0,797477740541061; 0,797477740541061; 1; 0; 1; 0
13395; 23; 0; 0; 0,999596741627883; 0,999596741627883; 1; 0; 1; 0
13400; 3; 0; 0; 1; 1; 1; 0; 1; 0
13405; 2; 0; 0; 0,682501153745801; 0,682501153745801; 1; 0; 1; 0
13422; 2; 1; 1; 0,9513235146483; 0,9513235146483; 0; 0; 0,3333415426568; 0,6666584573432
13424; 10; 2; 0; 0,372319194522196; 0,321904058149649; 1; 0; 1; 0
13426; 2; 1; 1; 1; 1; 0; 0; 0,333918879743881; 0,666081120256119
13433; 21; 0; 0; 1; 1; 1; 0; 1; 0
13441; 2; 1; 1; 1; 1; 0; 0; 0,500256624585928; 0,499743375414072
13445; 13; 0; 0; 0,874255251688597; 0,874255251688597; 1; 0; 1; 0
13469; 20; 0; 0; 0,879171166934475; 0,879171166934475; 1; 0; 1; 0
13490; 21; 0; 0; 1; 1; 1; 0; 1; 0
13497; 20; 0; 0; 0,543134385883805; 0,543134385883805; 1; 0; 1; 0
13503; 2; 1; 1; 1; 1; 0; 1; 0; 1
13510; 13; 0; 0; 0,879136842050193; 0,879136842050193; 1; 0; 1; 0
13515; 16; 4; 0; 0,644278585086545; 0; 1; 0; 1; 0
13571; 10; 0; 0; 1; 1; 1; 0; 1; 0
13597; 13; 0; 0; 0,981510349236037; 0,981510349236037; 1; 0; 1; 0
13614; 2; 0; 0; 0,999641578463816; 0,999641578463816; 1; 0; 1; 0
13633; 2; 0; 0; 0,998812537611421; 0,998812537611421; 1; 0; 1; 0
13645; 2; 1; 1; 1; 1; 0; 0; 0,250758534807926; 0,749241465192074
13653; 20; 0; 0; 0,615854627500896; 0,615854627500896; 1; 0; 1; 0
13684; 18; 0; 0; 0,968675333821622; 0,968675333821622; 1; 0; 1; 0
13689; 20; 0; 0; 0,93947128694698; 0,93947128694698; 1; 0; 1; 0
13690; 16; 4; 0; 0,285908971800605; 0; 1; 0; 1; 0
13720; 19; 0; 0; 1; 1; 1; 0; 1; 0
13737; 10; 0; 0; 1; 1; 1; 0; 1; 0
13745; 2; 0; 0; 0,78196522787097; 0,78196522787097; 1; 0; 1; 0
13746; 342; 0; 0; 0,999719527775419; 0,999719527775419; 1; 0; 1; 0
13750; 20; 0; 0; 0,999659628624196; 0,999659628624196; 1; 0; 1; 0
13766; 19; 0; 0; 0,998520026408784; 0,998520026408784; 1; 0; 1; 0
13768; 2; 1; 0; 0,666012632735236; 0,333987367264764; 1; 0; 1; 0
13777; 2; 0; 0; 0,681294267157741; 0,681294267157741; 1; 0; 1; 0
13803; 3; 2; 2; 1; 1; 0; 0; 0,249836158183357; 0,750163841816643
13846; 2; 1; 0; 1; 0; 1; 0; 1; 0
13879; 2; 0; 0; 1; 1; 1; 0; 1; 0
13880; 19; 0; 0; 0,99937541663116; 0,99937541663116; 1; 0; 1; 0
13894; 19; 0; 0; 0,999902329072455; 0,999902329072455; 1; 0; 1; 0
13905; 19; 0; 0; 1; 1; 1; 0; 1; 0
13923; 2; 1; 1; 1; 1; 0; 0; 0,500401160657079; 0,499598839342921
13927; 361; 0; 0; 0,996154325592478; 0,996154325592478; 1; 0; 1; 0
13943; 2; 0; 1; 0,923844381830212; 0,0761556181697881; 0; 1; 0; 1
13951; 19; 0; 0; 1; 1; 1; 0; 1; 0
13985; 10; 0; 0; 1; 1; 1; 0; 1; 0
14020; 10; 0; 0; 0,997478185997984; 0,997478185997984; 1; 0; 1; 0
14022; 19; 2; 0; 1; 0; 1; 0; 1; 0
14029; 10; 3; 0; 0,332328893939815; 0; 1; 0; 1; 0
14032; 10; 0; 0; 0,999805306621351; 0,999805306621351; 1; 0; 1; 0
14071; 2; 1; 1; 1; 1; 0; 0; 0,333918879743881; 0,666081120256119
14072; 2; 0; 0; 1; 1; 1; 0; 1; 0
14079; 18; 0; 0; 1; 1; 1; 0; 1; 0
14080; 10; 0; 0; 1; 1; 1; 0; 1; 0
14104; 10; 0; 0; 1; 1; 1; 0; 1; 0
14108; 2; 0; 0; 0,865787954934671; 0,865787954934671; 1; 0; 1; 0
14112; 3; 0; 0; 1; 1; 1; 0; 1; 0
14126; 19; 0; 0; 0,998140619790723; 0,998140619790723; 1; 0; 1; 0
14128; 16; 0; 0; 1; 1; 1; 0; 1; 0
14139; 18; 0; 0; 1; 1; 1; 0; 1; 0
14143; 20; 1; 0; 0,309212137467853; 0; 1; 0; 1; 0
14195; 10; 0; 0; 1; 1; 1; 0; 1; 0
14201; 16; 0; 0; 1; 1; 1; 0; 1; 0
14214; 3; 2; 1; 0,545134416069182; 0; 0; 0; 0,49981868512858; 0,50018131487142
14218; 20; 0; 0; 1; 1; 1; 0; 1; 0
14219; 19; 0; 0; 1; 1; 1; 0; 1; 0
14225; 20; 0; 0; 1; 1; 1; 0; 1; 0
14247; 160; 0; 0; 1; 1; 1; 0; 1; 0
14256; 10; 1; 2; 0,6786600725308; 0,151725704654716; 0; 0; 0,500337961834107; 0,499662038165893
14291; 22; 0; 0; 0,999335102431051; 0,999335102431051; 1; 0; 1; 0
14305; 2; 0; 0; 0,614929175265475; 0,614929175265475; 1; 0; 1; 0
14311; 2; 1; 1; 0,616873714854108; 0,616873714854108; 0; 0; 0,333430975862548; 0,666569024137453
14324; 2; 0; 0; 0,657475170572123; 0,657475170572123; 1; 0; 1; 0
14326; 2; 1; 1; 1; 1; 0; 0; 0,500238465307494; 0,499761534692506
14332; 2; 0; 1; 0,70587832844345; 0,29412167155655; 0; 0; 0,251037880566943; 0,748962119433057
14333; 16; 0; 0; 1; 1; 1; 0; 1; 0
14347; 16; 0; 0; 1; 1; 1; 0; 1; 0
14350; 2; 0; 0; 1; 1; 1; 0; 1; 0
14365; 19; 0; 0; 0,998441385003003; 0,998441385003003; 1; 0; 1; 0
14370; 19; 0; 0; 0,999712191763208; 0,999712191763208; 1; 0; 1; 0
14371; 11; 2; 0; 1; 0; 1; 0; 1; 0
14383; 19; 0; 0; 1; 1; 1; 0; 1; 0
14390; 23; 0; 2; 0,816907761735652; 0,117737874104834; 0; 1; 0; 1
14431; 3; 0; 2; 0,615340062638004; 0,384659937361996; 0; 1; 0; 1
14444; 19; 0; 0; 1; 1; 1; 0; 1; 0
14445; 10; 0; 0; 1; 1; 1; 0; 1; 0
14451; 10; 0; 0; 1; 1; 1; 0; 1; 0
14457; 19; 0; 0; 1; 1; 1; 0; 1; 0
14463; 20; 0; 0; 0,999962030206769; 0,999962030206769; 1; 0; 1; 0
14468; 3; 0; 1; 1; 0; 0; 0; 0,334175033414952; 0,665824966585048
14477; 2; 0; 1; 0,781204314147403; 0,218795685852597; 0; 0; 0,500215875216579; 0,499784124783421
14491; 16; 0; 0; 1; 1; 1; 0; 1; 0
14495; 10; 0; 0; 1; 1; 1; 0; 1; 0
14508; 10; 0; 0; 1; 1; 1; 0; 1; 0
14524; 19; 0; 0; 1; 1; 1; 0; 1; 0
14535; 20; 0; 0; 0,99522497249443; 0,99522497249443; 1; 0; 1; 0
14539; 19; 0; 0; 1; 1; 1; 0; 1; 0
14545; 10; 0; 0; 0,999988878757917; 0,999988878757917; 1; 0; 1; 0
14555; 2; 0; 1; 0,507241990694199; 0,492758009305801; 0; 0; 0,500256624585928; 0,499743375414072
14562; 2; 1; 1; 0,93410326382111; 0,93410326382111; 0; 1; 0; 1
14569; 2; 0; 0; 0,928027432959544; 0,928027432959544; 1; 0; 1; 0
14573; 2; 1; 0; 0,673674486496452; 0,326325513503548; 1; 0; 1; 0
14576; 10; 0; 2; 0,827362240101463; 0,123528924352159; 0; 0; 0,500296553284424; 0,499703446715576
14586; 2; 0; 1; 0,579593791431506; 0,420406208568494; 0; 0; 0,500296553284424; 0,499703446715576
14618; 16; 0; 0; 1; 1; 1; 0; 1; 0
14632; 19; 0; 0; 1; 1; 1; 0; 1; 0
14634; 2; 0; 0; 0,749436546516333; 0,749436546516333; 1; 0; 1; 0
14643; 20; 0; 0; 0,999973406032769; 0,999973406032769; 1; 0; 1; 0
14649; 10; 0; 0; 1; 1; 1; 0; 1; 0
14650; 2; 0; 0; 1; 1; 1; 0; 1; 0
14656; 10; 2; 2; 1; 1; 0; 0; 0,500296553284424; 0,499703446715576
14664; 10; 0; 0; 1; 1; 1; 0; 1; 0
14665; 20; 0; 0; 0,99999927411463; 0,99999927411463; 1; 0; 1; 0
14674; 10; 0; 0; 1; 1; 1; 0; 1; 0
14677; 20; 0; 0; 0,999814771110726; 0,999814771110726; 1; 0; 1; 0
14681; 10; 2; 0; 1; 0; 1; 0; 1; 0
14682; 20; 0; 0; 1; 1; 1; 0; 1; 0
14712; 2; 0; 0; 0,957972610058044; 0,957972610058044; 1; 0; 1; 0
14719; 19; 0; 0; 0,991530389482983; 0,991530389482983; 1; 0; 1; 0
14724; 160; 0; 0; 1; 1; 1; 0; 1; 0
14795; 2; 0; 0; 0,845437422883913; 0,845437422883913; 1; 0; 1; 0
14803; 2; 1; 1; 0,716890044188466; 0,716890044188466; 0; 1; 0; 1
14811; 16; 0; 1; 0,972554654080055; 0,00716739571736575; 0; 0; 0,666601566673139; 0,333398433326861
14827; 32; 0; 0; 1; 1; 1; 0; 1; 0
14833; 16; 0; 0; 1; 1; 1; 0; 1; 0
14838; 3; 0; 1; 0,466020349197743; 0,28962522811967; 0; 0; 0,499766539309253; 0,500233460690747
14852; 2; 0; 0; 1; 1; 1; 0; 1; 0
14858; 3; 2; 2; 0,457009909724068; 0,457009909724068; 0; 0; 0,249836158183357; 0,750163841816643
14867; 4; 0; 0; 0,680638358739011; 0,680638358739011; 1; 0; 1; 0
14872; 16; 0; 0; 1; 1; 1; 0; 1; 0
14875; 10; 0; 0; 1; 1; 1; 0; 1; 0
14893; 10; 0; 0; 1; 1; 1; 0; 1; 0
14917; 19; 0; 0; 1; 1; 1; 0; 1; 0
14919; 4; 0; 0; 1; 1; 1; 0; 1; 0
14922; 2; 1; 1; 0,637887014703137; 0,637887014703137; 0; 1; 0; 1
14931; 2; 1; 0; 0,500631807843206; 0,499368192156794; 1; 0; 1; 0
14954; 2; 1; 0; 0,547547331996123; 0,452452668003878; 1; 0; 1; 0
14958; 16; 0; 0; 1; 1; 1; 0; 1; 0
14972; 160; 0; 0; 0,542764628001884; 0,542764628001884; 1; 0; 1; 0
14973; 16; 0; 0; 1; 1; 1; 0; 1; 0
14978; 2; 0; 0; 0,573169510519431; 0,573169510519431; 1; 0; 1; 0
14979; 16; 0; 0; 1; 1; 1; 0; 1; 0
14980; 16; 0; 0; 1; 1; 1; 0; 1; 0
14996; 2; 0; 0; 1; 1; 1; 0; 1; 0
14998; 32; 16; 0; 0,836833335931797; 0,163166664068203; 1; 0; 1; 0
15010; 10; 0; 0; 1; 1; 1; 0; 1; 0
15018; 10; 0; 0; 0,999993347322926; 0,999993347322926; 1; 0; 1; 0
15019; 2; 0; 0; 1; 1; 1; 0; 1; 0
15032; 10; 0; 0; 1; 1; 1; 0; 1; 0
15037; 10; 0; 1; 0,743574385829686; 0; 0; 0; 0,249409700779955; 0,750590299220045
15038; 20; 0; 0; 1; 1; 1; 0; 1; 0
15041; 2; 0; 0; 1; 1; 1; 0; 1; 0
15042; 19; 1; 1; 1; 1; 0; 1; 0; 1
15050; 16; 0; 0; 1; 1; 1; 0; 1; 0
15057; 20; 0; 0; 0,999999830035714; 0,999999830035714; 1; 0; 1; 0
15060; 10; 0; 1; 0,744690389745445; 0; 0; 0; 0,249409700779955; 0,750590299220045
15063; 2; 1; 0; 0,729016131814462; 0,270983868185538; 1; 0; 1; 0
15067; 19; 1; 0; 0,562892208466009; 0,159885116306108; 1; 0; 1; 0
15071; 2; 0; 1; 1; 0; 0; 0; 0,332132797202093; 0,667867202797907
15078; 19; 0; 0; 1; 1; 1; 0; 1; 0
15083; 16; 0; 0; 1; 1; 1; 0; 1; 0
15086; 10; 0; 0; 0,997702420165601; 0,997702420165601; 1; 0; 1; 0
15090; 19; 0; 0; 1; 1; 1; 0; 1; 0
15111; 19; 16; 0; 0,0539249683054673; 0,0293505705015878; 1; 0; 1; 0
15115; 16; 0; 0; 1; 1; 1; 0; 1; 0
15127; 2; 0; 0; 1; 1; 1; 0; 1; 0
15134; 20; 0; 0; 1; 1; 1; 0; 1; 0
15142; 13; 0; 0; 1; 1; 1; 0; 1; 0
15144; 2; 0; 0; 1; 1; 1; 0; 1; 0
15148; 10; 0; 0; 1; 1; 1; 0; 1; 0
15165; 10; 0; 0; 1; 1; 1; 0; 1; 0
15166; 16; 0; 0; 0,999841648725533; 0,999841648725533; 1; 0; 1; 0
15174; 10; 1; 2; 1; 0; 0; 0; 0,499743375414072; 0,500256624585928
15182; 21; 0; 0; 0,96410934899108; 0,96410934899108; 1; 0; 1; 0
15185; 10; 0; 0; 1; 1; 1; 0; 1; 0
15187; 16; 0; 0; 1; 1; 1; 0; 1; 0
15194; 2; 0; 1; 1; 0; 0; 0; 0,500256624585928; 0,499743375414072
15213; 20; 0; 0; 0,99983342129685; 0,99983342129685; 1; 0; 1; 0
15216; 10; 0; 0; 1; 1; 1; 0; 1; 0
15217; 2; 0; 1; 0,52514887735943; 0,47485112264057; 0; 0; 0,333430975862548; 0,666569024137453
15224; 2; 0; 0; 1; 1; 1; 0; 1; 0
15254; 2; 0; 0; 1; 1; 1; 0; 1; 0
15272; 19; 0; 0; 1; 1; 1; 0; 1; 0
15281; 2; 1; 1; 0,870049610780821; 0,870049610780821; 0; 0; 0,332972855135825; 0,667027144864175
15283; 11; 0; 0; 1; 1; 1; 0; 1; 0
15284; 23; 0; 0; 1; 1; 1; 0; 1; 0
15286; 16; 0; 0; 1; 1; 1; 0; 1; 0
15287; 2; 0; 0; 1; 1; 1; 0; 1; 0
15288; 20; 0; 0; 1; 1; 1; 0; 1; 0
15295; 20; 0; 0; 1; 1; 1; 0; 1; 0
15299; 23; 0; 0; 0,99999542590118; 0,99999542590118; 1; 0; 1; 0
15302; 32; 0; 0; 1; 1; 1; 0; 1; 0
15311; 19; 0; 0; 1; 1; 1; 0; 1; 0
15317; 2; 0; 0; 1; 1; 1; 0; 1; 0
15325; 10; 1; 1; 0,376791972394146; 0,376791972394146; 0; 0; 0,33232712869403; 0,66767287130597
15339; 10; 0; 0; 1; 1; 1; 0; 1; 0
15385; 16; 0; 0; 1; 1; 1; 0; 1; 0
15393; 10; 1; 0; 1; 0; 1; 0; 1; 0
15394; 2; 1; 0; 0,935024620297132; 0,0649753797028676; 1; 0; 1; 0
15419; 20; 0; 0; 1; 1; 1; 0; 1; 0
15424; 2; 1; 1; 1; 1; 0; 1; 0; 1
15431; 10; 1; 2; 1; 0; 0; 0; 0,499743375414072; 0,500256624585928
15432; 18; 0; 0; 0,999993631217416; 0,999993631217416; 1; 0; 1; 0
15436; 2; 1; 0; 1; 0; 1; 0; 1; 0
15456; 19; 0; 0; 1; 1; 1; 0; 1; 0
15458; 160; 0; 0; 1; 1; 1; 0; 1; 0
15462; 16; 0; 0; 1; 1; 1; 0; 1; 0
15466; 16; 0; 0; 1; 1; 1; 0; 1; 0
15468; 2; 1; 1; 0,697068410468657; 0,697068410468657; 0; 1; 0; 1
15472; 19; 0; 0; 0,877486613417296; 0,877486613417296; 1; 0; 1; 0
15478; 2; 1; 1; 1; 1; 0; 1; 0; 1
15485; 23; 0; 0; 0,999999477569163; 0,999999477569163; 1; 0; 1; 0
15511; 10; 0; 0; 0,982662597886245; 0,982662597886245; 1; 0; 1; 0
15512; 36; 1; 0; 1; 0; 1; 0; 1; 0
15514; 10; 0; 0; 0,969609838413274; 0,969609838413274; 1; 0; 1; 0
15522; 2; 0; 0; 1; 1; 1; 0; 1; 0
15530; 16; 0; 0; 1; 1; 1; 0; 1; 0
15531; 19; 0; 0; 1; 1; 1; 0; 1; 0
15541; 2; 1; 0; 1; 0; 1; 0; 1; 0
15545; 19; 0; 0; 1; 1; 1; 0; 1; 0
15546; 10; 0; 0; 1; 1; 1; 0; 1; 0
15549; 16; 0; 0; 1; 1; 1; 0; 1; 0
15562; 3; 2; 2; 0,458584645576141; 0,458584645576141; 0; 0; 0,249836158183357; 0,750163841816643
15574; 2; 0; 1; 1; 0; 0; 1; 0; 1
15587; 10; 1; 0; 1; 0; 1; 0; 1; 0
15620; 20; 0; 0; 1; 1; 1; 0; 1; 0
15622; 20; 0; 0; 0,93976320578274; 0,93976320578274; 1; 0; 1; 0
15630; 3; 2; 0; 0,460633877942434; 0,289566934575172; 1; 0; 1; 0
15641; 16; 0; 0; 1; 1; 1; 0; 1; 0
15650; 10; 0; 0; 0,991807067856856; 0,991807067856856; 1; 0; 1; 0
15655; 2; 1; 0; 1; 0; 1; 0; 1; 0
15659; 2; 1; 1; 0,660595078533969; 0,660595078533969; 0; 0; 0,499662038165893; 0,500337961834107
15671; 16; 0; 0; 1; 1; 1; 0; 1; 0
15686; 150; 120; 0; 0,10266103937765; 0,0760506456011493; 1; 0; 1; 0
15699; 2; 0; 0; 0,710750521712278; 0,710750521712278; 1; 0; 1; 0
15707; 10; 0; 0; 0,999742391822875; 0,999742391822875; 1; 0; 1; 0
15726; 19; 0; 0; 0,999260580077509; 0,999260580077509; 1; 0; 1; 0
15735; 10; 0; 1; 0,594783218574904; 0,112265976090484; 0; 1; 0; 1
15736; 2; 1; 0; 1; 0; 1; 0; 1; 0
15740; 16; 0; 0; 1; 1; 1; 0; 1; 0
15748; 10; 0; 0; 1; 1; 1; 0; 1; 0
15750; 2; 0; 1; 0,576979168878203; 0,423020831121797; 0; 0; 0,500296553284424; 0,499703446715576
15754; 10; 0; 0; 1; 1; 1; 0; 1; 0
15759; 19; 0; 0; 1; 1; 1; 0; 1; 0
15772; 19; 0; 0; 0,976797849176033; 0,976797849176033; 1; 0; 1; 0
15773; 19; 0; 0; 1; 1; 1; 0; 1; 0
15775; 16; 0; 0; 1; 1; 1; 0; 1; 0
15776; 19; 0; 0; 1; 1; 1; 0; 1; 0
15798; 2; 0; 0; 1; 1; 1; 0; 1; 0
15810; 2; 1; 1; 0,84583312275284; 0,84583312275284; 0; 1; 0; 1
15815; 2; 0; 1; 1; 0; 0; 0; 0,334832981070151; 0,665167018929849
15829; 16; 0; 0; 1; 1; 1; 0; 1; 0
15830; 23; 0; 0; 1; 1; 1; 0; 1; 0
15831; 19; 1; 1; 1; 1; 0; 1; 0; 1
15834; 20; 0; 0; 1; 1; 1; 0; 1; 0
15840; 10; 0; 0; 0,99992080412002; 0,99992080412002; 1; 0; 1; 0
15858; 2; 1; 0; 1; 0; 1; 0; 1; 0
15863; 18; 0; 0; 0,999629759705741; 0,999629759705741; 1; 0; 1; 0
15865; 19; 0; 0; 1; 1; 1; 0; 1; 0
15866; 16; 0; 0; 1; 1; 1; 0; 1; 0
15875; 16; 1; 0; 0,328893999261781; 0,0890111925056325; 1; 0; 1; 0
15912; 19; 0; 0; 1; 1; 1; 0; 1; 0
